path,label,n_spots,has_box,spot_on_mite,object_found
test/videos/2017-09-01_10-54-26/2017-09-01_10-54-26.mp4-bee_id_7741-15-1.png,1,2,True,True,True
test/videos/2017-09-01_10-54-26/2017-09-01_10-54-26.mp4-bee_id_7742-15-1.png,0,1,False,False,True
test/videos/2017-09-01_10-54-26/2017-09-01_10-54-26.mp4-bee_id_7743-390-1.png,1,1,True,True,True
test/videos/2017-09-01_10-54-26/2017-09-01_10-54-26.mp4-bee_id_7744-390-1.png,0,0,False,False,True
test/videos/2017-09-01_10-54-26/2017-09-01_10-54-26.mp4-bee_id_7745-810-1.png,1,0,True,False,True
test/videos/2017-09-01_10-54-26/2017-09-01_10-54-26.mp4-bee_id_7746-810-1.png,0,1,False,False,True
test/videos/2017-09-01_10-54-26/2017-09-01_10-54-26.mp4-bee_id_7750-1470-1.png,0,1,False,False,True
test/videos/2017-09-01_10-54-26/2017-09-01_10-54-26.mp4-bee_id_7751-1500-1.png,0,0,False,False,True
test/videos/2017-09-01_10-54-26/2017-09-01_10-54-26.mp4-bee_id_7752-1560-1.png,0,1,False,False,True
test/videos/2017-09-01_10-54-26/2017-09-01_10-54-26.mp4-bee_id_7753-1875-1.png,0,1,False,False,True
test/videos/2017-09-01_10-54-26/2017-09-01_10-54-26.mp4-bee_id_7754-2355-1.png,0,0,False,False,True
test/videos/2017-09-01_10-54-26/2017-09-01_10-54-26.mp4-bee_id_7755-2385-1.png,1,0,True,False,True
test/videos/2017-09-01_10-54-26/2017-09-01_10-54-26.mp4-bee_id_7758-3120-1.png,0,1,False,False,True
test/videos/2017-09-01_10-54-26/2017-09-01_10-54-26.mp4-bee_id_7759-3135-1.png,0,0,False,False,True
test/videos/2017-09-01_10-54-26/2017-09-01_10-54-26.mp4-bee_id_7760-3330-1.png,0,0,False,False,True
test/videos/2017-09-01_10-54-26/2017-09-01_10-54-26.mp4-bee_id_7761-3345-1.png,1,1,True,False,True
test/videos/2017-09-01_10-54-26/2017-09-01_10-54-26.mp4-bee_id_7763-3810-1.png,0,0,False,False,True
test/videos/2017-09-01_10-54-26/2017-09-01_10-54-26.mp4-bee_id_7764-4320-1.png,1,1,True,True,True
test/videos/2017-09-01_10-54-26/2017-09-01_10-54-26.mp4-bee_id_7765-4575-1.png,0,0,False,False,True
test/videos/2017-09-01_10-54-26/2017-09-01_10-54-26.mp4-bee_id_7766-4590-1.png,0,0,False,False,True
test/videos/2017-09-01_10-54-26/2017-09-01_10-54-26.mp4-bee_id_7767-4845-1.png,1,1,True,False,True
test/videos/2017-09-01_10-54-26/2017-09-01_10-54-26.mp4-bee_id_7768-4950-1.png,0,2,False,False,True
test/videos/2017-09-01_10-54-26/2017-09-01_10-54-26.mp4-bee_id_7772-5265-1.png,0,0,False,False,True
test/videos/2017-09-01_10-54-26/2017-09-01_10-54-26.mp4-bee_id_7773-5280-1.png,0,0,False,False,True
test/videos/2017-09-01_10-54-26/2017-09-01_10-54-26.mp4-bee_id_7774-5295-1.png,0,0,False,False,True
test/videos/2017-09-01_10-54-26/2017-09-01_10-54-26.mp4-bee_id_7775-5310-1.png,0,0,False,False,True
test/videos/2017-09-01_10-54-26/2017-09-01_10-54-26.mp4-bee_id_7776-5445-1.png,0,2,False,False,True
test/videos/2017-09-01_10-54-26/2017-09-01_10-54-26.mp4-bee_id_7777-5520-1.png,0,1,False,False,True
test/videos/2017-09-01_10-54-26/2017-09-01_10-54-26.mp4-bee_id_7778-5700-1.png,0,0,False,False,True
test/videos/2017-09-01_10-54-26/2017-09-01_10-54-26.mp4-bee_id_7779-6225-1.png,0,0,False,False,True
test/videos/2017-09-01_10-54-26/2017-09-01_10-54-26.mp4-bee_id_7780-6270-1.png,1,0,True,False,True
test/videos/2017-09-01_10-54-26/2017-09-01_10-54-26.mp4-bee_id_7781-6285-1.png,0,0,False,False,True
test/videos/2017-09-01_10-54-26/2017-09-01_10-54-26.mp4-bee_id_7782-6345-1.png,1,0,True,False,True
test/videos/2017-09-01_10-54-26/2017-09-01_10-54-26.mp4-bee_id_7783-6360-1.png,0,0,False,False,True
test/videos/2017-09-01_10-54-26/2017-09-01_10-54-26.mp4-bee_id_7784-6420-1.png,0,1,False,False,True
test/videos/2017-09-01_10-54-26/2017-09-01_10-54-26.mp4-bee_id_7785-7005-1.png,1,3,True,False,True
test/videos/2017-09-01_10-54-26/2017-09-01_10-54-26.mp4-bee_id_7789-7620-1.png,1,0,True,False,True
test/videos/2017-09-01_10-54-26/2017-09-01_10-54-26.mp4-bee_id_7792-7725-1.png,0,0,False,False,True
test/videos/2017-09-01_10-54-26/2017-09-01_10-54-26.mp4-bee_id_7793-7965-1.png,0,0,False,False,True
test/videos/2017-09-01_10-54-26/2017-09-01_10-54-26.mp4-bee_id_7794-7980-1.png,0,1,False,False,True
test/videos/2017-09-01_10-54-26/2017-09-01_10-54-26.mp4-bee_id_7795-7995-1.png,0,0,False,False,True
test/videos/2017-09-01_10-54-26/2017-09-01_10-54-26.mp4-bee_id_7796-8040-1.png,0,1,False,False,True
test/videos/2017-09-01_10-54-26/2017-09-01_10-54-26.mp4-bee_id_7797-8130-1.png,0,0,False,False,True
test/videos/2017-09-01_10-54-26/2017-09-01_10-54-26.mp4-bee_id_7798-8145-1.png,0,0,False,False,True
test/videos/2017-09-01_10-54-26/2017-09-01_10-54-26.mp4-bee_id_7799-8160-1.png,0,0,False,False,True
test/videos/2017-09-01_10-54-26/2017-09-01_10-54-26.mp4-bee_id_7800-8205-1.png,0,0,False,False,True
test/videos/2017-09-01_10-54-26/2017-09-01_10-54-26.mp4-bee_id_7801-8355-1.png,0,0,False,False,True
test/videos/2017-09-01_10-54-26/2017-09-01_10-54-26.mp4-bee_id_7802-8430-1.png,1,1,True,True,True
test/videos/2017-09-01_10-54-26/2017-09-01_10-54-26.mp4-bee_id_7803-8445-1.png,0,0,False,False,True
test/videos/2017-09-01_10-54-26/2017-09-01_10-54-26.mp4-bee_id_7804-8475-1.png,0,0,False,False,True
test/videos/2017-09-01_10-54-26/2017-09-01_10-54-26.mp4-bee_id_7805-8535-1.png,0,0,False,False,True
test/videos/2017-09-01_10-54-26/2017-09-01_10-54-26.mp4-bee_id_7806-8640-1.png,1,2,True,True,True
test/videos/2017-09-01_10-54-26/2017-09-01_10-54-26.mp4-bee_id_7808-8850-1.png,0,0,False,False,True
test/videos/2017-09-01_10-54-26/2017-09-01_10-54-26.mp4-bee_id_7809-8865-1.png,0,0,False,False,True
test/videos/2017-09-01_10-54-26/2017-09-01_10-54-26.mp4-bee_id_7810-8955-1.png,1,2,True,False,True
test/videos/2017-09-01_10-54-26/2017-09-01_10-54-26.mp4-bee_id_7811-9165-1.png,0,0,False,False,True
test/videos/2017-09-01_10-54-26/2017-09-01_10-54-26.mp4-bee_id_7812-9480-1.png,0,0,False,False,True
test/videos/2017-09-01_10-54-26/2017-09-01_10-54-26.mp4-bee_id_7813-9495-1.png,1,0,True,False,True
test/videos/2017-09-01_10-54-26/2017-09-01_10-54-26.mp4-bee_id_7815-9555-1.png,0,0,False,False,True
test/videos/2017-09-01_10-54-26/2017-09-01_10-54-26.mp4-bee_id_7816-9570-1.png,0,0,False,False,True
test/videos/2017-09-01_10-54-26/2017-09-01_10-54-26.mp4-bee_id_7818-9660-1.png,0,0,False,False,True
test/videos/2017-09-01_10-54-26/2017-09-01_10-54-26.mp4-bee_id_7819-9675-1.png,1,0,True,False,True
test/videos/2017-09-01_10-54-26/2017-09-01_10-54-26.mp4-bee_id_7820-9945-1.png,0,0,False,False,True
test/videos/2017-09-01_10-54-26/2017-09-01_10-54-26.mp4-bee_id_7821-10230-1.png,0,0,False,False,True
test/videos/2017-09-01_10-54-26/2017-09-01_10-54-26.mp4-bee_id_7822-10530-1.png,0,2,False,False,True
test/videos/2017-09-01_10-54-26/2017-09-01_10-54-26.mp4-bee_id_7823-10545-1.png,0,1,False,False,True
test/videos/2017-09-01_10-54-26/2017-09-01_10-54-26.mp4-bee_id_7824-10605-1.png,0,1,False,False,True
test/videos/2017-09-01_10-54-26/2017-09-01_10-54-26.mp4-bee_id_7825-10620-1.png,0,2,False,False,True
test/videos/2017-09-01_10-54-26/2017-09-01_10-54-26.mp4-bee_id_7826-10770-1.png,0,0,False,False,True
test/videos/2017-09-01_10-54-26/2017-09-01_10-54-26.mp4-bee_id_7827-10785-1.png,0,0,False,False,True
test/videos/2017-09-01_10-54-26/2017-09-01_10-54-26.mp4-bee_id_7829-11130-1.png,1,0,True,False,True
test/videos/2017-09-01_10-54-26/2017-09-01_10-54-26.mp4-bee_id_7830-11130-1.png,0,0,False,False,True
test/videos/2017-09-01_10-54-26/2017-09-01_10-54-26.mp4-bee_id_7831-11145-1.png,0,0,False,False,True
test/videos/2017-09-01_10-54-26/2017-09-01_10-54-26.mp4-bee_id_7832-11175-1.png,1,1,True,False,True
test/videos/2017-09-01_10-54-26/2017-09-01_10-54-26.mp4-bee_id_7834-11340-1.png,0,0,False,False,True
test/videos/2017-09-01_10-54-26/2017-09-01_10-54-26.mp4-bee_id_7840-11745-1.png,0,0,False,False,True
test/videos/2017-09-01_10-54-26/2017-09-01_10-54-26.mp4-bee_id_7841-11850-1.png,0,0,False,False,True
test/videos/2017-09-01_10-54-26/2017-09-01_10-54-26.mp4-bee_id_7842-11865-1.png,0,0,False,False,True
test/videos/2017-09-01_10-54-26/2017-09-01_10-54-26.mp4-bee_id_7843-11880-1.png,0,0,False,False,True
test/videos/2017-09-01_10-54-26/2017-09-01_10-54-26.mp4-bee_id_7844-11910-1.png,0,0,False,False,True
test/videos/2017-09-01_10-54-26/2017-09-01_10-54-26.mp4-bee_id_7845-11925-1.png,0,0,False,False,True
test/videos/2017-09-01_10-54-26/2017-09-01_10-54-26.mp4-bee_id_7846-11940-1.png,0,0,False,False,True
test/videos/2017-09-01_10-54-26/2017-09-01_10-54-26.mp4-bee_id_7847-11955-1.png,0,2,False,False,True
test/videos/2017-09-01_10-54-26/2017-09-01_10-54-26.mp4-bee_id_7848-12135-1.png,0,0,False,False,True
test/videos/2017-09-01_10-54-26/2017-09-01_10-54-26.mp4-bee_id_7849-12150-1.png,0,0,False,False,True
test/videos/2017-09-01_10-54-26/2017-09-01_10-54-26.mp4-bee_id_7850-12315-1.png,0,0,False,False,True
test/videos/2017-09-01_10-54-26/2017-09-01_10-54-26.mp4-bee_id_7851-12375-1.png,0,2,False,False,True
test/videos/2017-09-01_10-54-26/2017-09-01_10-54-26.mp4-bee_id_7852-12435-1.png,0,2,False,False,True
test/videos/2017-09-01_10-54-26/2017-09-01_10-54-26.mp4-bee_id_7853-13095-1.png,1,2,True,True,True
test/videos/2017-09-01_10-54-26/2017-09-01_10-54-26.mp4-bee_id_7854-13365-1.png,0,0,False,False,True
test/videos/2017-09-01_10-54-26/2017-09-01_10-54-26.mp4-bee_id_7855-13425-1.png,1,0,True,False,True
test/videos/2017-09-01_10-54-26/2017-09-01_10-54-26.mp4-bee_id_7856-13635-1.png,0,0,False,False,True
test/videos/2017-09-01_10-54-26/2017-09-01_10-54-26.mp4-bee_id_7857-13635-1.png,0,0,False,False,True
test/videos/2017-09-01_10-54-26/2017-09-01_10-54-26.mp4-bee_id_7858-13665-1.png,0,0,False,False,True
test/videos/2017-09-01_10-54-26/2017-09-01_10-54-26.mp4-bee_id_7861-13860-1.png,0,0,False,False,True
test/videos/2017-09-01_10-54-26/2017-09-01_10-54-26.mp4-bee_id_7862-13875-1.png,0,1,False,False,True
test/videos/2017-09-01_10-54-26/2017-09-01_10-54-26.mp4-bee_id_7863-14700-1.png,0,0,False,False,True
test/videos/2017-09-01_10-54-26/2017-09-01_10-54-26.mp4-bee_id_7864-14715-1.png,0,0,False,False,True
test/videos/2017-09-01_10-54-26/2017-09-01_10-54-26.mp4-bee_id_7865-15000-1.png,0,0,False,False,True
test/videos/2017-09-01_10-54-26/2017-09-01_10-54-26.mp4-bee_id_7866-15015-1.png,0,1,False,False,True
test/videos/2017-09-01_10-54-26/2017-09-01_10-54-26.mp4-bee_id_7867-15030-1.png,0,0,False,False,True
test/videos/2017-09-01_10-54-26/2017-09-01_10-54-26.mp4-bee_id_7868-15045-1.png,0,0,False,False,True
test/videos/2017-09-01_10-54-26/2017-09-01_10-54-26.mp4-bee_id_7870-15075-1.png,0,0,False,False,True
test/videos/2017-09-01_10-54-26/2017-09-01_10-54-26.mp4-bee_id_7871-15090-1.png,0,0,False,False,True
test/videos/2017-09-01_10-54-26/2017-09-01_10-54-26.mp4-bee_id_7872-15180-1.png,1,1,True,False,True
test/videos/2017-09-01_10-54-26/2017-09-01_10-54-26.mp4-bee_id_7873-15390-1.png,1,1,True,True,True
test/videos/2017-09-01_10-54-26/2017-09-01_10-54-26.mp4-bee_id_7874-15435-1.png,0,0,False,False,True
test/videos/2017-09-01_10-54-26/2017-09-01_10-54-26.mp4-bee_id_7875-15570-1.png,1,0,True,False,True
test/videos/2017-09-01_10-54-26/2017-09-01_10-54-26.mp4-bee_id_7876-15585-1.png,0,0,False,False,True
test/videos/2017-09-01_10-54-26/2017-09-01_10-54-26.mp4-bee_id_7877-15975-1.png,0,0,False,False,True
test/videos/2017-09-01_10-54-26/2017-09-01_10-54-26.mp4-bee_id_7880-18390-1.png,1,0,True,False,True
test/videos/2017-09-01_10-54-26/2017-09-01_10-54-26.mp4-bee_id_7881-18540-1.png,1,1,True,True,True
test/videos/2017-09-01_10-54-26/2017-09-01_10-54-26.mp4-bee_id_7882-19035-1.png,0,0,False,False,True
test/videos/2017-09-01_10-54-26/2017-09-01_10-54-26.mp4-bee_id_7883-21345-1.png,1,0,True,False,True
test/videos/2017-09-01_10-54-26/2017-09-01_10-54-26.mp4-bee_id_7884-22335-1.png,0,0,False,False,True
test/videos/2017-09-01_10-54-26/2017-09-01_10-54-26.mp4-bee_id_7885-22425-1.png,0,1,False,False,True
test/videos/2017-09-01_10-54-26/2017-09-01_10-54-26.mp4-bee_id_7886-22785-1.png,0,1,False,False,True
test/videos/2017-09-01_10-54-26/2017-09-01_10-54-26.mp4-bee_id_7888-22965-1.png,1,1,True,True,True
test/videos/2017-09-01_10-54-26/2017-09-01_10-54-26.mp4-bee_id_7889-23010-1.png,1,0,True,False,True
test/videos/2017-09-01_10-54-26/2017-09-01_10-54-26.mp4-bee_id_7890-23025-1.png,1,0,True,False,True
test/videos/2017-09-01_10-54-26/2017-09-01_10-54-26.mp4-bee_id_7891-23115-1.png,1,2,True,False,True
test/videos/2017-09-01_10-54-26/2017-09-01_10-54-26.mp4-bee_id_7892-23265-1.png,0,1,False,False,True
test/videos/2017-09-01_10-54-26/2017-09-01_10-54-26.mp4-bee_id_7893-23385-1.png,1,2,True,True,True
test/videos/2017-09-01_10-54-26/2017-09-01_10-54-26.mp4-bee_id_7894-23490-1.png,1,0,True,False,True
test/videos/2017-09-01_10-54-26/2017-09-01_10-54-26.mp4-bee_id_7895-23715-1.png,1,1,True,False,True
test/videos/2017-09-01_10-54-26/2017-09-01_10-54-26.mp4-bee_id_7896-24090-1.png,1,2,True,True,True
test/videos/2017-09-01_10-54-26/2017-09-01_10-54-26.mp4-bee_id_7897-24135-1.png,1,1,True,True,True
test/videos/2017-09-01_10-54-26/2017-09-01_10-54-26.mp4-bee_id_7899-24255-1.png,0,1,False,False,True
test/videos/2017-09-01_10-54-26/2017-09-01_10-54-26.mp4-bee_id_7900-24300-1.png,0,0,False,False,True
test/videos/2017-09-01_10-54-26/2017-09-01_10-54-26.mp4-bee_id_7902-24375-1.png,1,0,True,False,True
test/videos/2017-09-01_10-54-26/2017-09-01_10-54-26.mp4-bee_id_7903-24375-1.png,0,0,False,False,True
test/videos/2017-09-01_10-54-26/2017-09-01_10-54-26.mp4-bee_id_7904-24525-1.png,1,1,True,True,True
test/videos/2017-09-01_10-54-26/2017-09-01_10-54-26.mp4-bee_id_7905-24600-1.png,0,2,False,False,True
test/videos/2017-09-01_10-54-26/2017-09-01_10-54-26.mp4-bee_id_7907-24645-1.png,1,1,True,True,True
test/videos/2017-09-01_10-54-26/2017-09-01_10-54-26.mp4-bee_id_7908-24795-1.png,0,0,False,False,True
test/videos/2017-09-01_10-54-26/2017-09-01_10-54-26.mp4-bee_id_7909-24795-1.png,0,0,False,False,True
test/videos/2017-09-01_10-54-26/2017-09-01_10-54-26.mp4-bee_id_7910-24855-1.png,1,1,True,True,True
test/videos/2017-09-01_10-54-26/2017-09-01_10-54-26.mp4-bee_id_7911-25035-1.png,1,2,True,True,True
test/videos/2017-09-01_10-54-26/2017-09-01_10-54-26.mp4-bee_id_7912-25140-1.png,1,2,True,True,True
test/videos/2017-09-01_10-54-26/2017-09-01_10-54-26.mp4-bee_id_7913-25245-1.png,1,1,True,False,True
test/videos/2017-09-01_10-54-26/2017-09-01_10-54-26.mp4-bee_id_7916-25500-1.png,0,2,False,False,True
test/videos/2017-09-01_10-54-26/2017-09-01_10-54-26.mp4-bee_id_7918-25515-1.png,1,1,True,True,True
test/videos/2017-09-01_10-54-26/2017-09-01_10-54-26.mp4-bee_id_7919-25530-1.png,1,2,True,True,True
test/videos/2017-09-01_10-54-26/2017-09-01_10-54-26.mp4-bee_id_7922-25950-1.png,1,0,True,False,True
test/videos/2017-09-01_10-54-26/2017-09-01_10-54-26.mp4-bee_id_7923-25965-1.png,1,0,True,False,True
test/videos/2017-09-01_10-54-26/2017-09-01_10-54-26.mp4-bee_id_7924-25980-1.png,0,2,False,False,True
test/videos/2017-09-01_10-54-26/2017-09-01_10-54-26.mp4-bee_id_7925-25980-1.png,1,1,True,True,True
test/videos/2017-09-01_10-54-26/2017-09-01_10-54-26.mp4-bee_id_7926-26010-1.png,1,0,True,False,True
test/videos/2017-09-01_10-54-26/2017-09-01_10-54-26.mp4-bee_id_7928-26040-1.png,1,0,True,False,True
test/videos/2017-09-01_10-54-26/2017-09-01_10-54-26.mp4-bee_id_7929-26055-1.png,1,1,True,True,True
test/videos/2017-09-01_10-54-26/2017-09-01_10-54-26.mp4-bee_id_7930-26100-1.png,1,0,True,False,True
test/videos/2017-09-01_10-54-26/2017-09-01_10-54-26.mp4-bee_id_7931-26115-1.png,0,1,False,False,True
test/videos/2017-09-01_10-54-26/2017-09-01_10-54-26.mp4-bee_id_7932-26145-1.png,0,1,False,False,True
test/videos/2017-09-01_10-54-26/2017-09-01_10-54-26.mp4-bee_id_7934-26265-1.png,0,0,False,False,True
test/videos/2017-09-01_10-54-26/2017-09-01_10-54-26.mp4-bee_id_7935-26280-1.png,1,2,True,False,True
test/videos/2017-09-01_10-54-26/2017-09-01_10-54-26.mp4-bee_id_7936-26325-1.png,1,0,True,False,True
test/videos/2017-09-01_10-54-26/2017-09-01_10-54-26.mp4-bee_id_7937-26340-1.png,0,0,False,False,True
test/videos/2017-09-01_10-54-26/2017-09-01_10-54-26.mp4-bee_id_7938-26415-1.png,1,0,True,False,True
test/videos/2017-09-01_10-54-26/2017-09-01_10-54-26.mp4-bee_id_7939-26415-1.png,0,2,False,False,True
test/videos/2017-09-01_10-54-26/2017-09-01_10-54-26.mp4-bee_id_7940-26775-1.png,1,1,True,False,True
test/videos/2017-09-01_10-54-26/2017-09-01_10-54-26.mp4-bee_id_7941-26970-1.png,0,0,False,False,True
test/videos/2017-09-01_10-54-26/2017-09-01_10-54-26.mp4-bee_id_7942-27255-1.png,0,1,False,False,True
test/videos/2017-09-01_10-54-26/2017-09-01_10-54-26.mp4-bee_id_7943-27300-1.png,0,2,False,False,True
test/videos/2017-09-01_10-54-26/2017-09-01_10-54-26.mp4-bee_id_7944-27345-1.png,0,1,False,False,True
test/videos/2017-09-01_10-54-26/2017-09-01_10-54-26.mp4-bee_id_7945-27390-1.png,0,2,False,False,True
test/videos/2017-09-01_10-54-26/2017-09-01_10-54-26.mp4-bee_id_7946-27420-1.png,0,1,False,False,True
test/videos/2017-09-01_10-54-26/2017-09-01_10-54-26.mp4-bee_id_7947-27540-1.png,0,1,False,False,True
test/videos/2017-09-01_10-54-26/2017-09-01_10-54-26.mp4-bee_id_7948-27630-1.png,0,1,False,False,True
test/videos/2017-09-01_10-54-26/2017-09-01_10-54-26.mp4-bee_id_7949-27645-1.png,0,2,False,False,True
test/videos/2017-09-01_10-54-26/2017-09-01_10-54-26.mp4-bee_id_7950-27660-1.png,0,0,False,False,True
test/videos/2017-09-01_10-54-26/2017-09-01_10-54-26.mp4-bee_id_7951-27705-1.png,1,1,True,False,True
test/videos/2017-09-01_10-54-26/2017-09-01_10-54-26.mp4-bee_id_7952-27720-1.png,0,0,False,False,True
test/videos/2017-09-01_10-54-26/2017-09-01_10-54-26.mp4-bee_id_7953-27735-1.png,0,1,False,False,True
test/videos/2017-09-01_10-54-26/2017-09-01_10-54-26.mp4-bee_id_7954-27765-1.png,0,0,False,False,True
test/videos/2017-09-01_10-54-26/2017-09-01_10-54-26.mp4-bee_id_7955-27870-1.png,0,1,False,False,True
test/videos/2017-09-01_10-54-26/2017-09-01_10-54-26.mp4-bee_id_7956-27885-1.png,0,1,False,False,True
test/videos/2017-09-01_10-54-26/2017-09-01_10-54-26.mp4-bee_id_7957-27900-1.png,0,0,False,False,True
test/videos/2017-09-01_10-54-26/2017-09-01_10-54-26.mp4-bee_id_7958-27915-1.png,0,0,False,False,True
test/videos/2017-09-01_10-54-26/2017-09-01_10-54-26.mp4-bee_id_7959-28020-1.png,0,0,False,False,True
test/videos/2017-09-01_10-54-26/2017-09-01_10-54-26.mp4-bee_id_7960-28245-1.png,1,1,True,False,True
test/videos/2017-09-01_10-54-26/2017-09-01_10-54-26.mp4-bee_id_7961-28260-1.png,0,1,False,False,True
test/videos/2017-09-01_10-54-26/2017-09-01_10-54-26.mp4-bee_id_7962-28275-1.png,0,2,False,False,True
test/videos/2017-09-01_10-54-26/2017-09-01_10-54-26.mp4-bee_id_7963-28305-1.png,0,0,False,False,True
test/videos/2017-09-01_10-54-26/2017-09-01_10-54-26.mp4-bee_id_7964-28320-1.png,0,1,False,False,True
test/videos/2017-09-01_10-54-26/2017-09-01_10-54-26.mp4-bee_id_7965-28320-1.png,0,1,False,False,True
test/videos/2017-09-01_10-54-26/2017-09-01_10-54-26.mp4-bee_id_7966-28590-1.png,0,0,False,False,True
test/videos/2017-09-01_10-54-26/2017-09-01_10-54-26.mp4-bee_id_7968-28650-1.png,0,1,False,False,True
test/videos/2017-09-01_10-54-26/2017-09-01_10-54-26.mp4-bee_id_7971-28800-1.png,0,1,False,False,True
test/videos/2017-09-01_10-54-26/2017-09-01_10-54-26.mp4-bee_id_7973-28905-1.png,0,0,False,False,True
test/videos/2017-09-01_10-54-26/2017-09-01_10-54-26.mp4-bee_id_7974-28935-1.png,0,1,False,False,True
test/videos/2017-09-01_10-54-26/2017-09-01_10-54-26.mp4-bee_id_7975-28965-1.png,1,1,True,True,True
test/videos/2017-09-01_10-54-26/2017-09-01_10-54-26.mp4-bee_id_7976-29430-1.png,1,2,True,False,True
test/videos/2017-09-01_10-54-26/2017-09-01_10-54-26.mp4-bee_id_7977-29640-1.png,0,0,False,False,True
test/videos/2017-09-01_10-54-26/2017-09-01_10-54-26.mp4-bee_id_7978-29655-1.png,0,1,False,False,True
test/videos/2017-09-01_10-54-26/2017-09-01_10-54-26.mp4-bee_id_7979-29685-1.png,0,0,False,False,True
test/videos/2017-09-01_10-54-26/2017-09-01_10-54-26.mp4-bee_id_7980-29850-1.png,1,1,True,True,True
test/videos/2017-09-01_10-54-26/2017-09-01_10-54-26.mp4-bee_id_7981-29865-1.png,0,0,False,False,True
test/videos/2017-09-01_10-54-26/2017-09-01_10-54-26.mp4-bee_id_7982-29880-1.png,1,2,True,True,True
test/videos/2017-09-01_10-54-26/2017-09-01_10-54-26.mp4-bee_id_7983-29955-1.png,1,0,True,False,True
test/videos/2017-09-01_10-54-26/2017-09-01_10-54-26.mp4-bee_id_7984-29970-1.png,0,0,False,False,True
test/videos/2017-09-01_10-54-26/2017-09-01_10-54-26.mp4-bee_id_7985-30030-1.png,1,1,True,True,True
test/videos/2017-09-01_10-54-26/2017-09-01_10-54-26.mp4-bee_id_7986-30045-1.png,1,0,True,False,True
test/videos/2017-09-01_10-54-26/2017-09-01_10-54-26.mp4-bee_id_7987-30060-1.png,1,1,True,True,True
test/videos/2017-09-01_10-54-26/2017-09-01_10-54-26.mp4-bee_id_7988-30285-1.png,1,0,True,False,True
test/videos/2017-09-01_10-54-26/2017-09-01_10-54-26.mp4-bee_id_7989-30315-1.png,1,0,True,False,True
test/videos/2017-09-01_10-54-26/2017-09-01_10-54-26.mp4-bee_id_7990-30390-1.png,1,1,True,True,True
test/videos/2017-09-01_10-54-26/2017-09-01_10-54-26.mp4-bee_id_7991-30450-1.png,1,1,True,True,True
test/videos/2017-09-01_10-54-26/2017-09-01_10-54-26.mp4-bee_id_7992-30465-1.png,1,1,True,True,True
test/videos/2017-09-01_10-54-26/2017-09-01_10-54-26.mp4-bee_id_7993-30510-1.png,1,0,True,False,True
test/videos/2017-09-01_10-54-26/2017-09-01_10-54-26.mp4-bee_id_7994-30555-1.png,1,0,True,False,True
test/videos/2017-09-01_10-54-26/2017-09-01_10-54-26.mp4-bee_id_7995-30585-1.png,1,1,True,True,True
test/videos/2017-09-01_10-54-26/2017-09-01_10-54-26.mp4-bee_id_7996-30615-1.png,1,1,True,True,True
test/videos/2017-09-01_10-54-26/2017-09-01_10-54-26.mp4-bee_id_7997-30720-1.png,1,1,True,True,True
test/videos/2017-09-01_10-54-26/2017-09-01_10-54-26.mp4-bee_id_7998-30795-1.png,1,1,True,False,True
test/videos/2017-09-01_10-54-26/2017-09-01_10-54-26.mp4-bee_id_7999-30810-1.png,1,1,True,True,True
test/videos/2017-09-01_10-54-26/2017-09-01_10-54-26.mp4-bee_id_8000-30840-1.png,1,2,True,False,True
test/videos/2017-09-01_10-54-26/2017-09-01_10-54-26.mp4-bee_id_8001-30855-1.png,1,2,True,True,True
test/videos/2017-09-01_10-54-26/2017-09-01_10-54-26.mp4-bee_id_8002-30870-1.png,1,1,True,True,True
test/videos/2017-09-01_10-54-26/2017-09-01_10-54-26.mp4-bee_id_8003-30885-1.png,1,1,True,True,True
test/videos/2017-09-01_10-54-26/2017-09-01_10-54-26.mp4-bee_id_8004-31035-1.png,0,1,False,False,True
test/videos/2017-09-01_10-54-26/2017-09-01_10-54-26.mp4-bee_id_8005-31050-1.png,0,0,False,False,True
test/videos/2017-09-01_10-54-26/2017-09-01_10-54-26.mp4-bee_id_8006-31065-1.png,0,1,False,False,True
test/videos/2017-09-01_10-54-26/2017-09-01_10-54-26.mp4-bee_id_8007-31065-1.png,1,0,True,False,True
test/videos/2017-09-01_10-54-26/2017-09-01_10-54-26.mp4-bee_id_8008-31110-1.png,1,2,True,True,True
test/videos/2017-09-01_10-54-26/2017-09-01_10-54-26.mp4-bee_id_8009-31350-1.png,0,0,False,False,True
test/videos/2017-09-01_10-54-26/2017-09-01_10-54-26.mp4-bee_id_8012-31395-1.png,1,2,True,True,True
test/videos/2017-09-01_10-54-26/2017-09-01_10-54-26.mp4-bee_id_8013-31395-1.png,1,0,True,False,True
test/videos/2017-09-01_10-54-26/2017-09-01_10-54-26.mp4-bee_id_8014-31410-1.png,1,3,True,False,True
test/videos/2017-09-01_10-54-26/2017-09-01_10-54-26.mp4-bee_id_8015-31410-1.png,1,0,True,False,True
test/videos/2017-09-01_10-54-26/2017-09-01_10-54-26.mp4-bee_id_8016-31425-1.png,1,0,True,False,True
test/videos/2017-09-01_10-54-26/2017-09-01_10-54-26.mp4-bee_id_8017-31440-1.png,1,1,True,True,True
test/videos/2017-09-01_10-54-26/2017-09-01_10-54-26.mp4-bee_id_8018-31575-1.png,1,1,True,True,True
test/videos/2017-09-01_10-54-26/2017-09-01_10-54-26.mp4-bee_id_8019-31680-1.png,1,2,True,True,True
test/videos/2017-09-01_10-54-26/2017-09-01_10-54-26.mp4-bee_id_8020-31755-1.png,1,2,True,True,True
test/videos/2017-09-01_10-54-26/2017-09-01_10-54-26.mp4-bee_id_8021-31830-1.png,1,2,True,True,True
test/videos/2017-09-01_10-54-26/2017-09-01_10-54-26.mp4-bee_id_8022-31890-1.png,1,2,True,True,True
test/videos/2017-09-01_10-54-26/2017-09-01_10-54-26.mp4-bee_id_8024-32130-1.png,1,0,True,False,True
test/videos/2017-09-01_10-54-26/2017-09-01_10-54-26.mp4-bee_id_8025-32265-1.png,1,2,True,True,True
test/videos/2017-09-01_10-54-26/2017-09-01_10-54-26.mp4-bee_id_8026-32265-1.png,0,1,False,False,True
test/videos/2017-09-01_10-54-26/2017-09-01_10-54-26.mp4-bee_id_8027-32325-1.png,0,0,False,False,True
test/videos/2017-09-01_10-54-26/2017-09-01_10-54-26.mp4-bee_id_8028-32325-1.png,1,0,True,False,True
test/videos/2017-09-01_10-54-26/2017-09-01_10-54-26.mp4-bee_id_8029-32355-1.png,0,1,False,False,True
test/videos/2017-09-01_10-54-26/2017-09-01_10-54-26.mp4-bee_id_8030-32385-1.png,0,0,False,False,True
test/videos/2017-09-01_10-54-26/2017-09-01_10-54-26.mp4-bee_id_8031-32505-1.png,1,3,True,True,True
test/videos/2017-09-01_10-54-26/2017-09-01_10-54-26.mp4-bee_id_8032-32580-1.png,0,0,False,False,True
test/videos/2017-09-01_10-54-26/2017-09-01_10-54-26.mp4-bee_id_8033-32610-1.png,0,0,False,False,True
test/videos/2017-09-01_10-54-26/2017-09-01_10-54-26.mp4-bee_id_8034-32625-1.png,0,0,False,False,True
test/videos/2017-09-01_10-54-26/2017-09-01_10-54-26.mp4-bee_id_8035-32640-1.png,0,0,False,False,True
test/videos/2017-09-01_10-54-26/2017-09-01_10-54-26.mp4-bee_id_8036-32700-1.png,0,1,False,False,True
test/videos/2017-09-01_10-54-26/2017-09-01_10-54-26.mp4-bee_id_8037-32730-1.png,1,1,True,True,True
test/videos/2017-09-01_10-54-26/2017-09-01_10-54-26.mp4-bee_id_8038-32760-1.png,0,0,False,False,True
test/videos/2017-09-01_10-54-26/2017-09-01_10-54-26.mp4-bee_id_8039-32760-1.png,1,2,True,True,True
test/videos/2017-09-01_10-54-26/2017-09-01_10-54-26.mp4-bee_id_8040-32835-1.png,1,1,True,True,True
test/videos/2017-09-01_10-54-26/2017-09-01_10-54-26.mp4-bee_id_8041-32910-1.png,1,2,True,True,True
test/videos/2017-09-01_10-54-26/2017-09-01_10-54-26.mp4-bee_id_8042-32985-1.png,1,2,True,True,True
test/videos/2017-09-01_10-54-26/2017-09-01_10-54-26.mp4-bee_id_8043-33000-1.png,1,2,True,True,True
test/videos/2017-09-01_10-54-26/2017-09-01_10-54-26.mp4-bee_id_8045-33090-1.png,1,0,True,False,True
test/videos/2017-09-01_10-54-26/2017-09-01_10-54-26.mp4-bee_id_8046-33090-1.png,0,0,False,False,True
test/videos/2017-09-01_10-54-26/2017-09-01_10-54-26.mp4-bee_id_8048-33120-1.png,1,2,True,True,True
test/videos/2017-09-01_10-54-26/2017-09-01_10-54-26.mp4-bee_id_8049-33210-1.png,1,2,True,True,True
test/videos/2017-09-01_10-54-26/2017-09-01_10-54-26.mp4-bee_id_8050-33240-1.png,1,2,True,True,True
test/videos/2017-09-01_10-54-26/2017-09-01_10-54-26.mp4-bee_id_8051-33255-1.png,1,2,True,True,True
test/videos/2017-09-01_10-54-26/2017-09-01_10-54-26.mp4-bee_id_8052-33270-1.png,1,2,True,True,True
test/videos/2017-09-01_10-54-26/2017-09-01_10-54-26.mp4-bee_id_8053-33300-1.png,1,2,True,True,True
test/videos/2017-09-01_10-54-26/2017-09-01_10-54-26.mp4-bee_id_8055-33450-1.png,1,1,True,True,True
test/videos/2017-09-01_10-54-26/2017-09-01_10-54-26.mp4-bee_id_8056-33465-1.png,1,1,True,True,True
test/videos/2017-09-01_10-54-26/2017-09-01_10-54-26.mp4-bee_id_8057-33510-1.png,1,1,True,False,True
test/videos/2017-09-01_10-54-26/2017-09-01_10-54-26.mp4-bee_id_8058-33540-1.png,1,2,True,True,True
test/videos/2017-09-01_10-54-26/2017-09-01_10-54-26.mp4-bee_id_8059-33540-1.png,0,0,False,False,True
test/videos/2017-09-01_10-54-26/2017-09-01_10-54-26.mp4-bee_id_8060-33615-1.png,1,2,True,True,True
test/videos/2017-09-01_10-54-26/2017-09-01_10-54-26.mp4-bee_id_8061-33630-1.png,1,2,True,True,True
test/videos/2017-09-01_10-54-26/2017-09-01_10-54-26.mp4-bee_id_8062-33660-1.png,1,2,True,True,True
test/videos/2017-09-01_10-54-26/2017-09-01_10-54-26.mp4-bee_id_8063-33705-1.png,1,0,True,False,True
test/videos/2017-09-01_10-54-26/2017-09-01_10-54-26.mp4-bee_id_8064-33765-1.png,1,1,True,True,True
test/videos/2017-09-01_10-54-26/2017-09-01_10-54-26.mp4-bee_id_8065-33885-1.png,0,0,False,False,True
test/videos/2017-09-01_10-54-26/2017-09-01_10-54-26.mp4-bee_id_8066-33915-1.png,0,0,False,False,True
test/videos/2017-09-01_10-54-26/2017-09-01_10-54-26.mp4-bee_id_8067-34020-1.png,0,0,False,False,True
test/videos/2017-09-01_10-54-26/2017-09-01_10-54-26.mp4-bee_id_8068-34035-1.png,0,0,False,False,True
test/videos/2017-09-01_10-54-26/2017-09-01_10-54-26.mp4-bee_id_8069-34110-1.png,0,0,False,False,True
test/videos/2017-09-01_10-54-26/2017-09-01_10-54-26.mp4-bee_id_8070-34200-1.png,0,0,False,False,True
test/videos/2017-09-01_10-54-26/2017-09-01_10-54-26.mp4-bee_id_8071-34215-1.png,0,0,False,False,True
test/videos/2017-09-01_10-54-26/2017-09-01_10-54-26.mp4-bee_id_8072-34275-1.png,0,0,False,False,True
test/videos/2017-09-01_10-54-26/2017-09-01_10-54-26.mp4-bee_id_8074-34290-1.png,0,0,False,False,True
test/videos/2017-09-01_10-54-26/2017-09-01_10-54-26.mp4-bee_id_8076-34320-1.png,0,0,False,False,True
test/videos/2017-09-01_10-54-26/2017-09-01_10-54-26.mp4-bee_id_8077-34380-1.png,1,0,True,False,True
test/videos/2017-09-01_10-54-26/2017-09-01_10-54-26.mp4-bee_id_8078-34470-1.png,1,2,True,True,True
test/videos/2017-09-01_10-54-26/2017-09-01_10-54-26.mp4-bee_id_8080-34515-1.png,0,0,False,False,True
test/videos/2017-09-01_10-54-26/2017-09-01_10-54-26.mp4-bee_id_8081-34890-1.png,1,1,True,True,True
test/videos/2017-09-01_10-54-26/2017-09-01_10-54-26.mp4-bee_id_8082-34920-1.png,1,1,True,True,True
test/videos/2017-09-01_10-54-26/2017-09-01_10-54-26.mp4-bee_id_8083-34935-1.png,1,2,True,True,True
test/videos/2017-09-01_10-54-26/2017-09-01_10-54-26.mp4-bee_id_8084-34950-1.png,0,0,False,False,True
test/videos/2017-09-01_10-54-26/2017-09-01_10-54-26.mp4-bee_id_8085-34980-1.png,1,1,True,True,True
test/videos/2017-09-01_10-54-26/2017-09-01_10-54-26.mp4-bee_id_8086-34995-1.png,1,1,True,True,True
test/videos/2017-09-01_10-54-26/2017-09-01_10-54-26.mp4-bee_id_8087-35010-1.png,1,0,True,False,True
test/videos/2017-09-01_10-54-26/2017-09-01_10-54-26.mp4-bee_id_8088-35025-1.png,1,0,True,False,True
test/videos/2017-09-01_10-54-26/2017-09-01_10-54-26.mp4-bee_id_8089-35040-1.png,0,0,False,False,True
test/videos/2017-09-01_10-54-26/2017-09-01_10-54-26.mp4-bee_id_8090-35100-1.png,0,1,False,False,True
test/videos/2017-09-01_10-54-26/2017-09-01_10-54-26.mp4-bee_id_8091-35145-1.png,0,0,False,False,True
test/videos/2017-09-01_10-54-26/2017-09-01_10-54-26.mp4-bee_id_8092-35295-1.png,0,0,False,False,True
test/videos/2017-09-01_10-54-26/2017-09-01_10-54-26.mp4-bee_id_8093-35310-1.png,1,1,True,True,True
test/videos/2017-09-01_10-54-26/2017-09-01_10-54-26.mp4-bee_id_8094-35325-1.png,1,1,True,True,True
test/videos/2017-09-01_10-54-26/2017-09-01_10-54-26.mp4-bee_id_8095-35340-1.png,1,0,True,False,True
test/videos/2017-09-01_10-54-26/2017-09-01_10-54-26.mp4-bee_id_8097-35385-1.png,0,0,False,False,True
test/videos/2017-09-01_10-54-26/2017-09-01_10-54-26.mp4-bee_id_8098-35385-1.png,0,0,False,False,True
test/videos/2017-09-01_10-54-26/2017-09-01_10-54-26.mp4-bee_id_8101-35490-1.png,1,1,True,True,True
test/videos/2017-09-01_10-54-26/2017-09-01_10-54-26.mp4-bee_id_8102-35505-1.png,1,0,True,False,True
test/videos/2017-09-01_10-54-26/2017-09-01_10-54-26.mp4-bee_id_8103-35550-1.png,1,0,True,False,True
test/videos/2017-09-01_10-54-26/2017-09-01_10-54-26.mp4-bee_id_8104-35580-1.png,0,0,False,False,True
test/videos/2017-09-01_10-54-26/2017-09-01_10-54-26.mp4-bee_id_8105-35580-1.png,1,1,True,True,True
test/videos/2017-09-01_10-54-26/2017-09-01_10-54-26.mp4-bee_id_8106-35595-1.png,0,0,False,False,True
test/videos/2017-09-01_10-54-26/2017-09-01_10-54-26.mp4-bee_id_8107-35610-1.png,1,1,True,True,True
test/videos/2017-09-01_10-54-26/2017-09-01_10-54-26.mp4-bee_id_8108-35715-1.png,1,1,True,True,True
test/videos/2017-09-01_10-54-26/2017-09-01_10-54-26.mp4-bee_id_8109-35745-1.png,0,1,False,False,True
test/videos/2017-09-01_10-54-26/2017-09-01_10-54-26.mp4-bee_id_8110-35745-1.png,0,2,False,False,True
test/videos/2017-09-01_10-54-26/2017-09-01_10-54-26.mp4-bee_id_8111-35805-1.png,0,0,False,False,True
test/videos/2017-09-01_10-54-26/2017-09-01_10-54-26.mp4-bee_id_8112-35820-1.png,0,0,False,False,True
test/videos/2017-09-01_10-54-26/2017-09-01_10-54-26.mp4-bee_id_8113-35940-1.png,0,1,False,False,True
test/videos/2017-09-01_10-54-26/2017-09-01_10-54-26.mp4-bee_id_8114-35955-1.png,1,2,True,True,True
test/videos/2017-09-01_10-54-26/2017-09-01_10-54-26.mp4-bee_id_8115-35970-1.png,0,0,False,False,True
test/videos/2017-09-01_10-54-26/2017-09-01_10-54-26.mp4-bee_id_8116-35985-1.png,0,0,False,False,True
test/videos/2017-09-01_10-54-26/2017-09-01_10-54-26.mp4-bee_id_8117-36030-1.png,1,2,True,True,True
test/videos/2017-09-01_10-54-26/2017-09-01_10-54-26.mp4-bee_id_8118-36060-1.png,1,1,True,True,True
test/videos/2017-09-01_10-54-26/2017-09-01_10-54-26.mp4-bee_id_8119-36105-1.png,0,0,False,False,True
test/videos/2017-09-01_10-54-26/2017-09-01_10-54-26.mp4-bee_id_8120-36165-1.png,1,1,True,True,True
test/videos/2017-09-01_10-54-26/2017-09-01_10-54-26.mp4-bee_id_8121-36180-1.png,1,0,True,False,True
test/videos/2017-09-01_10-54-26/2017-09-01_10-54-26.mp4-bee_id_8122-36195-1.png,1,0,True,False,True
test/videos/2017-09-01_10-54-26/2017-09-01_10-54-26.mp4-bee_id_8123-36210-1.png,1,1,True,True,True
test/videos/2017-09-01_10-54-26/2017-09-01_10-54-26.mp4-bee_id_8124-36270-1.png,1,1,True,True,True
test/videos/2017-09-01_10-54-26/2017-09-01_10-54-26.mp4-bee_id_8125-36285-1.png,0,1,False,False,True
test/videos/2017-09-01_10-54-26/2017-09-01_10-54-26.mp4-bee_id_8126-36300-1.png,0,2,False,False,True
test/videos/2017-09-01_10-54-26/2017-09-01_10-54-26.mp4-bee_id_8127-36420-1.png,1,0,True,False,True
test/videos/2017-09-01_10-54-26/2017-09-01_10-54-26.mp4-bee_id_8128-36435-1.png,1,1,True,True,True
test/videos/2017-09-01_10-54-26/2017-09-01_10-54-26.mp4-bee_id_8129-36435-1.png,1,2,True,True,True
test/videos/2017-09-01_10-54-26/2017-09-01_10-54-26.mp4-bee_id_8130-36450-1.png,0,1,False,False,True
test/videos/2017-09-01_10-54-26/2017-09-01_10-54-26.mp4-bee_id_8133-36510-1.png,1,0,True,False,True
test/videos/2017-09-01_10-54-26/2017-09-01_10-54-26.mp4-bee_id_8134-36810-1.png,1,1,True,True,True
test/videos/2017-09-01_10-54-26/2017-09-01_10-54-26.mp4-bee_id_8135-36840-1.png,1,1,True,True,True
test/videos/2017-09-01_10-54-26/2017-09-01_10-54-26.mp4-bee_id_8137-36945-1.png,1,3,True,True,True
test/videos/2017-09-01_10-54-26/2017-09-01_10-54-26.mp4-bee_id_8138-36960-1.png,1,0,True,False,True
test/videos/2017-09-01_10-54-26/2017-09-01_10-54-26.mp4-bee_id_8139-36975-1.png,1,0,True,False,True
test/videos/2017-09-01_10-54-26/2017-09-01_10-54-26.mp4-bee_id_8140-37080-1.png,1,1,True,True,True
test/videos/2017-09-01_10-54-26/2017-09-01_10-54-26.mp4-bee_id_8141-37095-1.png,1,1,True,True,True
test/videos/2017-09-01_10-54-26/2017-09-01_10-54-26.mp4-bee_id_8142-37110-1.png,1,1,True,True,True
test/videos/2017-09-01_10-54-26/2017-09-01_10-54-26.mp4-bee_id_8143-37125-1.png,1,2,True,True,True
test/videos/2017-09-01_10-54-26/2017-09-01_10-54-26.mp4-bee_id_8145-37380-1.png,1,1,True,False,True
test/videos/2017-09-01_10-54-26/2017-09-01_10-54-26.mp4-bee_id_8146-37485-1.png,1,2,True,True,True
test/videos/2017-09-01_10-54-26/2017-09-01_10-54-26.mp4-bee_id_8147-37500-1.png,1,4,True,True,True
test/videos/2017-09-01_10-54-26/2017-09-01_10-54-26.mp4-bee_id_8148-37515-1.png,1,2,True,True,True
test/videos/2017-09-01_10-54-26/2017-09-01_10-54-26.mp4-bee_id_8149-37530-1.png,1,1,True,True,True
test/videos/2017-09-01_10-54-26/2017-09-01_10-54-26.mp4-bee_id_8150-37560-1.png,1,0,True,False,True
test/videos/2017-09-01_10-54-26/2017-09-01_10-54-26.mp4-bee_id_8151-37575-1.png,1,2,True,True,True
test/videos/2017-09-01_10-54-26/2017-09-01_10-54-26.mp4-bee_id_8152-37605-1.png,1,1,True,True,True
test/videos/2017-09-01_10-54-26/2017-09-01_10-54-26.mp4-bee_id_8153-37620-1.png,1,2,True,True,True
test/videos/2017-09-01_10-54-26/2017-09-01_10-54-26.mp4-bee_id_8154-37620-1.png,1,1,True,True,True
test/videos/2017-09-01_10-54-26/2017-09-01_10-54-26.mp4-bee_id_8155-37680-1.png,1,2,True,True,True
test/videos/2017-09-01_10-54-26/2017-09-01_10-54-26.mp4-bee_id_8156-37725-1.png,1,1,True,True,True
test/videos/2017-09-01_10-54-26/2017-09-01_10-54-26.mp4-bee_id_8157-37740-1.png,1,2,True,True,True
test/videos/2017-09-01_10-54-26/2017-09-01_10-54-26.mp4-bee_id_8158-37755-1.png,1,1,True,True,True
test/videos/2017-09-01_10-54-26/2017-09-01_10-54-26.mp4-bee_id_8159-38055-1.png,1,1,True,True,True
test/videos/2017-09-01_10-54-26/2017-09-01_10-54-26.mp4-bee_id_8160-38070-1.png,1,2,True,True,True
test/videos/2017-09-01_10-54-26/2017-09-01_10-54-26.mp4-bee_id_8161-38145-1.png,1,1,True,True,True
test/videos/2017-09-01_10-54-26/2017-09-01_10-54-26.mp4-bee_id_8162-38160-1.png,1,2,True,True,True
test/videos/2017-09-01_10-54-26/2017-09-01_10-54-26.mp4-bee_id_8163-38175-1.png,1,1,True,False,True
test/videos/2017-09-01_10-54-26/2017-09-01_10-54-26.mp4-bee_id_8164-38205-1.png,0,0,False,False,True
test/videos/2017-09-01_10-54-26/2017-09-01_10-54-26.mp4-bee_id_8165-38220-1.png,1,1,True,False,True
test/videos/2017-09-01_10-54-26/2017-09-01_10-54-26.mp4-bee_id_8166-38250-1.png,1,0,True,False,True
test/videos/2017-09-01_10-54-26/2017-09-01_10-54-26.mp4-bee_id_8167-38475-1.png,1,1,True,True,True
test/videos/2017-09-01_10-54-26/2017-09-01_10-54-26.mp4-bee_id_8168-38490-1.png,1,2,True,True,True
test/videos/2017-09-01_10-54-26/2017-09-01_10-54-26.mp4-bee_id_8169-38505-1.png,1,1,True,True,True
test/videos/2017-09-01_10-54-26/2017-09-01_10-54-26.mp4-bee_id_8170-38520-1.png,0,3,False,False,True
test/videos/2017-09-01_10-54-26/2017-09-01_10-54-26.mp4-bee_id_8171-38565-1.png,1,2,True,True,True
test/videos/2017-09-01_10-54-26/2017-09-01_10-54-26.mp4-bee_id_8172-38700-1.png,1,0,True,False,True
test/videos/2017-09-01_10-54-26/2017-09-01_10-54-26.mp4-bee_id_8173-38805-1.png,1,1,True,True,True
test/videos/2017-09-01_10-54-26/2017-09-01_10-54-26.mp4-bee_id_8174-38820-1.png,1,1,True,True,True
test/videos/2017-09-01_10-54-26/2017-09-01_10-54-26.mp4-bee_id_8175-39090-1.png,1,1,True,False,True
test/videos/2017-09-01_10-54-26/2017-09-01_10-54-26.mp4-bee_id_8176-39090-1.png,1,2,True,True,True
test/videos/2017-09-01_10-54-26/2017-09-01_10-54-26.mp4-bee_id_8177-39165-1.png,1,0,True,False,True
test/videos/2017-09-01_10-54-26/2017-09-01_10-54-26.mp4-bee_id_8178-39195-1.png,1,2,True,True,True
test/videos/2017-09-01_10-54-26/2017-09-01_10-54-26.mp4-bee_id_8179-39210-1.png,1,1,True,True,True
test/videos/2017-09-01_10-54-26/2017-09-01_10-54-26.mp4-bee_id_8180-39345-1.png,1,1,True,True,True
test/videos/2017-09-01_10-54-26/2017-09-01_10-54-26.mp4-bee_id_8181-39360-1.png,1,2,True,True,True
test/videos/2017-09-01_10-54-26/2017-09-01_10-54-26.mp4-bee_id_8184-39630-1.png,1,1,True,True,True
test/videos/2017-09-01_10-54-26/2017-09-01_10-54-26.mp4-bee_id_8187-39765-1.png,1,3,True,False,True
test/videos/2017-09-01_10-54-26/2017-09-01_10-54-26.mp4-bee_id_8188-40185-1.png,1,2,True,True,True
test/videos/2017-09-01_10-54-26/2017-09-01_10-54-26.mp4-bee_id_8189-40590-1.png,0,1,False,False,True
test/videos/2017-09-01_10-54-26/2017-09-01_10-54-26.mp4-bee_id_8190-41460-1.png,1,2,True,True,True
test/videos/2017-09-01_10-54-26/2017-09-01_10-54-26.mp4-bee_id_8191-42045-1.png,1,1,True,True,True
test/videos/2017-09-01_10-54-26/2017-09-01_10-54-26.mp4-bee_id_8192-42360-1.png,1,1,True,False,True
test/videos/2017-09-01_10-54-26/2017-09-01_10-54-26.mp4-bee_id_8193-43380-1.png,1,2,True,True,True
test/videos/2017-09-01_10-54-26/2017-09-01_10-54-26.mp4-bee_id_8194-43485-1.png,1,1,True,True,True
test/videos/2017-09-01_10-54-26/2017-09-01_10-54-26.mp4-bee_id_8195-43605-1.png,1,0,True,False,True
test/videos/2017-09-01_10-54-26/2017-09-01_10-54-26.mp4-bee_id_8196-43635-1.png,1,1,True,True,True
test/videos/2017-09-01_10-54-26/2017-09-01_10-54-26.mp4-bee_id_8197-43770-1.png,1,2,True,True,True
test/videos/2017-09-01_10-54-26/2017-09-01_10-54-26.mp4-bee_id_8198-43965-1.png,1,2,True,True,True
test/videos/2017-09-01_10-54-26/2017-09-01_10-54-26.mp4-bee_id_8199-44055-1.png,1,2,True,True,True
test/videos/2017-09-01_10-54-26/2017-09-01_10-54-26.mp4-bee_id_8200-44175-1.png,0,0,False,False,True
test/videos/2017-09-01_10-54-26/2017-09-01_10-54-26.mp4-bee_id_8201-44205-1.png,1,2,True,True,True
test/videos/2017-09-01_10-54-26/2017-09-01_10-54-26.mp4-bee_id_8202-44490-1.png,1,3,True,False,True
test/videos/2017-09-01_10-54-26/2017-09-01_10-54-26.mp4-bee_id_8203-44580-1.png,0,3,False,False,True
test/videos/2017-09-01_10-54-26/2017-09-01_10-54-26.mp4-bee_id_8204-44670-1.png,0,0,False,False,True
test/videos/2017-09-01_10-54-26/2017-09-01_10-54-26.mp4-bee_id_8205-44895-1.png,0,1,False,False,True
test/videos/2017-09-01_10-54-26/2017-09-01_10-54-26.mp4-bee_id_8206-44895-1.png,1,1,True,True,True
test/videos/2017-09-01_10-54-26/2017-09-01_10-54-26.mp4-bee_id_8208-44895-1.png,1,2,True,False,True
test/videos/2017-09-01_10-54-26/2017-09-01_10-54-26.mp4-bee_id_8209-45060-1.png,0,0,False,False,True
test/videos/2017-09-01_10-54-26/2017-09-01_10-54-26.mp4-bee_id_8210-45090-1.png,0,0,False,False,True
test/videos/2017-09-01_10-54-26/2017-09-01_10-54-26.mp4-bee_id_8211-45135-1.png,0,2,False,False,True
test/videos/2017-09-01_10-54-26/2017-09-01_10-54-26.mp4-bee_id_8212-45270-1.png,0,1,False,False,True
test/videos/2017-09-01_10-54-26/2017-09-01_10-54-26.mp4-bee_id_8213-45270-1.png,1,2,True,False,True
test/videos/2017-09-01_10-54-26/2017-09-01_10-54-26.mp4-bee_id_8214-45270-1.png,0,0,False,False,True
test/videos/2017-09-01_10-54-26/2017-09-01_10-54-26.mp4-bee_id_8215-45285-1.png,0,0,False,False,True
test/videos/2017-09-01_10-54-26/2017-09-01_10-54-26.mp4-bee_id_8216-45300-1.png,0,1,False,False,True
test/videos/2017-09-01_10-54-26/2017-09-01_10-54-26.mp4-bee_id_8217-45360-1.png,0,0,False,False,True
test/videos/2017-09-01_10-54-26/2017-09-01_10-54-26.mp4-bee_id_8218-45420-1.png,0,0,False,False,True
test/videos/2017-09-01_10-54-26/2017-09-01_10-54-26.mp4-bee_id_8219-45435-1.png,0,2,False,False,True
test/videos/2017-09-01_10-54-26/2017-09-01_10-54-26.mp4-bee_id_8220-45450-1.png,0,1,False,False,True
test/videos/2017-09-01_10-54-26/2017-09-01_10-54-26.mp4-bee_id_8221-45555-1.png,0,1,False,False,True
test/videos/2017-09-01_10-54-26/2017-09-01_10-54-26.mp4-bee_id_8222-45585-1.png,0,0,False,False,True
test/videos/2017-09-01_10-54-26/2017-09-01_10-54-26.mp4-bee_id_8223-45600-1.png,0,1,False,False,True
test/videos/2017-09-01_10-54-26/2017-09-01_10-54-26.mp4-bee_id_8224-45675-1.png,0,0,False,False,True
test/videos/2017-09-01_10-54-26/2017-09-01_10-54-26.mp4-bee_id_8225-45810-1.png,0,3,False,False,True
test/videos/2017-09-01_10-54-26/2017-09-01_10-54-26.mp4-bee_id_8226-45990-1.png,0,1,False,False,True
test/videos/2017-09-01_10-54-26/2017-09-01_10-54-26.mp4-bee_id_8227-46020-1.png,0,0,False,False,True
test/videos/2017-09-01_10-54-26/2017-09-01_10-54-26.mp4-bee_id_8228-46035-1.png,0,1,False,False,True
test/videos/2017-09-01_10-54-26/2017-09-01_10-54-26.mp4-bee_id_8229-46125-1.png,0,0,False,False,True
test/videos/2017-09-01_10-54-26/2017-09-01_10-54-26.mp4-bee_id_8230-46125-1.png,0,3,False,False,True
test/videos/2017-09-01_10-54-26/2017-09-01_10-54-26.mp4-bee_id_8231-46230-1.png,0,0,False,False,True
test/videos/2017-09-01_10-54-26/2017-09-01_10-54-26.mp4-bee_id_8232-46245-1.png,1,1,True,False,True
test/videos/2017-09-01_10-54-26/2017-09-01_10-54-26.mp4-bee_id_8235-46545-1.png,1,2,True,False,True
test/videos/2017-09-01_10-54-26/2017-09-01_10-54-26.mp4-bee_id_8236-46725-1.png,1,3,True,True,True
test/videos/2017-09-01_10-54-26/2017-09-01_10-54-26.mp4-bee_id_8237-46740-1.png,1,0,True,False,True
test/videos/2017-09-01_10-54-26/2017-09-01_10-54-26.mp4-bee_id_8238-46770-1.png,1,1,True,True,True
test/videos/2017-09-01_10-54-26/2017-09-01_10-54-26.mp4-bee_id_8239-47145-1.png,0,0,False,False,True
test/videos/2017-09-01_10-54-26/2017-09-01_10-54-26.mp4-bee_id_8240-47220-1.png,0,0,False,False,True
test/videos/2017-09-01_10-54-26/2017-09-01_10-54-26.mp4-bee_id_8241-47505-1.png,0,1,False,False,True
test/videos/2017-09-01_10-54-26/2017-09-01_10-54-26.mp4-bee_id_8242-47535-1.png,0,0,False,False,True
test/videos/2017-09-01_10-54-26/2017-09-01_10-54-26.mp4-bee_id_8243-47550-1.png,0,1,False,False,True
test/videos/2017-09-01_10-54-26/2017-09-01_10-54-26.mp4-bee_id_8244-47685-1.png,0,0,False,False,True
test/videos/2017-09-01_10-54-26/2017-09-01_10-54-26.mp4-bee_id_8245-48000-1.png,0,0,False,False,True
test/videos/2017-09-01_10-54-26/2017-09-01_10-54-26.mp4-bee_id_8246-48015-1.png,0,0,False,False,True
test/videos/2017-09-01_10-54-26/2017-09-01_10-54-26.mp4-bee_id_8247-48030-1.png,0,0,False,False,True
test/videos/2017-09-01_10-54-26/2017-09-01_10-54-26.mp4-bee_id_8248-48045-1.png,0,1,False,False,True
test/videos/2017-09-01_10-54-26/2017-09-01_10-54-26.mp4-bee_id_8249-48270-1.png,1,3,True,True,True
test/videos/2017-09-01_10-54-26/2017-09-01_10-54-26.mp4-bee_id_8250-48390-1.png,0,1,False,False,True
test/videos/2017-09-01_10-54-26/2017-09-01_10-54-26.mp4-bee_id_8251-48405-1.png,0,2,False,False,True
test/videos/2017-09-01_10-54-26/2017-09-01_10-54-26.mp4-bee_id_8252-48540-1.png,0,0,False,False,True
test/videos/2017-09-01_10-54-26/2017-09-01_10-54-26.mp4-bee_id_8253-48540-1.png,1,2,True,True,True
test/videos/2017-09-01_10-54-26/2017-09-01_10-54-26.mp4-bee_id_8254-48570-1.png,0,0,False,False,True
test/videos/2017-09-01_10-54-26/2017-09-01_10-54-26.mp4-bee_id_8255-48570-1.png,1,2,True,True,True
test/videos/2017-09-01_10-54-26/2017-09-01_10-54-26.mp4-bee_id_8256-48705-1.png,0,0,False,False,True
test/videos/2017-09-01_10-54-26/2017-09-01_10-54-26.mp4-bee_id_8257-48720-1.png,1,1,True,True,True
test/videos/2017-09-01_10-54-26/2017-09-01_10-54-26.mp4-bee_id_8258-49170-1.png,1,1,True,True,True
test/videos/2017-09-01_10-54-26/2017-09-01_10-54-26.mp4-bee_id_8259-49365-1.png,1,1,True,True,True
test/videos/2017-09-01_10-54-26/2017-09-01_10-54-26.mp4-bee_id_8260-49365-1.png,1,3,True,False,True
test/videos/2017-09-01_10-54-26/2017-09-01_10-54-26.mp4-bee_id_8261-49815-1.png,1,2,True,True,True
test/videos/2017-09-01_10-54-26/2017-09-01_10-54-26.mp4-bee_id_8262-49875-1.png,0,1,False,False,True
test/videos/2017-09-01_10-54-26/2017-09-01_10-54-26.mp4-bee_id_8263-49890-1.png,1,2,True,True,True
test/videos/2017-09-01_10-54-26/2017-09-01_10-54-26.mp4-bee_id_8264-50085-1.png,1,2,True,True,True
test/videos/2017-09-01_10-54-26/2017-09-01_10-54-26.mp4-bee_id_8265-50475-1.png,0,0,False,False,True
test/videos/2017-09-01_10-54-26/2017-09-01_10-54-26.mp4-bee_id_8266-50625-1.png,0,0,False,False,True
test/videos/2017-09-01_10-54-26/2017-09-01_10-54-26.mp4-bee_id_8268-50955-1.png,1,0,True,False,True
test/videos/2017-09-01_10-54-26/2017-09-01_10-54-26.mp4-bee_id_8269-51000-1.png,1,2,True,False,True
test/videos/2017-09-01_10-54-26/2017-09-01_10-54-26.mp4-bee_id_8270-51555-1.png,0,0,False,False,True
test/videos/2017-09-01_10-54-26/2017-09-01_10-54-26.mp4-bee_id_8271-51570-1.png,0,0,False,False,True
test/videos/2017-09-01_10-54-26/2017-09-01_10-54-26.mp4-bee_id_8272-51675-1.png,0,1,False,False,True
test/videos/2017-09-01_10-54-26/2017-09-01_10-54-26.mp4-bee_id_8273-51690-1.png,0,0,False,False,True
test/videos/2017-09-01_10-54-26/2017-09-01_10-54-26.mp4-bee_id_8274-51720-1.png,0,0,False,False,True
test/videos/2017-09-01_10-54-26/2017-09-01_10-54-26.mp4-bee_id_8275-51765-1.png,0,0,False,False,True
test/videos/2017-09-01_10-54-26/2017-09-01_10-54-26.mp4-bee_id_8276-51780-1.png,0,1,False,False,True
test/videos/2017-09-01_10-54-26/2017-09-01_10-54-26.mp4-bee_id_8277-52005-1.png,0,1,False,False,True
test/videos/2017-09-01_10-54-26/2017-09-01_10-54-26.mp4-bee_id_8279-52470-1.png,1,0,True,False,True
test/videos/2017-09-01_10-54-26/2017-09-01_10-54-26.mp4-bee_id_8280-53040-1.png,1,1,True,True,True
test/videos/2017-09-01_10-54-26/2017-09-01_10-54-26.mp4-bee_id_8281-53040-1.png,1,2,True,True,True
test/videos/2017-09-01_10-54-26/2017-09-01_10-54-26.mp4-bee_id_8282-53760-1.png,0,0,False,False,True
test/videos/2017-09-01_10-54-26/2017-09-01_10-54-26.mp4-bee_id_8283-53775-1.png,1,1,True,False,True
test/videos/2017-09-01_10-54-26/2017-09-01_10-54-26.mp4-bee_id_8284-53865-1.png,0,0,False,False,True
test/videos/2017-09-01_10-54-26/2017-09-01_10-54-26.mp4-bee_id_8285-53895-1.png,1,2,True,True,True
test/videos/2017-09-01_10-54-26/2017-09-01_10-54-26.mp4-bee_id_8286-54165-1.png,1,0,True,False,True
test/videos/2017-09-01_10-54-26/2017-09-01_10-54-26.mp4-bee_id_8287-54285-1.png,1,1,True,True,True
test/videos/2017-09-01_10-54-26/2017-09-01_10-54-26.mp4-bee_id_8288-54315-1.png,1,1,True,True,True
test/videos/2017-09-01_10-54-26/2017-09-01_10-54-26.mp4-bee_id_8289-54330-1.png,1,1,True,True,True
test/videos/2017-09-01_10-54-26/2017-09-01_10-54-26.mp4-bee_id_8290-54345-1.png,1,1,True,True,True
test/videos/2017-09-01_10-54-26/2017-09-01_10-54-26.mp4-bee_id_8291-54360-1.png,1,2,True,True,True
test/videos/2017-09-01_10-54-26/2017-09-01_10-54-26.mp4-bee_id_8292-54375-1.png,1,2,True,True,True
test/videos/2017-09-01_10-54-26/2017-09-01_10-54-26.mp4-bee_id_8294-54450-1.png,1,1,True,True,True
test/videos/2017-09-01_10-54-26/2017-09-01_10-54-26.mp4-bee_id_8295-54585-1.png,1,1,True,True,True
test/videos/2017-09-01_10-54-26/2017-09-01_10-54-26.mp4-bee_id_8296-54675-1.png,1,1,True,True,True
test/videos/2017-09-01_10-54-26/2017-09-01_10-54-26.mp4-bee_id_8297-54690-1.png,1,2,True,True,True
test/videos/2017-09-01_10-54-26/2017-09-01_10-54-26.mp4-bee_id_8298-54720-1.png,1,1,True,True,True
test/videos/2017-09-01_10-54-26/2017-09-01_10-54-26.mp4-bee_id_8299-54735-1.png,1,0,True,False,True
test/videos/2017-09-01_10-54-26/2017-09-01_10-54-26.mp4-bee_id_8301-55080-1.png,1,1,True,True,True
test/videos/2017-09-01_10-54-26/2017-09-01_10-54-26.mp4-bee_id_8302-55095-1.png,1,0,True,False,True
test/videos/2017-09-01_10-54-26/2017-09-01_10-54-26.mp4-bee_id_8303-55110-1.png,1,0,True,False,True
test/videos/2017-09-01_10-54-26/2017-09-01_10-54-26.mp4-bee_id_8304-55170-1.png,1,1,True,True,True
test/videos/2017-09-01_10-54-26/2017-09-01_10-54-26.mp4-bee_id_8305-55335-1.png,0,1,False,False,True
test/videos/2017-09-01_10-54-26/2017-09-01_10-54-26.mp4-bee_id_8306-55350-1.png,0,0,False,False,True
test/videos/2017-09-01_10-54-26/2017-09-01_10-54-26.mp4-bee_id_8307-55365-1.png,0,0,False,False,True
test/videos/2017-09-01_10-54-26/2017-09-01_10-54-26.mp4-bee_id_8308-55380-1.png,0,1,False,False,True
test/videos/2017-09-01_10-54-26/2017-09-01_10-54-26.mp4-bee_id_8309-55785-1.png,0,0,False,False,True
test/videos/2017-09-01_10-54-26/2017-09-01_10-54-26.mp4-bee_id_8310-55965-1.png,0,0,False,False,True
test/videos/2017-09-01_10-54-26/2017-09-01_10-54-26.mp4-bee_id_8311-55980-1.png,0,1,False,False,True
test/videos/2017-09-01_10-54-26/2017-09-01_10-54-26.mp4-bee_id_8312-55995-1.png,0,0,False,False,True
test/videos/2017-09-01_10-54-26/2017-09-01_10-54-26.mp4-bee_id_8313-56025-1.png,0,0,False,False,True
test/videos/2017-09-01_10-54-26/2017-09-01_10-54-26.mp4-bee_id_8314-56055-1.png,0,0,False,False,True
test/videos/2017-09-01_10-54-26/2017-09-01_10-54-26.mp4-bee_id_8315-56070-1.png,0,0,False,False,True
test/videos/2017-09-01_10-54-26/2017-09-01_10-54-26.mp4-bee_id_8316-56085-1.png,0,1,False,False,True
test/videos/2017-09-01_10-54-26/2017-09-01_10-54-26.mp4-bee_id_8317-56085-1.png,0,1,False,False,True
test/videos/2017-09-01_10-54-26/2017-09-01_10-54-26.mp4-bee_id_8318-56145-1.png,0,0,False,False,True
test/videos/2017-09-01_10-54-26/2017-09-01_10-54-26.mp4-bee_id_8319-56160-1.png,0,2,False,False,True
test/videos/2017-09-01_10-54-26/2017-09-01_10-54-26.mp4-bee_id_8320-56175-1.png,0,1,False,False,True
test/videos/2017-09-01_10-54-26/2017-09-01_10-54-26.mp4-bee_id_8321-56670-1.png,0,0,False,False,True
test/videos/2017-09-01_10-54-26/2017-09-01_10-54-26.mp4-bee_id_8322-56685-1.png,1,1,True,False,True
test/videos/2017-09-01_10-54-26/2017-09-01_10-54-26.mp4-bee_id_8326-57075-1.png,1,1,True,False,True
test/videos/2017-09-01_10-54-26/2017-09-01_10-54-26.mp4-bee_id_8327-57090-1.png,1,1,True,False,True
test/videos/2017-09-01_10-54-26/2017-09-01_10-54-26.mp4-bee_id_8328-57225-1.png,0,0,False,False,True
test/videos/2017-09-01_10-54-26/2017-09-01_10-54-26.mp4-bee_id_8329-57270-1.png,1,1,True,False,True
test/videos/2017-09-01_10-54-26/2017-09-01_10-54-26.mp4-bee_id_8331-57465-1.png,1,0,True,False,True
test/videos/2017-09-01_10-54-26/2017-09-01_10-54-26.mp4-bee_id_8332-57480-1.png,1,0,True,False,True
test/videos/2017-09-01_10-54-26/2017-09-01_10-54-26.mp4-bee_id_8333-57495-1.png,1,1,True,False,True
test/videos/2017-09-01_10-54-26/2017-09-01_10-54-26.mp4-bee_id_8334-57525-1.png,1,1,True,True,True
test/videos/2017-09-01_10-54-26/2017-09-01_10-54-26.mp4-bee_id_8335-57540-1.png,1,2,True,True,True
test/videos/2017-09-01_10-54-26/2017-09-01_10-54-26.mp4-bee_id_8336-57570-1.png,1,1,True,True,True
test/videos/2017-09-01_10-54-26/2017-09-01_10-54-26.mp4-bee_id_8337-57585-1.png,0,0,False,False,True
test/videos/2017-09-01_10-54-26/2017-09-01_10-54-26.mp4-bee_id_8338-57600-1.png,1,0,True,False,True
test/videos/2017-09-01_10-54-26/2017-09-01_10-54-26.mp4-bee_id_8339-57660-1.png,0,0,False,False,True
test/videos/2017-09-01_10-54-26/2017-09-01_10-54-26.mp4-bee_id_8340-58035-1.png,0,0,False,False,True
test/videos/2017-09-01_10-54-26/2017-09-01_10-54-26.mp4-bee_id_8341-58050-1.png,0,0,False,False,True
test/videos/2017-09-01_10-54-26/2017-09-01_10-54-26.mp4-bee_id_8342-58110-1.png,0,2,False,False,True
test/videos/2017-09-01_10-54-26/2017-09-01_10-54-26.mp4-bee_id_8343-58155-1.png,0,1,False,False,True
test/videos/2017-09-01_10-54-26/2017-09-01_10-54-26.mp4-bee_id_8344-58425-1.png,0,2,False,False,True
test/videos/2017-09-01_10-54-26/2017-09-01_10-54-26.mp4-bee_id_8345-58470-1.png,1,2,True,False,True
test/videos/2017-09-01_10-54-26/2017-09-01_10-54-26.mp4-bee_id_8346-58500-1.png,0,0,False,False,True
test/videos/2017-09-01_10-54-26/2017-09-01_10-54-26.mp4-bee_id_8348-58530-1.png,1,0,True,False,True
test/videos/2017-09-01_10-54-26/2017-09-01_10-54-26.mp4-bee_id_8350-58980-1.png,1,0,True,False,True
test/videos/2017-09-01_10-54-26/2017-09-01_10-54-26.mp4-bee_id_8351-59175-1.png,1,1,True,False,True
test/videos/2017-09-01_10-54-26/2017-09-01_10-54-26.mp4-bee_id_8352-59220-1.png,1,0,True,False,True
test/videos/2017-09-01_10-54-26/2017-09-01_10-54-26.mp4-bee_id_8353-59325-1.png,0,0,False,False,True
test/videos/2017-09-01_10-54-26/2017-09-01_10-54-26.mp4-bee_id_8354-59415-1.png,0,1,False,False,True
test/videos/2017-09-01_10-54-26/2017-09-01_10-54-26.mp4-bee_id_8355-59415-1.png,1,2,True,True,True
test/videos/2017-09-01_10-54-26/2017-09-01_10-54-26.mp4-bee_id_8356-60510-1.png,1,1,True,True,True
test/videos/2017-09-01_10-54-26/2017-09-01_10-54-26.mp4-bee_id_8357-60615-1.png,1,1,True,True,True
test/videos/2017-09-01_10-54-26/2017-09-01_10-54-26.mp4-bee_id_8358-60990-1.png,1,1,True,True,True
test/videos/2017-09-01_10-54-26/2017-09-01_10-54-26.mp4-bee_id_8359-61170-1.png,1,1,True,True,True
test/videos/2017-09-01_10-54-26/2017-09-01_10-54-26.mp4-bee_id_8360-61245-1.png,1,2,True,True,True
test/videos/2017-09-01_10-54-26/2017-09-01_10-54-26.mp4-bee_id_8361-61260-1.png,1,1,True,True,True
test/videos/2017-09-01_10-54-26/2017-09-01_10-54-26.mp4-bee_id_8362-61275-1.png,1,2,True,True,True
test/videos/2017-09-01_10-54-26/2017-09-01_10-54-26.mp4-bee_id_8363-61590-1.png,1,1,True,False,True
test/videos/2017-09-01_10-54-26/2017-09-01_10-54-26.mp4-bee_id_8364-61605-1.png,1,1,True,True,True
test/videos/2017-09-01_10-54-26/2017-09-01_10-54-26.mp4-bee_id_8367-61680-1.png,1,1,True,True,True
test/videos/2017-09-01_10-54-26/2017-09-01_10-54-26.mp4-bee_id_8368-61695-1.png,1,1,True,True,True
test/videos/2017-09-01_10-54-26/2017-09-01_10-54-26.mp4-bee_id_8369-61845-1.png,0,0,False,False,True
test/videos/2017-09-01_10-54-26/2017-09-01_10-54-26.mp4-bee_id_8370-61860-1.png,0,0,False,False,True
test/videos/2017-09-01_10-54-26/2017-09-01_10-54-26.mp4-bee_id_8371-62190-1.png,0,0,False,False,True
test/videos/2017-09-01_10-54-26/2017-09-01_10-54-26.mp4-bee_id_8372-62205-1.png,0,0,False,False,True
test/videos/2017-09-01_10-54-26/2017-09-01_10-54-26.mp4-bee_id_8373-62220-1.png,0,1,False,False,True
test/videos/2017-09-01_10-54-26/2017-09-01_10-54-26.mp4-bee_id_8374-62265-1.png,0,0,False,False,True
test/videos/2017-09-01_10-54-26/2017-09-01_10-54-26.mp4-bee_id_8375-62265-1.png,0,1,False,False,True
test/videos/2017-09-01_10-54-26/2017-09-01_10-54-26.mp4-bee_id_8376-62610-1.png,0,1,False,False,True
test/videos/2017-09-01_10-54-26/2017-09-01_10-54-26.mp4-bee_id_8377-62610-1.png,0,0,False,False,True
test/videos/2017-09-01_10-54-26/2017-09-01_10-54-26.mp4-bee_id_8378-62835-1.png,0,0,False,False,True
test/videos/2017-09-01_10-54-26/2017-09-01_10-54-26.mp4-bee_id_8379-62835-1.png,0,0,False,False,True
test/videos/2017-09-01_10-54-26/2017-09-01_10-54-26.mp4-bee_id_8382-63270-1.png,0,1,False,False,True
test/videos/2017-09-01_10-54-26/2017-09-01_10-54-26.mp4-bee_id_8383-63270-1.png,0,0,False,False,True
test/videos/2017-09-01_10-54-26/2017-09-01_10-54-26.mp4-bee_id_8384-63405-1.png,0,0,False,False,True
test/videos/2017-09-01_10-54-26/2017-09-01_10-54-26.mp4-bee_id_8385-63630-1.png,0,3,False,False,True
test/videos/2017-09-01_10-54-26/2017-09-01_10-54-26.mp4-bee_id_8386-63675-1.png,0,0,False,False,True
test/videos/2017-09-01_10-54-26/2017-09-01_10-54-26.mp4-bee_id_8387-63705-1.png,0,0,False,False,True
test/videos/2017-09-01_10-54-26/2017-09-01_10-54-26.mp4-bee_id_8388-64005-1.png,0,2,False,False,True
test/videos/2017-09-01_10-54-26/2017-09-01_10-54-26.mp4-bee_id_8389-64035-1.png,0,3,False,False,True
test/videos/2017-09-01_10-54-26/2017-09-01_10-54-26.mp4-bee_id_8390-64110-1.png,1,0,True,False,True
test/videos/2017-09-01_10-54-26/2017-09-01_10-54-26.mp4-bee_id_8391-64140-1.png,1,1,True,True,True
test/videos/2017-09-01_10-54-26/2017-09-01_10-54-26.mp4-bee_id_8393-64185-1.png,0,0,False,False,True
test/videos/2017-09-01_10-54-26/2017-09-01_10-54-26.mp4-bee_id_8395-64215-1.png,1,1,True,True,True
test/videos/2017-09-01_10-54-26/2017-09-01_10-54-26.mp4-bee_id_8396-64230-1.png,1,1,True,True,True
test/videos/2017-09-01_10-54-26/2017-09-01_10-54-26.mp4-bee_id_8397-64245-1.png,1,1,True,True,True
test/videos/2017-09-01_10-54-26/2017-09-01_10-54-26.mp4-bee_id_8399-64440-1.png,1,0,True,False,True
test/videos/2017-09-01_10-54-26/2017-09-01_10-54-26.mp4-bee_id_8400-64455-1.png,1,0,True,False,True
test/videos/2017-09-01_10-54-26/2017-09-01_10-54-26.mp4-bee_id_8401-64470-1.png,0,0,False,False,True
test/videos/2017-09-01_10-54-26/2017-09-01_10-54-26.mp4-bee_id_8402-64470-1.png,0,1,False,False,True
test/videos/2017-09-01_10-54-26/2017-09-01_10-54-26.mp4-bee_id_8403-64515-1.png,1,0,True,False,True
test/videos/2017-09-01_10-54-26/2017-09-01_10-54-26.mp4-bee_id_8404-64650-1.png,1,0,True,False,True
test/videos/2017-09-01_10-54-26/2017-09-01_10-54-26.mp4-bee_id_8405-64665-1.png,1,0,True,False,True
test/videos/2017-09-01_10-54-26/2017-09-01_10-54-26.mp4-bee_id_8406-64680-1.png,1,0,True,False,True
test/videos/2017-09-01_10-54-26/2017-09-01_10-54-26.mp4-bee_id_8407-64935-1.png,1,0,True,False,True
test/videos/2017-09-01_10-54-26/2017-09-01_10-54-26.mp4-bee_id_8410-65025-1.png,1,2,True,True,True
test/videos/2017-09-01_10-54-26/2017-09-01_10-54-26.mp4-bee_id_8411-65625-1.png,0,0,False,False,True
test/videos/2017-09-01_10-54-26/2017-09-01_10-54-26.mp4-bee_id_8412-65715-1.png,1,3,True,True,True
test/videos/2017-09-01_10-54-26/2017-09-01_10-54-26.mp4-bee_id_8413-65715-1.png,0,1,False,False,True
test/videos/2017-09-01_10-54-26/2017-09-01_10-54-26.mp4-bee_id_8414-65745-1.png,0,1,False,False,True
test/videos/2017-09-01_10-54-26/2017-09-01_10-54-26.mp4-bee_id_8416-65910-1.png,0,0,False,False,True
test/videos/2017-09-01_10-54-26/2017-09-01_10-54-26.mp4-bee_id_8417-65925-1.png,0,0,False,False,True
test/videos/2017-09-01_10-54-26/2017-09-01_10-54-26.mp4-bee_id_8418-65940-1.png,0,1,False,False,True
test/videos/2017-09-01_10-54-26/2017-09-01_10-54-26.mp4-bee_id_8419-65970-1.png,0,1,False,False,True
test/videos/2017-09-01_10-54-26/2017-09-01_10-54-26.mp4-bee_id_8420-65970-1.png,0,2,False,False,True
test/videos/2017-09-01_10-54-26/2017-09-01_10-54-26.mp4-bee_id_8421-66315-1.png,0,1,False,False,True
test/videos/2017-09-01_10-54-26/2017-09-01_10-54-26.mp4-bee_id_8422-66690-1.png,0,1,False,False,True
test/videos/2017-09-01_10-54-26/2017-09-01_10-54-26.mp4-bee_id_8424-66885-1.png,0,1,False,False,True
test/videos/2017-09-01_10-54-26/2017-09-01_10-54-26.mp4-bee_id_8425-66930-1.png,0,0,False,False,True
test/videos/2017-09-01_10-54-26/2017-09-01_10-54-26.mp4-bee_id_8427-66975-1.png,0,0,False,False,True
test/videos/2017-09-01_10-54-26/2017-09-01_10-54-26.mp4-bee_id_8428-67110-1.png,1,0,True,False,True
test/videos/2017-09-01_10-54-26/2017-09-01_10-54-26.mp4-bee_id_8429-67140-1.png,0,0,False,False,True
test/videos/2017-09-01_10-54-26/2017-09-01_10-54-26.mp4-bee_id_8430-67155-1.png,1,0,True,False,True
test/videos/2017-09-01_10-54-26/2017-09-01_10-54-26.mp4-bee_id_8431-67230-1.png,1,1,True,True,True
test/videos/2017-09-01_10-54-26/2017-09-01_10-54-26.mp4-bee_id_8432-67245-1.png,1,1,True,True,True
test/videos/2017-09-01_10-54-26/2017-09-01_10-54-26.mp4-bee_id_8433-67275-1.png,1,1,True,True,True
test/videos/2017-09-01_10-54-26/2017-09-01_10-54-26.mp4-bee_id_8434-67380-1.png,0,1,False,False,True
test/videos/2017-09-01_10-54-26/2017-09-01_10-54-26.mp4-bee_id_8435-67380-1.png,0,1,False,False,True
test/videos/2017-09-01_10-54-26/2017-09-01_10-54-26.mp4-bee_id_8436-67380-1.png,0,0,False,False,True
test/videos/2017-09-01_10-54-26/2017-09-01_10-54-26.mp4-bee_id_8437-67395-1.png,0,1,False,False,True
test/videos/2017-09-01_10-54-26/2017-09-01_10-54-26.mp4-bee_id_8438-67410-1.png,0,0,False,False,True
test/videos/2017-09-01_10-54-26/2017-09-01_10-54-26.mp4-bee_id_8439-67455-1.png,0,1,False,False,True
test/videos/2017-09-01_10-54-26/2017-09-01_10-54-26.mp4-bee_id_8440-67560-1.png,0,2,False,False,True
test/videos/2017-09-01_10-54-26/2017-09-01_10-54-26.mp4-bee_id_8441-67575-1.png,0,2,False,False,True
test/videos/2017-09-01_10-54-26/2017-09-01_10-54-26.mp4-bee_id_8442-67680-1.png,0,0,False,False,True
test/videos/2017-09-01_10-54-26/2017-09-01_10-54-26.mp4-bee_id_8443-67695-1.png,0,0,False,False,True
test/videos/2017-09-01_10-54-26/2017-09-01_10-54-26.mp4-bee_id_8444-67770-1.png,0,0,False,False,True
test/videos/2017-09-01_10-54-26/2017-09-01_10-54-26.mp4-bee_id_8445-67785-1.png,0,1,False,False,True
test/videos/2017-09-01_10-54-26/2017-09-01_10-54-26.mp4-bee_id_8446-67800-1.png,0,0,False,False,True
test/videos/2017-09-01_10-54-26/2017-09-01_10-54-26.mp4-bee_id_8447-67815-1.png,1,0,True,False,True
test/videos/2017-09-01_10-54-26/2017-09-01_10-54-26.mp4-bee_id_8448-67830-1.png,0,0,False,False,True
test/videos/2017-09-01_10-54-26/2017-09-01_10-54-26.mp4-bee_id_8451-68130-1.png,0,1,False,False,True
test/videos/2017-09-01_10-54-26/2017-09-01_10-54-26.mp4-bee_id_8454-68250-1.png,1,1,True,True,True
test/videos/2017-09-01_10-54-26/2017-09-01_10-54-26.mp4-bee_id_8455-68295-1.png,1,0,True,False,True
test/videos/2017-09-01_10-54-26/2017-09-01_10-54-26.mp4-bee_id_8456-68445-1.png,0,1,False,False,True
test/videos/2017-09-01_10-54-26/2017-09-01_10-54-26.mp4-bee_id_8457-68655-1.png,1,2,True,False,True
test/videos/2017-09-01_10-54-26/2017-09-01_10-54-26.mp4-bee_id_8458-68730-1.png,1,2,True,True,True
test/videos/2017-09-01_10-54-26/2017-09-01_10-54-26.mp4-bee_id_8459-68805-1.png,0,1,False,False,True
test/videos/2017-09-01_10-54-26/2017-09-01_10-54-26.mp4-bee_id_8460-69030-1.png,0,3,False,False,True
test/videos/2017-09-01_10-54-26/2017-09-01_10-54-26.mp4-bee_id_8461-69075-1.png,0,1,False,False,True
test/videos/2017-09-01_10-54-26/2017-09-01_10-54-26.mp4-bee_id_8462-69240-1.png,0,1,False,False,True
test/videos/2017-09-01_10-54-26/2017-09-01_10-54-26.mp4-bee_id_8464-69465-1.png,0,0,False,False,True
test/videos/2017-09-01_10-54-26/2017-09-01_10-54-26.mp4-bee_id_8465-69645-1.png,0,1,False,False,True
test/videos/2017-09-01_10-54-26/2017-09-01_10-54-26.mp4-bee_id_8466-69765-1.png,0,2,False,False,True
test/videos/2017-09-01_10-54-26/2017-09-01_10-54-26.mp4-bee_id_8469-69945-1.png,0,0,False,False,True
test/videos/2017-09-01_10-54-26/2017-09-01_10-54-26.mp4-bee_id_8470-70065-1.png,1,2,True,False,True
test/videos/2017-09-01_10-54-26/2017-09-01_10-54-26.mp4-bee_id_8471-70200-1.png,0,0,False,False,True
test/videos/2017-09-01_10-54-26/2017-09-01_10-54-26.mp4-bee_id_8472-70230-1.png,0,0,False,False,True
test/videos/2017-09-01_10-54-26/2017-09-01_10-54-26.mp4-bee_id_8473-70245-1.png,0,1,False,False,True
test/videos/2017-09-01_10-54-26/2017-09-01_10-54-26.mp4-bee_id_8474-70365-1.png,1,0,True,False,True
test/videos/2017-09-01_10-54-26/2017-09-01_10-54-26.mp4-bee_id_8476-70530-1.png,0,0,False,False,True
test/videos/2017-09-01_10-54-26/2017-09-01_10-54-26.mp4-bee_id_8477-70545-1.png,0,1,False,False,True
test/videos/2017-09-01_10-54-26/2017-09-01_10-54-26.mp4-bee_id_8478-70710-1.png,0,0,False,False,True
test/videos/2017-09-01_10-54-26/2017-09-01_10-54-26.mp4-bee_id_8479-70800-1.png,0,0,False,False,True
test/videos/2017-09-01_10-54-26/2017-09-01_10-54-26.mp4-bee_id_8481-70995-1.png,0,2,False,False,True
test/videos/2017-09-01_10-54-26/2017-09-01_10-54-26.mp4-bee_id_8482-71025-1.png,0,0,False,False,True
test/videos/2017-09-01_10-54-26/2017-09-01_10-54-26.mp4-bee_id_8483-71040-1.png,0,1,False,False,True
test/videos/2017-09-01_10-54-26/2017-09-01_10-54-26.mp4-bee_id_8484-71055-1.png,0,0,False,False,True
test/videos/2017-09-01_10-54-26/2017-09-01_10-54-26.mp4-bee_id_8486-71070-1.png,0,0,False,False,True
test/videos/2017-09-01_10-54-26/2017-09-01_10-54-26.mp4-bee_id_8487-71085-1.png,0,0,False,False,True
test/videos/2017-09-01_10-54-26/2017-09-01_10-54-26.mp4-bee_id_8488-71115-1.png,1,0,True,False,True
test/videos/2017-09-01_10-54-26/2017-09-01_10-54-26.mp4-bee_id_8490-71190-1.png,0,0,False,False,True
test/videos/2017-09-01_10-54-26/2017-09-01_10-54-26.mp4-bee_id_8491-71205-1.png,1,1,True,True,True
test/videos/2017-09-01_10-54-26/2017-09-01_10-54-26.mp4-bee_id_8492-71265-1.png,1,0,True,False,True
test/videos/2017-09-01_10-54-26/2017-09-01_10-54-26.mp4-bee_id_8493-71385-1.png,1,2,True,False,True
test/videos/2017-09-01_10-54-26/2017-09-01_10-54-26.mp4-bee_id_8494-71865-1.png,1,2,True,True,True
test/videos/2017-09-01_10-54-26/2017-09-01_10-54-26.mp4-bee_id_8495-72330-1.png,1,0,True,False,True
test/videos/2017-09-01_10-54-26/2017-09-01_10-54-26.mp4-bee_id_8496-72330-1.png,0,0,False,False,True
test/videos/2017-09-01_10-54-26/2017-09-01_10-54-26.mp4-bee_id_8497-72330-1.png,1,0,True,False,True
test/videos/2017-09-01_10-54-26/2017-09-01_10-54-26.mp4-bee_id_8498-72345-1.png,0,0,False,False,True
test/videos/2017-09-01_10-54-26/2017-09-01_10-54-26.mp4-bee_id_8499-72735-1.png,0,1,False,False,True
test/videos/2017-09-01_10-54-26/2017-09-01_10-54-26.mp4-bee_id_8500-73095-1.png,1,2,True,False,True
test/videos/2017-09-01_10-54-26/2017-09-01_10-54-26.mp4-bee_id_8502-76305-1.png,0,2,False,False,True
test/videos/2017-09-01_10-54-26/2017-09-01_10-54-26.mp4-bee_id_8503-78285-1.png,0,0,False,False,True
test/videos/2017-09-01_10-54-26/2017-09-01_10-54-26.mp4-bee_id_8505-79080-1.png,1,1,True,True,True
test/videos/2017-09-01_10-54-26/2017-09-01_10-54-26.mp4-bee_id_8506-79080-1.png,1,0,True,False,True
test/videos/2017-09-01_10-54-26/2017-09-01_10-54-26.mp4-bee_id_8507-79260-1.png,0,2,False,False,True
test/videos/2017-09-01_10-54-26/2017-09-01_10-54-26.mp4-bee_id_8508-79380-1.png,1,1,True,True,True
test/videos/2017-09-01_10-54-26/2017-09-01_10-54-26.mp4-bee_id_8509-79680-1.png,1,1,True,True,True
test/videos/2017-09-01_10-54-26/2017-09-01_10-54-26.mp4-bee_id_8511-79725-1.png,0,0,False,False,True
test/videos/2017-09-01_10-54-26/2017-09-01_10-54-26.mp4-bee_id_8512-79725-1.png,1,2,True,True,True
test/videos/2017-09-01_10-54-26/2017-09-01_10-54-26.mp4-bee_id_8513-79740-1.png,1,1,True,True,True
test/videos/2017-09-01_10-54-26/2017-09-01_10-54-26.mp4-bee_id_8514-79800-1.png,0,0,False,False,True
test/videos/2017-09-01_10-54-26/2017-09-01_10-54-26.mp4-bee_id_8515-79800-1.png,1,1,True,True,True
test/videos/2017-09-01_10-54-26/2017-09-01_10-54-26.mp4-bee_id_8516-79815-1.png,0,1,False,False,True
test/videos/2017-09-01_10-54-26/2017-09-01_10-54-26.mp4-bee_id_8517-79965-1.png,0,1,False,False,True
test/videos/2017-09-01_10-54-26/2017-09-01_10-54-26.mp4-bee_id_8518-80595-1.png,1,2,True,False,True
test/videos/2017-09-01_10-54-26/2017-09-01_10-54-26.mp4-bee_id_8519-80730-1.png,0,0,False,False,True
test/videos/2017-09-01_10-54-26/2017-09-01_10-54-26.mp4-bee_id_8520-80790-1.png,1,1,True,True,True
test/videos/2017-09-01_10-54-26/2017-09-01_10-54-26.mp4-bee_id_8521-80820-1.png,1,3,True,True,True
test/videos/2017-09-01_10-54-26/2017-09-01_10-54-26.mp4-bee_id_8524-81090-1.png,0,0,False,False,True
test/videos/2017-09-01_10-54-26/2017-09-01_10-54-26.mp4-bee_id_8526-81240-1.png,0,1,False,False,True
test/videos/2017-09-01_10-54-26/2017-09-01_10-54-26.mp4-bee_id_8528-81345-1.png,0,1,False,False,True
test/videos/2017-09-01_10-54-26/2017-09-01_10-54-26.mp4-bee_id_8529-81375-1.png,0,0,False,False,True
test/videos/2017-09-01_10-54-26/2017-09-01_10-54-26.mp4-bee_id_8530-81420-1.png,1,1,True,True,True
test/videos/2017-09-01_10-54-26/2017-09-01_10-54-26.mp4-bee_id_8533-81615-1.png,1,0,True,False,True
test/videos/2017-09-01_10-54-26/2017-09-01_10-54-26.mp4-bee_id_8534-81630-1.png,0,2,False,False,True
test/videos/2017-09-01_10-54-26/2017-09-01_10-54-26.mp4-bee_id_8535-81765-1.png,0,0,False,False,True
test/videos/2017-09-01_10-54-26/2017-09-01_10-54-26.mp4-bee_id_8536-81810-1.png,0,2,False,False,True
test/videos/2017-09-01_10-54-26/2017-09-01_10-54-26.mp4-bee_id_8537-81945-1.png,1,0,True,False,True
test/videos/2017-09-01_10-54-26/2017-09-01_10-54-26.mp4-bee_id_8538-81960-1.png,0,0,False,False,True
test/videos/2017-09-01_10-54-26/2017-09-01_10-54-26.mp4-bee_id_8539-82065-1.png,0,1,False,False,True
test/videos/2017-09-01_10-54-26/2017-09-01_10-54-26.mp4-bee_id_8540-82110-1.png,1,2,True,True,True
test/videos/2017-09-01_10-54-26/2017-09-01_10-54-26.mp4-bee_id_8542-82290-1.png,0,0,False,False,True
test/videos/2017-09-01_10-54-26/2017-09-01_10-54-26.mp4-bee_id_8543-82365-1.png,0,2,False,False,True
test/videos/2017-09-01_10-54-26/2017-09-01_10-54-26.mp4-bee_id_8545-82455-1.png,1,2,True,False,True
test/videos/2017-09-01_10-54-26/2017-09-01_10-54-26.mp4-bee_id_8547-82575-1.png,0,0,False,False,True
test/videos/2017-09-01_10-54-26/2017-09-01_10-54-26.mp4-bee_id_8549-82620-1.png,0,0,False,False,True
test/videos/2017-09-01_10-54-26/2017-09-01_10-54-26.mp4-bee_id_8550-82635-1.png,0,0,False,False,True
test/videos/2017-09-01_10-54-26/2017-09-01_10-54-26.mp4-bee_id_8552-82710-1.png,0,0,False,False,True
test/videos/2017-09-01_10-54-26/2017-09-01_10-54-26.mp4-bee_id_8553-82785-1.png,0,0,False,False,True
test/videos/2017-09-01_10-54-26/2017-09-01_10-54-26.mp4-bee_id_8554-82800-1.png,0,1,False,False,True
test/videos/2017-09-01_10-54-26/2017-09-01_10-54-26.mp4-bee_id_8555-82815-1.png,0,0,False,False,True
test/videos/2017-09-01_10-54-26/2017-09-01_10-54-26.mp4-bee_id_8556-82890-1.png,0,1,False,False,True
test/videos/2017-09-01_10-54-26/2017-09-01_10-54-26.mp4-bee_id_8557-82905-1.png,1,1,True,False,True
test/videos/2017-09-01_10-54-26/2017-09-01_10-54-26.mp4-bee_id_8559-82905-1.png,1,1,True,True,True
test/videos/2017-09-01_10-54-26/2017-09-01_10-54-26.mp4-bee_id_8561-83160-1.png,0,0,False,False,True
test/videos/2017-09-01_10-54-26/2017-09-01_10-54-26.mp4-bee_id_8562-83175-1.png,0,1,False,False,True
test/videos/2017-09-01_10-54-26/2017-09-01_10-54-26.mp4-bee_id_8563-83190-1.png,0,0,False,False,True
test/videos/2017-09-01_10-54-26/2017-09-01_10-54-26.mp4-bee_id_8564-83325-1.png,1,1,True,True,True
test/videos/2017-09-01_10-54-26/2017-09-01_10-54-26.mp4-bee_id_8565-83355-1.png,1,1,True,True,True
test/videos/2017-09-01_10-54-26/2017-09-01_10-54-26.mp4-bee_id_8566-83565-1.png,0,0,False,False,True
test/videos/2017-09-01_10-54-26/2017-09-01_10-54-26.mp4-bee_id_8567-83595-1.png,0,1,False,False,True
test/videos/2017-09-01_10-54-26/2017-09-01_10-54-26.mp4-bee_id_8568-83655-1.png,0,0,False,False,True
test/videos/2017-09-01_10-54-26/2017-09-01_10-54-26.mp4-bee_id_8569-83760-1.png,1,0,True,False,True
test/videos/2017-09-01_10-54-26/2017-09-01_10-54-26.mp4-bee_id_8571-83790-1.png,0,0,False,False,True
test/videos/2017-09-01_10-54-26/2017-09-01_10-54-26.mp4-bee_id_8574-83865-1.png,1,2,True,True,True
test/videos/2017-09-01_10-54-26/2017-09-01_10-54-26.mp4-bee_id_8575-83880-1.png,0,0,False,False,True
test/videos/2017-09-01_10-54-26/2017-09-01_10-54-26.mp4-bee_id_8576-83970-1.png,1,1,True,True,True
test/videos/2017-09-01_10-54-26/2017-09-01_10-54-26.mp4-bee_id_8577-83970-1.png,0,1,False,False,True
test/videos/2017-09-01_10-54-26/2017-09-01_10-54-26.mp4-bee_id_8579-84060-1.png,1,0,True,False,True
test/videos/2017-09-01_10-54-26/2017-09-01_10-54-26.mp4-bee_id_8580-84180-1.png,0,0,False,False,True
test/videos/2017-09-01_10-54-26/2017-09-01_10-54-26.mp4-bee_id_8581-84195-1.png,0,1,False,False,True
test/videos/2017-09-01_10-54-26/2017-09-01_10-54-26.mp4-bee_id_8582-84285-1.png,1,2,True,False,True
test/videos/2017-09-01_10-54-26/2017-09-01_10-54-26.mp4-bee_id_8583-84300-1.png,0,0,False,False,True
test/videos/2017-09-01_10-54-26/2017-09-01_10-54-26.mp4-bee_id_8584-84390-1.png,0,1,False,False,True
test/videos/2017-09-01_10-54-26/2017-09-01_10-54-26.mp4-bee_id_8585-84495-1.png,1,1,True,True,True
test/videos/2017-09-01_10-54-26/2017-09-01_10-54-26.mp4-bee_id_8586-84510-1.png,1,1,True,True,True
test/videos/2017-09-01_10-54-26/2017-09-01_10-54-26.mp4-bee_id_8587-84525-1.png,1,1,True,True,True
test/videos/2017-09-01_10-54-26/2017-09-01_10-54-26.mp4-bee_id_8588-84540-1.png,1,1,True,True,True
test/videos/2017-09-01_10-54-26/2017-09-01_10-54-26.mp4-bee_id_8589-85170-1.png,1,1,True,True,True
test/videos/2017-09-01_10-54-26/2017-09-01_10-54-26.mp4-bee_id_8590-85320-1.png,1,1,True,True,True
test/videos/2017-09-01_10-54-26/2017-09-01_10-54-26.mp4-bee_id_8591-85545-1.png,1,2,True,True,True
test/videos/2017-09-01_10-54-26/2017-09-01_10-54-26.mp4-bee_id_8592-85605-1.png,1,1,True,True,True
test/videos/2017-09-01_10-54-26/2017-09-01_10-54-26.mp4-bee_id_8593-85665-1.png,1,1,True,True,True
test/videos/2017-09-01_10-54-26/2017-09-01_10-54-26.mp4-bee_id_8594-85755-1.png,0,0,False,False,True
test/videos/2017-09-01_10-54-26/2017-09-01_10-54-26.mp4-bee_id_8595-85845-1.png,0,0,False,False,True
test/videos/2017-09-01_10-54-26/2017-09-01_10-54-26.mp4-bee_id_8596-85860-1.png,0,0,False,False,True
test/videos/2017-09-01_10-54-26/2017-09-01_10-54-26.mp4-bee_id_8597-86055-1.png,0,1,False,False,True
test/videos/2017-09-01_10-54-26/2017-09-01_10-54-26.mp4-bee_id_8598-86250-1.png,1,1,True,False,True
test/videos/2017-09-01_10-54-26/2017-09-01_10-54-26.mp4-bee_id_8599-86400-1.png,0,0,False,False,True
test/videos/2017-09-01_10-54-26/2017-09-01_10-54-26.mp4-bee_id_8600-86475-1.png,0,1,False,False,True
test/videos/2017-09-01_10-54-26/2017-09-01_10-54-26.mp4-bee_id_8601-86475-1.png,0,0,False,False,True
test/videos/2017-09-01_10-54-26/2017-09-01_10-54-26.mp4-bee_id_8602-86505-1.png,0,1,False,False,True
test/videos/2017-09-01_10-54-26/2017-09-01_10-54-26.mp4-bee_id_8603-86520-1.png,0,1,False,False,True
test/videos/2017-09-01_10-54-26/2017-09-01_10-54-26.mp4-bee_id_8604-86535-1.png,0,0,False,False,True
test/videos/2017-09-01_10-54-26/2017-09-01_10-54-26.mp4-bee_id_8605-86550-1.png,0,1,False,False,True
test/videos/2017-09-01_10-54-26/2017-09-01_10-54-26.mp4-bee_id_8606-86670-1.png,0,0,False,False,True
test/videos/2017-09-01_10-54-26/2017-09-01_10-54-26.mp4-bee_id_8607-86790-1.png,0,3,False,False,True
test/videos/2017-09-01_10-54-26/2017-09-01_10-54-26.mp4-bee_id_8608-86850-1.png,0,0,False,False,True
test/videos/2017-09-01_10-54-26/2017-09-01_10-54-26.mp4-bee_id_8609-86865-1.png,0,1,False,False,True
test/videos/2017-09-01_10-54-26/2017-09-01_10-54-26.mp4-bee_id_8610-86880-1.png,0,1,False,False,True
test/videos/2017-09-01_10-54-26/2017-09-01_10-54-26.mp4-bee_id_8611-87060-1.png,0,1,False,False,True
test/videos/2017-09-01_10-54-26/2017-09-01_10-54-26.mp4-bee_id_8612-87075-1.png,0,1,False,False,True
test/videos/2017-09-01_10-54-26/2017-09-01_10-54-26.mp4-bee_id_8613-87270-1.png,0,0,False,False,True
test/videos/2017-09-01_10-54-26/2017-09-01_10-54-26.mp4-bee_id_8614-87285-1.png,0,0,False,False,True
test/videos/2017-09-01_10-54-26/2017-09-01_10-54-26.mp4-bee_id_8615-87285-1.png,1,2,True,True,True
test/videos/2017-09-01_10-54-26/2017-09-01_10-54-26.mp4-bee_id_8617-87330-1.png,0,0,False,False,True
test/videos/2017-09-01_10-54-26/2017-09-01_10-54-26.mp4-bee_id_8618-87345-1.png,0,0,False,False,True
test/videos/2017-09-01_10-54-26/2017-09-01_10-54-26.mp4-bee_id_8619-87345-1.png,0,0,False,False,True
test/videos/2017-09-01_10-54-26/2017-09-01_10-54-26.mp4-bee_id_8620-87360-1.png,0,0,False,False,True
test/videos/2017-09-01_10-54-26/2017-09-01_10-54-26.mp4-bee_id_8621-87390-1.png,0,0,False,False,True
test/videos/2017-09-01_10-54-26/2017-09-01_10-54-26.mp4-bee_id_8622-87420-1.png,0,1,False,False,True
test/videos/2017-09-01_10-54-26/2017-09-01_10-54-26.mp4-bee_id_8623-87435-1.png,0,0,False,False,True
test/videos/2017-09-01_10-54-26/2017-09-01_10-54-26.mp4-bee_id_8624-87450-1.png,0,2,False,False,True
test/videos/2017-09-01_10-54-26/2017-09-01_10-54-26.mp4-bee_id_8625-87465-1.png,0,0,False,False,True
test/videos/2017-09-01_10-54-26/2017-09-01_10-54-26.mp4-bee_id_8626-87540-1.png,1,2,True,False,True
test/videos/2017-09-01_10-54-26/2017-09-01_10-54-26.mp4-bee_id_8627-87630-1.png,1,1,True,False,True
test/videos/2017-09-01_10-54-26/2017-09-01_10-54-26.mp4-bee_id_8628-87660-1.png,1,0,True,False,True
test/videos/2017-09-01_10-54-26/2017-09-01_10-54-26.mp4-bee_id_8629-87675-1.png,0,1,False,False,True
test/videos/2017-09-01_10-54-26/2017-09-01_10-54-26.mp4-bee_id_8631-87720-1.png,0,0,False,False,True
test/videos/2017-09-01_10-54-26/2017-09-01_10-54-26.mp4-bee_id_8633-87840-1.png,0,1,False,False,True
test/videos/2017-09-01_10-54-26/2017-09-01_10-54-26.mp4-bee_id_8634-87840-1.png,0,0,False,False,True
test/videos/2017-09-01_10-54-26/2017-09-01_10-54-26.mp4-bee_id_8635-87855-1.png,0,0,False,False,True
test/videos/2017-09-01_10-54-26/2017-09-01_10-54-26.mp4-bee_id_8636-87870-1.png,0,0,False,False,True
test/videos/2017-09-01_10-54-26/2017-09-01_10-54-26.mp4-bee_id_8637-87900-1.png,1,3,True,True,True
test/videos/2017-09-01_10-54-26/2017-09-01_10-54-26.mp4-bee_id_8638-87960-1.png,0,0,False,False,True
test/videos/2017-09-01_10-54-26/2017-09-01_10-54-26.mp4-bee_id_8639-87990-1.png,0,2,False,False,True
test/videos/2017-09-01_10-54-26/2017-09-01_10-54-26.mp4-bee_id_8640-88035-1.png,0,3,False,False,True
test/videos/2017-09-01_10-54-26/2017-09-01_10-54-26.mp4-bee_id_8641-88065-1.png,0,0,False,False,True
test/videos/2017-09-01_10-54-26/2017-09-01_10-54-26.mp4-bee_id_8642-88080-1.png,0,0,False,False,True
test/videos/2017-09-01_10-54-26/2017-09-01_10-54-26.mp4-bee_id_8643-88095-1.png,0,0,False,False,True
test/videos/2017-09-01_10-54-26/2017-09-01_10-54-26.mp4-bee_id_8644-88140-1.png,1,1,True,True,True
test/videos/2017-09-01_10-54-26/2017-09-01_10-54-26.mp4-bee_id_8645-88155-1.png,0,0,False,False,True
test/videos/2017-09-01_10-54-26/2017-09-01_10-54-26.mp4-bee_id_8647-88200-1.png,0,0,False,False,True
test/videos/2017-09-01_10-54-26/2017-09-01_10-54-26.mp4-bee_id_8648-88215-1.png,1,1,True,True,True
test/videos/2017-09-01_10-54-26/2017-09-01_10-54-26.mp4-bee_id_8649-88305-1.png,0,2,False,False,True
test/videos/2017-09-01_10-54-26/2017-09-01_10-54-26.mp4-bee_id_8650-88350-1.png,1,0,True,False,True
test/videos/2017-09-01_10-54-26/2017-09-01_10-54-26.mp4-bee_id_8651-88365-1.png,0,0,False,False,True
test/videos/2017-09-01_10-54-26/2017-09-01_10-54-26.mp4-bee_id_8652-88365-1.png,0,0,False,False,True
test/videos/2017-09-01_10-54-26/2017-09-01_10-54-26.mp4-bee_id_8653-88380-1.png,0,1,False,False,True
test/videos/2017-09-01_10-54-26/2017-09-01_10-54-26.mp4-bee_id_8654-88395-1.png,0,0,False,False,True
test/videos/2017-09-01_10-54-26/2017-09-01_10-54-26.mp4-bee_id_8655-88485-1.png,1,2,True,True,True
test/videos/2017-09-01_10-54-26/2017-09-01_10-54-26.mp4-bee_id_8656-88605-1.png,0,0,False,False,True
test/videos/2017-09-01_10-54-26/2017-09-01_10-54-26.mp4-bee_id_8657-88620-1.png,0,0,False,False,True
test/videos/2017-09-01_10-54-26/2017-09-01_10-54-26.mp4-bee_id_8658-88665-1.png,0,0,False,False,True
test/videos/2017-09-01_10-54-26/2017-09-01_10-54-26.mp4-bee_id_8659-88695-1.png,0,0,False,False,True
test/videos/2017-09-01_10-54-26/2017-09-01_10-54-26.mp4-bee_id_8661-88710-1.png,1,2,True,True,True
test/videos/2017-09-01_10-54-26/2017-09-01_10-54-26.mp4-bee_id_8662-88740-1.png,0,0,False,False,True
test/videos/2017-09-01_10-54-26/2017-09-01_10-54-26.mp4-bee_id_8663-88755-1.png,0,0,False,False,True
test/videos/2017-09-01_10-54-26/2017-09-01_10-54-26.mp4-bee_id_8664-88770-1.png,0,0,False,False,True
test/videos/2017-09-01_10-54-26/2017-09-01_10-54-26.mp4-bee_id_8665-88800-1.png,1,1,True,True,True
test/videos/2017-09-01_10-54-26/2017-09-01_10-54-26.mp4-bee_id_8666-88815-1.png,0,0,False,False,True
test/videos/2017-09-01_10-54-26/2017-09-01_10-54-26.mp4-bee_id_8667-88860-1.png,1,1,True,True,True
test/videos/2017-09-01_10-54-26/2017-09-01_10-54-26.mp4-bee_id_8668-88920-1.png,0,0,False,False,True
test/videos/2017-09-01_10-54-26/2017-09-01_10-54-26.mp4-bee_id_8669-88995-1.png,0,0,False,False,True
test/videos/2017-09-01_10-54-26/2017-09-01_10-54-26.mp4-bee_id_8670-89055-1.png,0,0,False,False,True
test/videos/2017-09-01_10-54-26/2017-09-01_10-54-26.mp4-bee_id_8671-89070-1.png,0,0,False,False,True
test/videos/2017-09-01_10-54-26/2017-09-01_10-54-26.mp4-bee_id_8672-89085-1.png,0,0,False,False,True
test/videos/2017-09-01_10-54-26/2017-09-01_10-54-26.mp4-bee_id_8673-89115-1.png,1,1,True,True,True
test/videos/2017-09-01_10-54-26/2017-09-01_10-54-26.mp4-bee_id_8674-89115-1.png,0,0,False,False,True
test/videos/2017-09-01_10-54-26/2017-09-01_10-54-26.mp4-bee_id_8675-89130-1.png,1,0,True,False,True
test/videos/2017-09-01_10-54-26/2017-09-01_10-54-26.mp4-bee_id_8676-89160-1.png,0,0,False,False,True
test/videos/2017-09-01_10-54-26/2017-09-01_10-54-26.mp4-bee_id_8677-89205-1.png,0,0,False,False,True
test/videos/2017-09-01_10-54-26/2017-09-01_10-54-26.mp4-bee_id_8678-89220-1.png,1,1,True,False,True
test/videos/2017-09-01_10-54-26/2017-09-01_10-54-26.mp4-bee_id_8679-89235-1.png,0,0,False,False,True
test/videos/2017-09-01_10-54-26/2017-09-01_10-54-26.mp4-bee_id_8680-89235-1.png,1,1,True,True,True
test/videos/2017-09-01_10-54-26/2017-09-01_10-54-26.mp4-bee_id_8681-89250-1.png,1,0,True,False,True
test/videos/2017-09-01_10-54-26/2017-09-01_10-54-26.mp4-bee_id_8682-89295-1.png,0,1,False,False,True
test/videos/2017-09-01_10-54-26/2017-09-01_10-54-26.mp4-bee_id_8683-89310-1.png,0,3,False,False,True
test/videos/2017-09-01_10-54-26/2017-09-01_10-54-26.mp4-bee_id_8684-89430-1.png,0,2,False,False,True
test/videos/2017-09-01_10-54-26/2017-09-01_10-54-26.mp4-bee_id_8685-89445-1.png,1,3,True,True,True
test/videos/2017-09-01_10-54-26/2017-09-01_10-54-26.mp4-bee_id_8686-89445-1.png,1,2,True,True,True
test/videos/2017-09-01_10-54-26/2017-09-01_10-54-26.mp4-bee_id_8687-89460-1.png,0,0,False,False,True
test/videos/2017-09-01_10-54-26/2017-09-01_10-54-26.mp4-bee_id_8688-89520-1.png,0,0,False,False,True
test/videos/2017-09-01_10-54-26/2017-09-01_10-54-26.mp4-bee_id_8689-89700-1.png,0,0,False,False,True
test/videos/2017-09-01_10-54-26/2017-09-01_10-54-26.mp4-bee_id_8690-89775-1.png,1,2,True,True,True
test/videos/2017-09-01_10-54-26/2017-09-01_10-54-26.mp4-bee_id_8691-89790-1.png,0,0,False,False,True
test/videos/2017-09-01_10-54-26/2017-09-01_10-54-26.mp4-bee_id_8692-89835-1.png,0,2,False,False,True
test/videos/2017-09-01_10-54-26/2017-09-01_10-54-26.mp4-bee_id_8693-89880-1.png,0,0,False,False,True
test/videos/2017-09-01_10-54-26/2017-09-01_10-54-26.mp4-bee_id_8694-89910-1.png,0,0,False,False,True
test/videos/2017-09-01_10-54-26/2017-09-01_10-54-26.mp4-bee_id_8695-89955-1.png,0,3,False,False,True
test/videos/2017-09-01_10-54-26/2017-09-01_10-54-26.mp4-bee_id_8696-90120-1.png,0,0,False,False,True
test/videos/2017-09-01_10-54-26/2017-09-01_10-54-26.mp4-bee_id_8697-90135-1.png,0,0,False,False,True
test/videos/2017-09-01_10-54-26/2017-09-01_10-54-26.mp4-bee_id_8698-90165-1.png,0,0,False,False,True
test/videos/2017-09-01_10-54-26/2017-09-01_10-54-26.mp4-bee_id_8699-90195-1.png,0,0,False,False,True
test/videos/2017-09-01_10-54-26/2017-09-01_10-54-26.mp4-bee_id_8700-90210-1.png,0,0,False,False,True
test/videos/2017-09-01_10-54-26/2017-09-01_10-54-26.mp4-bee_id_8701-90225-1.png,0,0,False,False,True
test/videos/2017-09-01_10-54-26/2017-09-01_10-54-26.mp4-bee_id_8702-90240-1.png,0,0,False,False,True
test/videos/2017-09-01_10-54-26/2017-09-01_10-54-26.mp4-bee_id_8703-90270-1.png,0,0,False,False,True
test/videos/2017-09-01_10-54-26/2017-09-01_10-54-26.mp4-bee_id_8704-90285-1.png,0,1,False,False,True
test/videos/2017-09-01_10-54-26/2017-09-01_10-54-26.mp4-bee_id_8705-90435-1.png,0,2,False,False,True
test/videos/2017-09-01_10-54-26/2017-09-01_10-54-26.mp4-bee_id_8706-90675-1.png,0,0,False,False,True
test/videos/2017-09-01_10-54-26/2017-09-01_10-54-26.mp4-bee_id_8707-90780-1.png,0,0,False,False,True
test/videos/2017-09-01_10-54-26/2017-09-01_10-54-26.mp4-bee_id_8708-90855-1.png,0,2,False,False,True
test/videos/2017-09-01_10-54-26/2017-09-01_10-54-26.mp4-bee_id_8709-90915-1.png,0,1,False,False,True
test/videos/2017-09-01_10-54-26/2017-09-01_10-54-26.mp4-bee_id_8710-90975-1.png,0,0,False,False,True
test/videos/2017-09-01_10-54-26/2017-09-01_10-54-26.mp4-bee_id_8711-91020-1.png,0,1,False,False,True
test/videos/2017-09-01_10-54-26/2017-09-01_10-54-26.mp4-bee_id_8712-91065-1.png,0,1,False,False,True
test/videos/2017-09-01_10-54-26/2017-09-01_10-54-26.mp4-bee_id_8713-91245-1.png,1,1,True,True,True
test/videos/2017-09-01_10-54-26/2017-09-01_10-54-26.mp4-bee_id_8714-91335-1.png,1,1,True,True,True
test/videos/2017-09-01_10-54-26/2017-09-01_10-54-26.mp4-bee_id_8715-91350-1.png,0,0,False,False,False
test/videos/2017-09-01_10-54-26/2017-09-01_10-54-26.mp4-bee_id_8716-91350-1.png,1,2,True,True,True
test/videos/2017-09-01_10-54-26/2017-09-01_10-54-26.mp4-bee_id_8718-91425-1.png,1,0,True,False,True
test/videos/2017-09-01_10-54-26/2017-09-01_10-54-26.mp4-bee_id_8719-91485-1.png,1,1,True,True,True
test/videos/2017-09-01_10-54-26/2017-09-01_10-54-26.mp4-bee_id_8720-91530-1.png,0,0,False,False,True
test/videos/2017-09-01_10-54-26/2017-09-01_10-54-26.mp4-bee_id_8721-91530-1.png,1,1,True,False,True
test/videos/2017-09-01_10-54-26/2017-09-01_10-54-26.mp4-bee_id_8722-91635-1.png,0,0,False,False,True
test/videos/2017-09-01_10-54-26/2017-09-01_10-54-26.mp4-bee_id_8723-91650-1.png,0,1,False,False,True
test/videos/2017-09-01_10-54-26/2017-09-01_10-54-26.mp4-bee_id_8724-91680-1.png,0,0,False,False,True
test/videos/2017-09-01_10-54-26/2017-09-01_10-54-26.mp4-bee_id_8727-91845-1.png,0,1,False,False,True
test/videos/2017-09-01_10-54-26/2017-09-01_10-54-26.mp4-bee_id_8729-91935-1.png,0,0,False,False,True
test/videos/2017-09-01_10-54-26/2017-09-01_10-54-26.mp4-bee_id_8730-91935-1.png,1,1,True,False,True
test/videos/2017-09-01_10-54-26/2017-09-01_10-54-26.mp4-bee_id_8731-91950-1.png,0,1,False,False,True
test/videos/2017-09-01_10-54-26/2017-09-01_10-54-26.mp4-bee_id_8732-92010-1.png,0,0,False,False,True
test/videos/2017-09-01_10-54-26/2017-09-01_10-54-26.mp4-bee_id_8733-92025-1.png,0,0,False,False,True
test/videos/2017-09-01_10-54-26/2017-09-01_10-54-26.mp4-bee_id_8734-92040-1.png,1,1,True,False,True
test/videos/2017-09-01_10-54-26/2017-09-01_10-54-26.mp4-bee_id_8736-92100-1.png,0,1,False,False,True
test/videos/2017-09-01_10-54-26/2017-09-01_10-54-26.mp4-bee_id_8739-92340-1.png,0,2,False,False,True
test/videos/2017-09-01_10-54-26/2017-09-01_10-54-26.mp4-bee_id_8741-92595-1.png,0,0,False,False,True
test/videos/2017-09-01_10-54-26/2017-09-01_10-54-26.mp4-bee_id_8742-92625-1.png,0,0,False,False,True
test/videos/2017-09-01_10-54-26/2017-09-01_10-54-26.mp4-bee_id_8745-92670-1.png,1,0,True,False,True
test/videos/2017-09-01_10-54-26/2017-09-01_10-54-26.mp4-bee_id_8747-92850-1.png,1,0,True,False,True
test/videos/2017-09-01_10-54-26/2017-09-01_10-54-26.mp4-bee_id_8749-92925-1.png,0,0,False,False,True
test/videos/2017-09-01_10-54-26/2017-09-01_10-54-26.mp4-bee_id_8752-93075-1.png,0,0,False,False,True
test/videos/2017-09-01_10-54-26/2017-09-01_10-54-26.mp4-bee_id_8753-93090-1.png,0,1,False,False,True
test/videos/2017-09-01_10-54-26/2017-09-01_10-54-26.mp4-bee_id_8754-93105-1.png,0,1,False,False,True
test/videos/2017-09-01_10-54-26/2017-09-01_10-54-26.mp4-bee_id_8755-93435-1.png,0,1,False,False,True
test/videos/2017-09-01_10-54-26/2017-09-01_10-54-26.mp4-bee_id_8758-93660-1.png,0,2,False,False,True
test/videos/2017-09-01_10-54-26/2017-09-01_10-54-26.mp4-bee_id_8761-93720-1.png,1,1,True,True,True
test/videos/2017-09-01_10-54-26/2017-09-01_10-54-26.mp4-bee_id_8762-93720-1.png,1,1,True,False,True
test/videos/2017-09-01_10-54-26/2017-09-01_10-54-26.mp4-bee_id_8763-93720-1.png,0,0,False,False,True
test/videos/2017-09-01_10-54-26/2017-09-01_10-54-26.mp4-bee_id_8764-93735-1.png,0,1,False,False,True
test/videos/2017-09-01_10-54-26/2017-09-01_10-54-26.mp4-bee_id_8765-93780-1.png,0,0,False,False,True
test/videos/2017-09-01_10-54-26/2017-09-01_10-54-26.mp4-bee_id_8766-93825-1.png,0,0,False,False,True
test/videos/2017-09-01_10-54-26/2017-09-01_10-54-26.mp4-bee_id_8767-93975-1.png,0,1,False,False,True
test/videos/2017-09-01_10-54-26/2017-09-01_10-54-26.mp4-bee_id_8768-94020-1.png,1,0,True,False,True
test/videos/2017-09-01_10-54-26/2017-09-01_10-54-26.mp4-bee_id_8769-94020-1.png,0,1,False,False,True
test/videos/2017-09-01_10-54-26/2017-09-01_10-54-26.mp4-bee_id_8770-94050-1.png,0,0,False,False,True
test/videos/2017-09-01_10-54-26/2017-09-01_10-54-26.mp4-bee_id_8771-94080-1.png,0,0,False,False,True
test/videos/2017-09-01_10-54-26/2017-09-01_10-54-26.mp4-bee_id_8772-94095-1.png,0,0,False,False,True
test/videos/2017-09-01_10-54-26/2017-09-01_10-54-26.mp4-bee_id_8773-94170-1.png,1,1,True,True,True
test/videos/2017-09-01_10-54-26/2017-09-01_10-54-26.mp4-bee_id_8774-94185-1.png,1,0,True,False,True
test/videos/2017-09-01_10-54-26/2017-09-01_10-54-26.mp4-bee_id_8775-94215-1.png,1,0,True,False,True
test/videos/2017-09-01_10-54-26/2017-09-01_10-54-26.mp4-bee_id_8776-94230-1.png,0,0,False,False,True
test/videos/2017-09-01_10-54-26/2017-09-01_10-54-26.mp4-bee_id_8777-94245-1.png,1,0,True,False,True
test/videos/2017-09-01_10-54-26/2017-09-01_10-54-26.mp4-bee_id_8778-94260-1.png,0,0,False,False,True
test/videos/2017-09-01_10-54-26/2017-09-01_10-54-26.mp4-bee_id_8779-94380-1.png,1,1,True,False,True
test/videos/2017-09-01_10-54-26/2017-09-01_10-54-26.mp4-bee_id_8780-94395-1.png,1,0,True,False,True
test/videos/2017-09-01_10-54-26/2017-09-01_10-54-26.mp4-bee_id_8781-94410-1.png,1,0,True,False,True
test/videos/2017-09-01_10-54-26/2017-09-01_10-54-26.mp4-bee_id_8782-94470-1.png,1,2,True,False,True
test/videos/2017-09-01_10-54-26/2017-09-01_10-54-26.mp4-bee_id_8783-94590-1.png,1,2,True,True,True
test/videos/2017-09-01_10-54-26/2017-09-01_10-54-26.mp4-bee_id_8784-94605-1.png,1,1,True,True,True
test/videos/2017-09-01_10-54-26/2017-09-01_10-54-26.mp4-bee_id_8785-94620-1.png,1,1,True,True,True
test/videos/2017-09-01_10-54-26/2017-09-01_10-54-26.mp4-bee_id_8786-94635-1.png,1,0,True,False,True
test/videos/2017-09-01_10-54-26/2017-09-01_10-54-26.mp4-bee_id_8787-94680-1.png,0,0,False,False,True
test/videos/2017-09-01_10-54-26/2017-09-01_10-54-26.mp4-bee_id_8788-94695-1.png,0,2,False,False,True
test/videos/2017-09-01_10-54-26/2017-09-01_10-54-26.mp4-bee_id_8789-94710-1.png,0,0,False,False,True
test/videos/2017-09-01_10-54-26/2017-09-01_10-54-26.mp4-bee_id_8790-94740-1.png,0,0,False,False,True
test/videos/2017-09-01_10-54-26/2017-09-01_10-54-26.mp4-bee_id_8791-94755-1.png,1,1,True,True,True
test/videos/2017-09-01_10-54-26/2017-09-01_10-54-26.mp4-bee_id_8792-94950-1.png,1,1,True,True,True
test/videos/2017-09-01_10-54-26/2017-09-01_10-54-26.mp4-bee_id_8793-94965-1.png,0,0,False,False,True
test/videos/2017-09-01_10-54-26/2017-09-01_10-54-26.mp4-bee_id_8794-94965-1.png,1,0,True,False,True
test/videos/2017-09-01_10-54-26/2017-09-01_10-54-26.mp4-bee_id_8795-94980-1.png,0,0,False,False,True
test/videos/2017-09-01_10-54-26/2017-09-01_10-54-26.mp4-bee_id_8796-94980-1.png,1,2,True,False,True
test/videos/2017-09-01_10-54-26/2017-09-01_10-54-26.mp4-bee_id_8798-95010-1.png,1,1,True,False,True
test/videos/2017-09-01_10-54-26/2017-09-01_10-54-26.mp4-bee_id_8799-95040-1.png,1,2,True,True,True
test/videos/2017-09-01_10-54-26/2017-09-01_10-54-26.mp4-bee_id_8800-95055-1.png,1,3,True,True,True
test/videos/2017-09-01_10-54-26/2017-09-01_10-54-26.mp4-bee_id_8801-95070-1.png,1,1,True,False,True
test/videos/2017-09-01_10-54-26/2017-09-01_10-54-26.mp4-bee_id_8802-95100-1.png,1,1,True,True,True
test/videos/2017-09-01_10-54-26/2017-09-01_10-54-26.mp4-bee_id_8803-95160-1.png,0,2,False,False,True
test/videos/2017-09-01_10-54-26/2017-09-01_10-54-26.mp4-bee_id_8804-95385-1.png,0,0,False,False,True
test/videos/2017-09-01_10-54-26/2017-09-01_10-54-26.mp4-bee_id_8805-95400-1.png,0,0,False,False,True
test/videos/2017-09-01_10-54-26/2017-09-01_10-54-26.mp4-bee_id_8806-95415-1.png,0,1,False,False,True
test/videos/2017-09-01_10-54-26/2017-09-01_10-54-26.mp4-bee_id_8807-95445-1.png,0,0,False,False,True
test/videos/2017-09-01_10-54-26/2017-09-01_10-54-26.mp4-bee_id_8808-95460-1.png,0,0,False,False,True
test/videos/2017-09-01_10-54-26/2017-09-01_10-54-26.mp4-bee_id_8809-95595-1.png,0,1,False,False,True
test/videos/2017-09-01_10-54-26/2017-09-01_10-54-26.mp4-bee_id_8810-95730-1.png,1,1,True,True,True
test/videos/2017-09-01_10-54-26/2017-09-01_10-54-26.mp4-bee_id_8811-95745-1.png,1,2,True,True,True
test/videos/2017-09-01_10-54-26/2017-09-01_10-54-26.mp4-bee_id_8812-95745-1.png,0,0,False,False,True
test/videos/2017-09-01_10-54-26/2017-09-01_10-54-26.mp4-bee_id_8813-95790-1.png,1,0,True,False,True
test/videos/2017-09-01_10-54-26/2017-09-01_10-54-26.mp4-bee_id_8814-95805-1.png,0,0,False,False,True
test/videos/2017-09-01_10-54-26/2017-09-01_10-54-26.mp4-bee_id_8815-95805-1.png,1,1,True,True,True
test/videos/2017-09-01_10-54-26/2017-09-01_10-54-26.mp4-bee_id_8816-95820-1.png,1,1,True,True,True
test/videos/2017-09-01_10-54-26/2017-09-01_10-54-26.mp4-bee_id_8817-95835-1.png,1,1,True,True,True
test/videos/2017-09-01_10-54-26/2017-09-01_10-54-26.mp4-bee_id_8818-95850-1.png,1,1,True,True,True
test/videos/2017-09-01_10-54-26/2017-09-01_10-54-26.mp4-bee_id_8819-95865-1.png,1,2,True,True,True
test/videos/2017-09-01_10-54-26/2017-09-01_10-54-26.mp4-bee_id_8820-95880-1.png,1,2,True,True,True
test/videos/2017-09-01_10-54-26/2017-09-01_10-54-26.mp4-bee_id_8821-96000-1.png,0,1,False,False,True
test/videos/2017-09-01_10-54-26/2017-09-01_10-54-26.mp4-bee_id_8822-96015-1.png,0,0,False,False,True
test/videos/2017-09-01_10-54-26/2017-09-01_10-54-26.mp4-bee_id_8824-96090-1.png,0,0,False,False,True
test/videos/2017-09-01_10-54-26/2017-09-01_10-54-26.mp4-bee_id_8825-96105-1.png,0,0,False,False,True
test/videos/2017-09-01_10-54-26/2017-09-01_10-54-26.mp4-bee_id_8826-96120-1.png,0,0,False,False,True
test/videos/2017-09-01_10-54-26/2017-09-01_10-54-26.mp4-bee_id_8827-96195-1.png,1,0,True,False,True
test/videos/2017-09-01_10-54-26/2017-09-01_10-54-26.mp4-bee_id_8828-96210-1.png,0,1,False,False,True
test/videos/2017-09-01_10-54-26/2017-09-01_10-54-26.mp4-bee_id_8829-96315-1.png,0,0,False,False,True
test/videos/2017-09-01_10-54-26/2017-09-01_10-54-26.mp4-bee_id_8830-96315-1.png,1,1,True,True,True
test/videos/2017-09-01_10-54-26/2017-09-01_10-54-26.mp4-bee_id_8831-96330-1.png,0,0,False,False,True
test/videos/2017-09-01_10-54-26/2017-09-01_10-54-26.mp4-bee_id_8833-96345-1.png,0,0,False,False,True
test/videos/2017-09-01_10-54-26/2017-09-01_10-54-26.mp4-bee_id_8834-96390-1.png,0,0,False,False,True
test/videos/2017-09-01_10-54-26/2017-09-01_10-54-26.mp4-bee_id_8835-96525-1.png,0,0,False,False,True
test/videos/2017-09-01_10-54-26/2017-09-01_10-54-26.mp4-bee_id_8836-96600-1.png,1,1,True,False,True
test/videos/2017-09-01_10-54-26/2017-09-01_10-54-26.mp4-bee_id_8837-96645-1.png,0,1,False,False,True
test/videos/2017-09-01_10-54-26/2017-09-01_10-54-26.mp4-bee_id_8838-96645-1.png,1,1,True,True,True
test/videos/2017-09-01_10-54-26/2017-09-01_10-54-26.mp4-bee_id_8840-96765-1.png,0,1,False,False,True
test/videos/2017-09-01_10-54-26/2017-09-01_10-54-26.mp4-bee_id_8841-96780-1.png,1,0,True,False,True
test/videos/2017-09-01_10-54-26/2017-09-01_10-54-26.mp4-bee_id_8842-96795-1.png,0,0,False,False,True
test/videos/2017-09-01_10-54-26/2017-09-01_10-54-26.mp4-bee_id_8845-96870-1.png,0,1,False,False,True
test/videos/2017-09-01_10-54-26/2017-09-01_10-54-26.mp4-bee_id_8846-96885-1.png,0,0,False,False,True
test/videos/2017-09-01_10-54-26/2017-09-01_10-54-26.mp4-bee_id_8847-96945-1.png,0,0,False,False,True
test/videos/2017-09-01_10-54-26/2017-09-01_10-54-26.mp4-bee_id_8848-96960-1.png,0,0,False,False,True
test/videos/2017-09-01_10-54-26/2017-09-01_10-54-26.mp4-bee_id_8849-97140-1.png,0,0,False,False,True
test/videos/2017-09-01_10-54-26/2017-09-01_10-54-26.mp4-bee_id_8850-97155-1.png,0,0,False,False,True
test/videos/2017-09-01_10-54-26/2017-09-01_10-54-26.mp4-bee_id_8851-97215-1.png,0,0,False,False,True
test/videos/2017-09-01_10-54-26/2017-09-01_10-54-26.mp4-bee_id_8852-97215-1.png,0,0,False,False,True
test/videos/2017-09-01_10-54-26/2017-09-01_10-54-26.mp4-bee_id_8853-97230-1.png,0,0,False,False,True
test/videos/2017-09-01_10-54-26/2017-09-01_10-54-26.mp4-bee_id_8854-97245-1.png,0,0,False,False,True
test/videos/2017-09-01_10-54-26/2017-09-01_10-54-26.mp4-bee_id_8855-97290-1.png,0,0,False,False,True
test/videos/2017-09-01_10-54-26/2017-09-01_10-54-26.mp4-bee_id_8857-97350-1.png,0,0,False,False,True
test/videos/2017-09-01_10-54-26/2017-09-01_10-54-26.mp4-bee_id_8858-97365-1.png,0,0,False,False,True
test/videos/2017-09-01_10-54-26/2017-09-01_10-54-26.mp4-bee_id_8859-97380-1.png,0,1,False,False,True
test/videos/2017-09-01_10-54-26/2017-09-01_10-54-26.mp4-bee_id_8860-97485-1.png,1,3,True,True,True
test/videos/2017-09-01_10-54-26/2017-09-01_10-54-26.mp4-bee_id_8861-97500-1.png,1,2,True,True,True
test/videos/2017-09-01_10-54-26/2017-09-01_10-54-26.mp4-bee_id_8862-97545-1.png,0,0,False,False,True
test/videos/2017-09-01_10-54-26/2017-09-01_10-54-26.mp4-bee_id_8863-97560-1.png,0,0,False,False,True
test/videos/2017-09-01_10-54-26/2017-09-01_10-54-26.mp4-bee_id_8864-97575-1.png,0,0,False,False,True
test/videos/2017-09-01_10-54-26/2017-09-01_10-54-26.mp4-bee_id_8865-97680-1.png,0,0,False,False,True
test/videos/2017-09-01_10-54-26/2017-09-01_10-54-26.mp4-bee_id_8867-97830-1.png,0,1,False,False,True
test/videos/2017-09-01_10-54-26/2017-09-01_10-54-26.mp4-bee_id_8868-97845-1.png,0,0,False,False,True
test/videos/2017-09-01_10-54-26/2017-09-01_10-54-26.mp4-bee_id_8869-98040-1.png,1,2,True,True,True
test/videos/2017-09-01_10-54-26/2017-09-01_10-54-26.mp4-bee_id_8870-98055-1.png,1,1,True,True,True
test/videos/2017-09-01_10-54-26/2017-09-01_10-54-26.mp4-bee_id_8872-98100-1.png,0,0,False,False,True
test/videos/2017-09-01_10-54-26/2017-09-01_10-54-26.mp4-bee_id_8873-98115-1.png,0,0,False,False,True
test/videos/2017-09-01_10-54-26/2017-09-01_10-54-26.mp4-bee_id_8874-98130-1.png,0,0,False,False,True
test/videos/2017-09-01_10-54-26/2017-09-01_10-54-26.mp4-bee_id_8875-98145-1.png,0,0,False,False,True
test/videos/2017-09-01_10-54-26/2017-09-01_10-54-26.mp4-bee_id_8876-98160-1.png,1,1,True,True,True
test/videos/2017-09-01_10-54-26/2017-09-01_10-54-26.mp4-bee_id_8877-98175-1.png,0,0,False,False,True
test/videos/2017-09-01_10-54-26/2017-09-01_10-54-26.mp4-bee_id_8878-98190-1.png,0,0,False,False,True
test/videos/2017-09-01_10-54-26/2017-09-01_10-54-26.mp4-bee_id_8879-98205-1.png,1,1,True,True,True
test/videos/2017-09-01_10-54-26/2017-09-01_10-54-26.mp4-bee_id_8880-98280-1.png,1,0,True,False,True
test/videos/2017-09-01_10-54-26/2017-09-01_10-54-26.mp4-bee_id_8881-98370-1.png,1,1,True,True,True
test/videos/2017-09-01_10-54-26/2017-09-01_10-54-26.mp4-bee_id_8882-98460-1.png,0,0,False,False,True
test/videos/2017-09-01_10-54-26/2017-09-01_10-54-26.mp4-bee_id_8883-98475-1.png,0,0,False,False,True
test/videos/2017-09-01_10-54-26/2017-09-01_10-54-26.mp4-bee_id_8884-98520-1.png,0,1,False,False,True
test/videos/2017-09-01_10-54-26/2017-09-01_10-54-26.mp4-bee_id_8885-98535-1.png,0,1,False,False,True
test/videos/2017-09-01_10-54-26/2017-09-01_10-54-26.mp4-bee_id_8887-98565-1.png,0,1,False,False,True
test/videos/2017-09-01_10-54-26/2017-09-01_10-54-26.mp4-bee_id_8888-98580-1.png,0,0,False,False,True
test/videos/2017-09-01_10-54-26/2017-09-01_10-54-26.mp4-bee_id_8889-98640-1.png,0,0,False,False,True
test/videos/2017-09-01_10-54-26/2017-09-01_10-54-26.mp4-bee_id_8890-98655-1.png,0,0,False,False,True
test/videos/2017-09-01_10-54-26/2017-09-01_10-54-26.mp4-bee_id_8891-98670-1.png,0,0,False,False,True
test/videos/2017-09-01_10-54-26/2017-09-01_10-54-26.mp4-bee_id_8892-98715-1.png,0,0,False,False,True
test/videos/2017-09-01_10-54-26/2017-09-01_10-54-26.mp4-bee_id_8893-98790-1.png,0,0,False,False,True
test/videos/2017-09-01_10-54-26/2017-09-01_10-54-26.mp4-bee_id_8894-98805-1.png,0,0,False,False,True
test/videos/2017-09-01_10-54-26/2017-09-01_10-54-26.mp4-bee_id_8895-98820-1.png,0,0,False,False,True
test/videos/2017-09-01_10-54-26/2017-09-01_10-54-26.mp4-bee_id_8896-98835-1.png,0,1,False,False,True
test/videos/2017-09-01_10-54-26/2017-09-01_10-54-26.mp4-bee_id_8897-98850-1.png,0,1,False,False,True
test/videos/2017-09-01_10-54-26/2017-09-01_10-54-26.mp4-bee_id_8899-98880-1.png,0,0,False,False,True
test/videos/2017-09-01_10-54-26/2017-09-01_10-54-26.mp4-bee_id_8900-98925-1.png,0,3,False,False,True
test/videos/2017-09-01_10-54-26/2017-09-01_10-54-26.mp4-bee_id_8901-98970-1.png,0,0,False,False,True
test/videos/2017-09-01_10-54-26/2017-09-01_10-54-26.mp4-bee_id_8902-98985-1.png,0,0,False,False,True
test/videos/2017-09-01_10-54-26/2017-09-01_10-54-26.mp4-bee_id_8903-99090-1.png,0,0,False,False,True
test/videos/2017-09-01_10-54-26/2017-09-01_10-54-26.mp4-bee_id_8905-99120-1.png,1,0,True,False,True
test/videos/2017-09-01_10-54-26/2017-09-01_10-54-26.mp4-bee_id_8906-99570-1.png,1,0,True,False,True
test/videos/2017-09-01_10-54-26/2017-09-01_10-54-26.mp4-bee_id_8907-99600-1.png,1,2,True,True,True
test/videos/2017-09-01_10-54-26/2017-09-01_10-54-26.mp4-bee_id_8908-99630-1.png,0,0,False,False,True
test/videos/2017-09-01_10-54-26/2017-09-01_10-54-26.mp4-bee_id_8909-99645-1.png,1,1,True,True,True
test/videos/2017-09-01_10-54-26/2017-09-01_10-54-26.mp4-bee_id_8910-99720-1.png,0,0,False,False,True
test/videos/2017-09-01_10-54-26/2017-09-01_10-54-26.mp4-bee_id_8911-99810-1.png,1,0,True,False,True
test/videos/2017-09-01_10-54-26/2017-09-01_10-54-26.mp4-bee_id_8912-99825-1.png,1,1,True,True,True
test/videos/2017-09-01_10-54-26/2017-09-01_10-54-26.mp4-bee_id_8913-99855-1.png,1,0,True,False,True
test/videos/2017-09-01_10-54-26/2017-09-01_10-54-26.mp4-bee_id_8914-99870-1.png,1,0,True,False,True
test/videos/2017-09-01_10-54-26/2017-09-01_10-54-26.mp4-bee_id_8915-99885-1.png,0,0,False,False,True
test/videos/2017-09-01_10-54-26/2017-09-01_10-54-26.mp4-bee_id_8917-99915-1.png,1,1,True,True,True
test/videos/2017-09-01_10-54-26/2017-09-01_10-54-26.mp4-bee_id_8918-99960-1.png,0,0,False,False,True
test/videos/2017-09-01_10-54-26/2017-09-01_10-54-26.mp4-bee_id_8919-100020-1.png,1,1,True,False,True
test/videos/2017-09-01_10-54-26/2017-09-01_10-54-26.mp4-bee_id_8920-100050-1.png,1,2,True,False,True
test/videos/2017-09-01_10-54-26/2017-09-01_10-54-26.mp4-bee_id_8921-100095-1.png,0,0,False,False,True
test/videos/2017-09-01_10-54-26/2017-09-01_10-54-26.mp4-bee_id_8922-100185-1.png,1,2,True,False,True
test/videos/2017-09-01_10-54-26/2017-09-01_10-54-26.mp4-bee_id_8923-100290-1.png,1,2,True,True,True
test/videos/2017-09-01_10-54-26/2017-09-01_10-54-26.mp4-bee_id_8924-100350-1.png,1,2,True,True,True
test/videos/2017-09-01_10-54-26/2017-09-01_10-54-26.mp4-bee_id_8925-100365-1.png,0,1,False,False,True
test/videos/2017-09-01_10-54-26/2017-09-01_10-54-26.mp4-bee_id_8926-100470-1.png,1,0,True,False,True
test/videos/2017-09-01_10-54-26/2017-09-01_10-54-26.mp4-bee_id_8927-100485-1.png,1,1,True,True,True
test/videos/2017-09-01_10-54-26/2017-09-01_10-54-26.mp4-bee_id_8928-100515-1.png,0,0,False,False,True
test/videos/2017-09-01_10-54-26/2017-09-01_10-54-26.mp4-bee_id_8929-100530-1.png,0,1,False,False,True
test/videos/2017-09-01_10-54-26/2017-09-01_10-54-26.mp4-bee_id_8930-100605-1.png,0,0,False,False,True
test/videos/2017-09-01_10-54-26/2017-09-01_10-54-26.mp4-bee_id_8931-100620-1.png,1,3,True,True,True
test/videos/2017-09-01_10-54-26/2017-09-01_10-54-26.mp4-bee_id_8932-100620-1.png,1,2,True,False,True
test/videos/2017-09-01_10-54-26/2017-09-01_10-54-26.mp4-bee_id_8933-100830-1.png,1,2,True,True,True
test/videos/2017-09-01_10-54-26/2017-09-01_10-54-26.mp4-bee_id_8934-100845-1.png,1,1,True,True,True
test/videos/2017-09-01_10-54-26/2017-09-01_10-54-26.mp4-bee_id_8935-100845-1.png,0,0,False,False,True
test/videos/2017-09-01_10-54-26/2017-09-01_10-54-26.mp4-bee_id_8937-100980-1.png,1,0,True,False,True
test/videos/2017-09-01_10-54-26/2017-09-01_10-54-26.mp4-bee_id_8938-100995-1.png,1,1,True,False,True
test/videos/2017-09-01_10-54-26/2017-09-01_10-54-26.mp4-bee_id_8939-101010-1.png,1,1,True,True,True
test/videos/2017-09-01_10-54-26/2017-09-01_10-54-26.mp4-bee_id_8941-101055-1.png,1,1,True,True,True
test/videos/2017-09-01_10-54-26/2017-09-01_10-54-26.mp4-bee_id_8942-101070-1.png,1,1,True,True,True
test/videos/2017-09-01_10-54-26/2017-09-01_10-54-26.mp4-bee_id_8943-101085-1.png,0,0,False,False,True
test/videos/2017-09-01_10-54-26/2017-09-01_10-54-26.mp4-bee_id_8944-101145-1.png,1,2,True,True,True
test/videos/2017-09-01_10-54-26/2017-09-01_10-54-26.mp4-bee_id_8945-101250-1.png,1,1,True,False,True
test/videos/2017-09-01_10-54-26/2017-09-01_10-54-26.mp4-bee_id_8946-101280-1.png,1,1,True,True,True
test/videos/2017-09-01_10-54-26/2017-09-01_10-54-26.mp4-bee_id_8947-101280-1.png,0,0,False,False,True
test/videos/2017-09-01_10-54-26/2017-09-01_10-54-26.mp4-bee_id_8948-101310-1.png,1,1,True,True,True
test/videos/2017-09-01_10-54-26/2017-09-01_10-54-26.mp4-bee_id_8949-101325-1.png,1,2,True,True,True
test/videos/2017-09-01_10-54-26/2017-09-01_10-54-26.mp4-bee_id_8950-101340-1.png,1,2,True,True,True
test/videos/2017-09-01_10-54-26/2017-09-01_10-54-26.mp4-bee_id_8951-101370-1.png,1,1,True,True,True
test/videos/2017-09-01_10-54-26/2017-09-01_10-54-26.mp4-bee_id_8952-101385-1.png,1,1,True,True,True
test/videos/2017-09-01_10-54-26/2017-09-01_10-54-26.mp4-bee_id_8953-101430-1.png,1,1,True,True,True
test/videos/2017-09-01_10-54-26/2017-09-01_10-54-26.mp4-bee_id_8954-101475-1.png,1,2,True,True,True
test/videos/2017-09-01_10-54-26/2017-09-01_10-54-26.mp4-bee_id_8955-101580-1.png,1,2,True,True,True
test/videos/2017-09-01_10-54-26/2017-09-01_10-54-26.mp4-bee_id_8956-101610-1.png,1,2,True,True,True
test/videos/2017-09-01_10-54-26/2017-09-01_10-54-26.mp4-bee_id_8957-101640-1.png,1,1,True,True,True
test/videos/2017-09-01_10-54-26/2017-09-01_10-54-26.mp4-bee_id_8958-101700-1.png,1,0,True,False,True
test/videos/2017-09-01_10-54-26/2017-09-01_10-54-26.mp4-bee_id_8959-101745-1.png,0,0,False,False,True
test/videos/2017-09-01_10-54-26/2017-09-01_10-54-26.mp4-bee_id_8960-101760-1.png,0,1,False,False,True
test/videos/2017-09-01_10-54-26/2017-09-01_10-54-26.mp4-bee_id_8961-101760-1.png,0,0,False,False,True
test/videos/2017-09-01_10-54-26/2017-09-01_10-54-26.mp4-bee_id_8962-101790-1.png,0,0,False,False,True
test/videos/2017-09-01_10-54-26/2017-09-01_10-54-26.mp4-bee_id_8963-101790-1.png,1,2,True,True,True
test/videos/2017-09-01_10-54-26/2017-09-01_10-54-26.mp4-bee_id_8964-101805-1.png,0,2,False,False,True
test/videos/2017-09-01_10-54-26/2017-09-01_10-54-26.mp4-bee_id_8965-101820-1.png,0,0,False,False,True
test/videos/2017-09-01_10-54-26/2017-09-01_10-54-26.mp4-bee_id_8966-101835-1.png,0,2,False,False,True
test/videos/2017-09-01_10-54-26/2017-09-01_10-54-26.mp4-bee_id_8967-101865-1.png,0,0,False,False,True
test/videos/2017-09-01_10-54-26/2017-09-01_10-54-26.mp4-bee_id_8968-101865-1.png,1,2,True,True,True
test/videos/2017-09-01_10-54-26/2017-09-01_10-54-26.mp4-bee_id_8969-101970-1.png,1,2,True,True,True
test/videos/2017-09-01_10-54-26/2017-09-01_10-54-26.mp4-bee_id_8970-101985-1.png,1,3,True,True,True
test/videos/2017-09-01_10-54-26/2017-09-01_10-54-26.mp4-bee_id_8971-102000-1.png,0,0,False,False,True
test/videos/2017-09-01_10-54-26/2017-09-01_10-54-26.mp4-bee_id_8972-102015-1.png,0,0,False,False,True
test/videos/2017-09-01_10-54-26/2017-09-01_10-54-26.mp4-bee_id_8973-102150-1.png,1,1,True,True,True
test/videos/2017-09-01_10-54-26/2017-09-01_10-54-26.mp4-bee_id_8974-102165-1.png,1,0,True,False,True
test/videos/2017-09-01_10-54-26/2017-09-01_10-54-26.mp4-bee_id_8975-102165-1.png,1,1,True,False,True
test/videos/2017-09-01_10-54-26/2017-09-01_10-54-26.mp4-bee_id_8976-102180-1.png,1,0,True,False,True
test/videos/2017-09-01_10-54-26/2017-09-01_10-54-26.mp4-bee_id_8977-102225-1.png,1,0,True,False,True
test/videos/2017-09-01_10-54-26/2017-09-01_10-54-26.mp4-bee_id_8978-102255-1.png,1,0,True,False,True
test/videos/2017-09-01_10-54-26/2017-09-01_10-54-26.mp4-bee_id_8979-102270-1.png,1,1,True,False,True
test/videos/2017-09-01_10-54-26/2017-09-01_10-54-26.mp4-bee_id_8980-102375-1.png,1,0,True,False,True
test/videos/2017-09-01_10-54-26/2017-09-01_10-54-26.mp4-bee_id_8981-102390-1.png,1,2,True,True,True
test/videos/2017-09-01_10-54-26/2017-09-01_10-54-26.mp4-bee_id_8982-102405-1.png,1,1,True,True,True
test/videos/2017-09-01_10-54-26/2017-09-01_10-54-26.mp4-bee_id_8983-102525-1.png,1,2,True,True,True
test/videos/2017-09-01_10-54-26/2017-09-01_10-54-26.mp4-bee_id_8984-102540-1.png,1,1,True,True,True
test/videos/2017-09-01_10-54-26/2017-09-01_10-54-26.mp4-bee_id_8985-102555-1.png,0,2,False,False,True
test/videos/2017-09-01_10-54-26/2017-09-01_10-54-26.mp4-bee_id_8986-102555-1.png,1,0,True,False,True
test/videos/2017-09-01_10-54-26/2017-09-01_10-54-26.mp4-bee_id_8987-102570-1.png,0,1,False,False,True
test/videos/2017-09-01_10-54-26/2017-09-01_10-54-26.mp4-bee_id_8989-102630-1.png,0,0,False,False,True
test/videos/2017-09-01_10-54-26/2017-09-01_10-54-26.mp4-bee_id_8990-102645-1.png,0,1,False,False,True
test/videos/2017-09-01_10-54-26/2017-09-01_10-54-26.mp4-bee_id_8991-102645-1.png,1,1,True,True,True
test/videos/2017-09-01_10-54-26/2017-09-01_10-54-26.mp4-bee_id_8992-102705-1.png,0,0,False,False,True
test/videos/2017-09-01_10-54-26/2017-09-01_10-54-26.mp4-bee_id_8993-102735-1.png,0,0,False,False,True
test/videos/2017-09-01_10-54-26/2017-09-01_10-54-26.mp4-bee_id_8994-102840-1.png,0,2,False,False,True
test/videos/2017-09-01_10-54-26/2017-09-01_10-54-26.mp4-bee_id_8996-102945-1.png,1,0,True,False,True
test/videos/2017-09-01_10-54-26/2017-09-01_10-54-26.mp4-bee_id_8997-102960-1.png,1,1,True,True,True
test/videos/2017-09-01_10-54-26/2017-09-01_10-54-26.mp4-bee_id_8998-102960-1.png,0,0,False,False,True
test/videos/2017-09-01_10-54-26/2017-09-01_10-54-26.mp4-bee_id_8999-102975-1.png,1,0,True,False,True
test/videos/2017-09-01_10-54-26/2017-09-01_10-54-26.mp4-bee_id_9000-103095-1.png,0,1,False,False,True
test/videos/2017-09-01_10-54-26/2017-09-01_10-54-26.mp4-bee_id_9001-103140-1.png,0,0,False,False,True
test/videos/2017-09-01_10-54-26/2017-09-01_10-54-26.mp4-bee_id_9002-103215-1.png,1,0,True,False,True
test/videos/2017-09-01_10-54-26/2017-09-01_10-54-26.mp4-bee_id_9003-103305-1.png,0,0,False,False,True
test/videos/2017-09-01_10-54-26/2017-09-01_10-54-26.mp4-bee_id_9004-103320-1.png,0,0,False,False,True
test/videos/2017-09-01_10-54-26/2017-09-01_10-54-26.mp4-bee_id_9005-103320-1.png,1,1,True,True,True
test/videos/2017-09-01_10-54-26/2017-09-01_10-54-26.mp4-bee_id_9006-103335-1.png,1,1,True,True,True
test/videos/2017-09-01_10-54-26/2017-09-01_10-54-26.mp4-bee_id_9007-103365-1.png,1,1,True,True,True
test/videos/2017-09-01_10-54-26/2017-09-01_10-54-26.mp4-bee_id_9008-103455-1.png,0,0,False,False,True
test/videos/2017-09-01_10-54-26/2017-09-01_10-54-26.mp4-bee_id_9009-103560-1.png,0,0,False,False,True
test/videos/2017-09-01_10-54-26/2017-09-01_10-54-26.mp4-bee_id_9010-103575-1.png,0,2,False,False,True
test/videos/2017-09-01_10-54-26/2017-09-01_10-54-26.mp4-bee_id_9011-103620-1.png,0,0,False,False,True
test/videos/2017-09-01_10-54-26/2017-09-01_10-54-26.mp4-bee_id_9012-103635-1.png,0,0,False,False,True
test/videos/2017-09-01_10-54-26/2017-09-01_10-54-26.mp4-bee_id_9013-103740-1.png,0,2,False,False,True
test/videos/2017-09-01_10-54-26/2017-09-01_10-54-26.mp4-bee_id_9014-103755-1.png,1,1,True,True,True
test/videos/2017-09-01_10-54-26/2017-09-01_10-54-26.mp4-bee_id_9015-103770-1.png,1,2,True,True,True
test/videos/2017-09-01_10-54-26/2017-09-01_10-54-26.mp4-bee_id_9016-103770-1.png,0,1,False,False,True
test/videos/2017-09-01_10-54-26/2017-09-01_10-54-26.mp4-bee_id_9017-103785-1.png,1,1,True,False,True
test/videos/2017-09-01_10-54-26/2017-09-01_10-54-26.mp4-bee_id_9018-103800-1.png,0,0,False,False,True
test/videos/2017-09-01_10-54-26/2017-09-01_10-54-26.mp4-bee_id_9019-103830-1.png,1,2,True,True,True
test/videos/2017-09-01_10-54-26/2017-09-01_10-54-26.mp4-bee_id_9020-103905-1.png,1,2,True,True,True
test/videos/2017-09-01_10-54-26/2017-09-01_10-54-26.mp4-bee_id_9022-104070-1.png,0,0,False,False,True
test/videos/2017-09-01_10-54-26/2017-09-01_10-54-26.mp4-bee_id_9023-104070-1.png,0,0,False,False,True
test/videos/2017-09-01_10-54-26/2017-09-01_10-54-26.mp4-bee_id_9024-104115-1.png,0,0,False,False,True
test/videos/2017-09-01_10-54-26/2017-09-01_10-54-26.mp4-bee_id_9025-104130-1.png,0,0,False,False,True
test/videos/2017-09-01_10-54-26/2017-09-01_10-54-26.mp4-bee_id_9026-104175-1.png,0,0,False,False,True
test/videos/2017-09-01_10-54-26/2017-09-01_10-54-26.mp4-bee_id_9027-104175-1.png,1,2,True,True,True
test/videos/2017-09-01_10-54-26/2017-09-01_10-54-26.mp4-bee_id_9028-104190-1.png,1,2,True,True,True
test/videos/2017-09-01_10-54-26/2017-09-01_10-54-26.mp4-bee_id_9029-104280-1.png,1,0,True,False,True
test/videos/2017-09-01_10-54-26/2017-09-01_10-54-26.mp4-bee_id_9031-104355-1.png,1,1,True,True,True
test/videos/2017-09-01_10-54-26/2017-09-01_10-54-26.mp4-bee_id_9032-104370-1.png,1,0,True,False,True
test/videos/2017-09-01_10-54-26/2017-09-01_10-54-26.mp4-bee_id_9033-104415-1.png,1,2,True,True,True
test/videos/2017-09-01_10-54-26/2017-09-01_10-54-26.mp4-bee_id_9034-104490-1.png,1,1,True,False,True
test/videos/2017-09-01_10-54-26/2017-09-01_10-54-26.mp4-bee_id_9035-104520-1.png,0,0,False,False,True
test/videos/2017-09-01_10-54-26/2017-09-01_10-54-26.mp4-bee_id_9036-104535-1.png,0,1,False,False,True
test/videos/2017-09-01_10-54-26/2017-09-01_10-54-26.mp4-bee_id_9037-104625-1.png,0,0,False,False,True
test/videos/2017-09-01_10-54-26/2017-09-01_10-54-26.mp4-bee_id_9038-104640-1.png,0,1,False,False,True
test/videos/2017-09-01_10-54-26/2017-09-01_10-54-26.mp4-bee_id_9039-104640-1.png,0,0,False,False,True
test/videos/2017-09-01_10-54-26/2017-09-01_10-54-26.mp4-bee_id_9040-104715-1.png,1,1,True,False,True
test/videos/2017-09-01_10-54-26/2017-09-01_10-54-26.mp4-bee_id_9041-104745-1.png,1,2,True,True,True
test/videos/2017-09-01_10-54-26/2017-09-01_10-54-26.mp4-bee_id_9042-104760-1.png,1,2,True,True,True
test/videos/2017-09-01_10-54-26/2017-09-01_10-54-26.mp4-bee_id_9043-104790-1.png,1,0,True,False,True
test/videos/2017-09-01_10-54-26/2017-09-01_10-54-26.mp4-bee_id_9045-105075-1.png,0,0,False,False,True
test/videos/2017-09-01_10-54-26/2017-09-01_10-54-26.mp4-bee_id_9046-105105-1.png,0,0,False,False,True
test/videos/2017-09-01_10-54-26/2017-09-01_10-54-26.mp4-bee_id_9047-105165-1.png,1,0,True,False,True
test/videos/2017-09-01_10-54-26/2017-09-01_10-54-26.mp4-bee_id_9048-105225-1.png,1,1,True,True,True
test/videos/2017-09-01_10-54-26/2017-09-01_10-54-26.mp4-bee_id_9049-105225-1.png,0,2,False,False,True
test/videos/2017-09-01_10-54-26/2017-09-01_10-54-26.mp4-bee_id_9050-105300-1.png,0,0,False,False,True
test/videos/2017-09-01_10-54-26/2017-09-01_10-54-26.mp4-bee_id_9051-105315-1.png,0,0,False,False,True
test/videos/2017-09-01_10-54-26/2017-09-01_10-54-26.mp4-bee_id_9052-105450-1.png,0,0,False,False,True
test/videos/2017-09-01_10-54-26/2017-09-01_10-54-26.mp4-bee_id_9053-105450-1.png,0,0,False,False,True
test/videos/2017-09-01_10-54-26/2017-09-01_10-54-26.mp4-bee_id_9055-105465-1.png,0,0,False,False,True
test/videos/2017-09-01_10-54-26/2017-09-01_10-54-26.mp4-bee_id_9056-105480-1.png,0,0,False,False,True
test/videos/2017-09-01_10-54-26/2017-09-01_10-54-26.mp4-bee_id_9057-105540-1.png,1,1,True,True,True
test/videos/2017-09-01_10-54-26/2017-09-01_10-54-26.mp4-bee_id_9058-105675-1.png,1,1,True,True,True
test/videos/2017-09-01_10-54-26/2017-09-01_10-54-26.mp4-bee_id_9059-105690-1.png,1,1,True,True,True
test/videos/2017-09-01_10-54-26/2017-09-01_10-54-26.mp4-bee_id_9060-105840-1.png,1,2,True,True,True
test/videos/2017-09-01_10-54-26/2017-09-01_10-54-26.mp4-bee_id_9061-105840-1.png,0,0,False,False,True
test/videos/2017-09-01_10-54-26/2017-09-01_10-54-26.mp4-bee_id_9062-105840-1.png,0,2,False,False,True
test/videos/2017-09-01_10-54-26/2017-09-01_10-54-26.mp4-bee_id_9063-105870-1.png,0,0,False,False,True
test/videos/2017-09-01_10-54-26/2017-09-01_10-54-26.mp4-bee_id_9065-105900-1.png,0,0,False,False,True
test/videos/2017-09-01_10-54-26/2017-09-01_10-54-26.mp4-bee_id_9066-105915-1.png,0,0,False,False,True
test/videos/2017-09-01_10-54-26/2017-09-01_10-54-26.mp4-bee_id_9067-105930-1.png,0,0,False,False,True
test/videos/2017-09-01_10-54-26/2017-09-01_10-54-26.mp4-bee_id_9068-106020-1.png,0,0,False,False,True
test/videos/2017-09-01_10-54-26/2017-09-01_10-54-26.mp4-bee_id_9069-106065-1.png,1,2,True,False,True
test/videos/2017-09-01_10-54-26/2017-09-01_10-54-26.mp4-bee_id_9070-106065-1.png,0,2,False,False,True
test/videos/2017-09-01_10-54-26/2017-09-01_10-54-26.mp4-bee_id_9071-106110-1.png,1,0,True,False,True
test/videos/2017-09-01_10-54-26/2017-09-01_10-54-26.mp4-bee_id_9072-106125-1.png,0,1,False,False,True
test/videos/2017-09-01_10-54-26/2017-09-01_10-54-26.mp4-bee_id_9073-106140-1.png,0,1,False,False,True
test/videos/2017-09-01_10-54-26/2017-09-01_10-54-26.mp4-bee_id_9075-106275-1.png,0,0,False,False,True
test/videos/2017-09-01_10-54-26/2017-09-01_10-54-26.mp4-bee_id_9076-106305-1.png,1,2,True,True,True
test/videos/2017-09-01_10-54-26/2017-09-01_10-54-26.mp4-bee_id_9077-106320-1.png,1,1,True,True,True
test/videos/2017-09-01_10-54-26/2017-09-01_10-54-26.mp4-bee_id_9078-106380-1.png,0,2,False,False,True
test/videos/2017-09-01_10-54-26/2017-09-01_10-54-26.mp4-bee_id_9079-106395-1.png,0,0,False,False,True
test/videos/2017-09-01_10-54-26/2017-09-01_10-54-26.mp4-bee_id_9080-106410-1.png,0,0,False,False,True
test/videos/2017-10-17_1-39-36/2017-10-17_1-39-36.mp4-bee_id_3459-60-1.png,1,2,True,True,True
test/videos/2017-10-17_1-39-36/2017-10-17_1-39-36.mp4-bee_id_3460-60-1.png,0,0,False,False,True
test/videos/2017-10-17_1-39-36/2017-10-17_1-39-36.mp4-bee_id_3461-60-1.png,0,2,False,False,True
test/videos/2017-10-17_1-39-36/2017-10-17_1-39-36.mp4-bee_id_3462-60-1.png,0,0,False,False,True
test/videos/2017-10-17_1-39-36/2017-10-17_1-39-36.mp4-bee_id_3464-60-1.png,0,0,False,False,True
test/videos/2017-10-17_1-39-36/2017-10-17_1-39-36.mp4-bee_id_3465-75-1.png,0,2,False,False,True
test/videos/2017-10-17_1-39-36/2017-10-17_1-39-36.mp4-bee_id_3466-105-1.png,0,1,False,False,True
test/videos/2017-10-17_1-39-36/2017-10-17_1-39-36.mp4-bee_id_3468-105-1.png,0,1,False,False,True
test/videos/2017-10-17_1-39-36/2017-10-17_1-39-36.mp4-bee_id_3469-120-1.png,0,0,False,False,True
test/videos/2017-10-17_1-39-36/2017-10-17_1-39-36.mp4-bee_id_3470-120-1.png,0,3,False,False,True
test/videos/2017-10-17_1-39-36/2017-10-17_1-39-36.mp4-bee_id_3471-165-1.png,0,1,False,False,True
test/videos/2017-10-17_1-39-36/2017-10-17_1-39-36.mp4-bee_id_3472-180-1.png,0,0,False,False,True
test/videos/2017-10-17_1-39-36/2017-10-17_1-39-36.mp4-bee_id_3473-195-1.png,0,0,False,False,True
test/videos/2017-10-17_1-39-36/2017-10-17_1-39-36.mp4-bee_id_3474-255-1.png,0,0,False,False,True
test/videos/2017-10-17_1-39-36/2017-10-17_1-39-36.mp4-bee_id_3475-270-1.png,0,0,False,False,True
test/videos/2017-10-17_1-39-36/2017-10-17_1-39-36.mp4-bee_id_3476-270-1.png,0,0,False,False,True
test/videos/2017-10-17_1-39-36/2017-10-17_1-39-36.mp4-bee_id_3477-270-1.png,0,0,False,False,True
test/videos/2017-10-17_1-39-36/2017-10-17_1-39-36.mp4-bee_id_3478-285-1.png,0,0,False,False,True
test/videos/2017-10-17_1-39-36/2017-10-17_1-39-36.mp4-bee_id_3479-285-1.png,0,3,False,False,True
test/videos/2017-10-17_1-39-36/2017-10-17_1-39-36.mp4-bee_id_3480-300-1.png,0,1,False,False,True
test/videos/2017-10-17_1-39-36/2017-10-17_1-39-36.mp4-bee_id_3481-315-1.png,0,0,False,False,True
test/videos/2017-10-17_1-39-36/2017-10-17_1-39-36.mp4-bee_id_3482-315-1.png,0,2,False,False,True
test/videos/2017-10-17_1-39-36/2017-10-17_1-39-36.mp4-bee_id_3483-315-1.png,0,2,False,False,True
test/videos/2017-10-17_1-39-36/2017-10-17_1-39-36.mp4-bee_id_3484-450-1.png,0,0,False,False,True
test/videos/2017-10-17_1-39-36/2017-10-17_1-39-36.mp4-bee_id_3485-465-1.png,0,0,False,False,True
test/videos/2017-10-17_1-39-36/2017-10-17_1-39-36.mp4-bee_id_3486-465-1.png,0,0,False,False,True
test/videos/2017-10-17_1-39-36/2017-10-17_1-39-36.mp4-bee_id_3487-465-1.png,0,1,False,False,True
test/videos/2017-10-17_1-39-36/2017-10-17_1-39-36.mp4-bee_id_3488-480-1.png,0,0,False,False,True
test/videos/2017-10-17_1-39-36/2017-10-17_1-39-36.mp4-bee_id_3489-480-1.png,0,2,False,False,True
test/videos/2017-10-17_1-39-36/2017-10-17_1-39-36.mp4-bee_id_3490-495-1.png,0,0,False,False,True
test/videos/2017-10-17_1-39-36/2017-10-17_1-39-36.mp4-bee_id_3491-495-1.png,0,1,False,False,True
test/videos/2017-10-17_1-39-36/2017-10-17_1-39-36.mp4-bee_id_3493-555-1.png,0,0,False,False,True
test/videos/2017-10-17_1-39-36/2017-10-17_1-39-36.mp4-bee_id_3494-570-1.png,0,0,False,False,True
test/videos/2017-10-17_1-39-36/2017-10-17_1-39-36.mp4-bee_id_3495-600-1.png,0,2,False,False,True
test/videos/2017-10-17_1-39-36/2017-10-17_1-39-36.mp4-bee_id_3496-630-1.png,0,2,False,False,True
test/videos/2017-10-17_1-39-36/2017-10-17_1-39-36.mp4-bee_id_3497-660-1.png,1,1,True,False,True
test/videos/2017-10-17_1-39-36/2017-10-17_1-39-36.mp4-bee_id_3498-720-1.png,0,0,False,False,True
test/videos/2017-10-17_1-39-36/2017-10-17_1-39-36.mp4-bee_id_3499-735-1.png,0,1,False,False,True
test/videos/2017-10-17_1-39-36/2017-10-17_1-39-36.mp4-bee_id_3500-750-1.png,0,0,False,False,True
test/videos/2017-10-17_1-39-36/2017-10-17_1-39-36.mp4-bee_id_3501-780-1.png,0,0,False,False,True
test/videos/2017-10-17_1-39-36/2017-10-17_1-39-36.mp4-bee_id_3502-825-1.png,0,0,False,False,True
test/videos/2017-10-17_1-39-36/2017-10-17_1-39-36.mp4-bee_id_3503-870-1.png,0,1,False,False,True
test/videos/2017-10-17_1-39-36/2017-10-17_1-39-36.mp4-bee_id_3504-915-1.png,0,2,False,False,True
test/videos/2017-10-17_1-39-36/2017-10-17_1-39-36.mp4-bee_id_3505-960-1.png,0,0,False,False,True
test/videos/2017-10-17_1-39-36/2017-10-17_1-39-36.mp4-bee_id_3506-1095-1.png,0,0,False,False,True
test/videos/2017-10-17_1-39-36/2017-10-17_1-39-36.mp4-bee_id_3507-1095-1.png,0,2,False,False,True
test/videos/2017-10-17_1-39-36/2017-10-17_1-39-36.mp4-bee_id_3508-1110-1.png,0,2,False,False,True
test/videos/2017-10-17_1-39-36/2017-10-17_1-39-36.mp4-bee_id_3509-1140-1.png,0,0,False,False,True
test/videos/2017-10-17_1-39-36/2017-10-17_1-39-36.mp4-bee_id_3511-1200-1.png,0,0,False,False,True
test/videos/2017-10-17_1-39-36/2017-10-17_1-39-36.mp4-bee_id_3512-1215-1.png,0,2,False,False,True
test/videos/2017-10-17_1-39-36/2017-10-17_1-39-36.mp4-bee_id_3513-1245-1.png,0,1,False,False,True
test/videos/2017-10-17_1-39-36/2017-10-17_1-39-36.mp4-bee_id_3514-1260-1.png,0,1,False,False,True
test/videos/2017-10-17_1-39-36/2017-10-17_1-39-36.mp4-bee_id_3515-1260-1.png,0,0,False,False,True
test/videos/2017-10-17_1-39-36/2017-10-17_1-39-36.mp4-bee_id_3516-1260-1.png,0,0,False,False,True
test/videos/2017-10-17_1-39-36/2017-10-17_1-39-36.mp4-bee_id_3517-1305-1.png,0,0,False,False,True
test/videos/2017-10-17_1-39-36/2017-10-17_1-39-36.mp4-bee_id_3518-1320-1.png,0,1,False,False,True
test/videos/2017-10-17_1-39-36/2017-10-17_1-39-36.mp4-bee_id_3519-1350-1.png,1,0,True,False,True
test/videos/2017-10-17_1-39-36/2017-10-17_1-39-36.mp4-bee_id_3521-1365-1.png,0,0,False,False,True
test/videos/2017-10-17_1-39-36/2017-10-17_1-39-36.mp4-bee_id_3522-1380-1.png,0,0,False,False,True
test/videos/2017-10-17_1-39-36/2017-10-17_1-39-36.mp4-bee_id_3523-1470-1.png,0,0,False,False,True
test/videos/2017-10-17_1-39-36/2017-10-17_1-39-36.mp4-bee_id_3524-1470-1.png,0,0,False,False,True
test/videos/2017-10-17_1-39-36/2017-10-17_1-39-36.mp4-bee_id_3525-1515-1.png,0,1,False,False,True
test/videos/2017-10-17_1-39-36/2017-10-17_1-39-36.mp4-bee_id_3526-1530-1.png,0,0,False,False,True
test/videos/2017-10-17_1-39-36/2017-10-17_1-39-36.mp4-bee_id_3527-1560-1.png,0,0,False,False,True
test/videos/2017-10-17_1-39-36/2017-10-17_1-39-36.mp4-bee_id_3528-1560-1.png,0,0,False,False,True
test/videos/2017-10-17_1-39-36/2017-10-17_1-39-36.mp4-bee_id_3529-1590-1.png,0,0,False,False,True
test/videos/2017-10-17_1-39-36/2017-10-17_1-39-36.mp4-bee_id_3530-1590-1.png,0,2,False,False,True
test/videos/2017-10-17_1-39-36/2017-10-17_1-39-36.mp4-bee_id_3531-1620-1.png,0,1,False,False,True
test/videos/2017-10-17_1-39-36/2017-10-17_1-39-36.mp4-bee_id_3532-1620-1.png,0,0,False,False,True
test/videos/2017-10-17_1-39-36/2017-10-17_1-39-36.mp4-bee_id_3533-1635-1.png,0,0,False,False,True
test/videos/2017-10-17_1-39-36/2017-10-17_1-39-36.mp4-bee_id_3534-1680-1.png,0,2,False,False,True
test/videos/2017-10-17_1-39-36/2017-10-17_1-39-36.mp4-bee_id_3535-1695-1.png,0,0,False,False,True
test/videos/2017-10-17_1-39-36/2017-10-17_1-39-36.mp4-bee_id_3537-1755-1.png,0,2,False,False,True
test/videos/2017-10-17_1-39-36/2017-10-17_1-39-36.mp4-bee_id_3538-1860-1.png,0,0,False,False,True
test/videos/2017-10-17_1-39-36/2017-10-17_1-39-36.mp4-bee_id_3539-1860-1.png,0,2,False,False,True
test/videos/2017-10-17_1-39-36/2017-10-17_1-39-36.mp4-bee_id_3540-1905-1.png,0,2,False,False,True
test/videos/2017-10-17_1-39-36/2017-10-17_1-39-36.mp4-bee_id_3541-1950-1.png,0,0,False,False,True
test/videos/2017-10-17_1-39-36/2017-10-17_1-39-36.mp4-bee_id_3542-1950-1.png,0,2,False,False,True
test/videos/2017-10-17_1-39-36/2017-10-17_1-39-36.mp4-bee_id_3543-1965-1.png,0,1,False,False,True
test/videos/2017-10-17_1-39-36/2017-10-17_1-39-36.mp4-bee_id_3544-1965-1.png,0,0,False,False,True
test/videos/2017-10-17_1-39-36/2017-10-17_1-39-36.mp4-bee_id_3545-1980-1.png,0,2,False,False,True
test/videos/2017-10-17_1-39-36/2017-10-17_1-39-36.mp4-bee_id_3546-2010-1.png,0,0,False,False,True
test/videos/2017-10-17_1-39-36/2017-10-17_1-39-36.mp4-bee_id_3547-2130-1.png,0,2,False,False,True
test/videos/2017-10-17_1-39-36/2017-10-17_1-39-36.mp4-bee_id_3548-2205-1.png,0,0,False,False,True
test/videos/2017-10-17_1-39-36/2017-10-17_1-39-36.mp4-bee_id_3549-2280-1.png,0,0,False,False,True
test/videos/2017-10-17_1-39-36/2017-10-17_1-39-36.mp4-bee_id_3550-2400-1.png,0,0,False,False,True
test/videos/2017-10-17_1-39-36/2017-10-17_1-39-36.mp4-bee_id_3551-2445-1.png,0,1,False,False,True
test/videos/2017-10-17_1-39-36/2017-10-17_1-39-36.mp4-bee_id_3552-2460-1.png,0,0,False,False,True
test/videos/2017-10-17_1-39-36/2017-10-17_1-39-36.mp4-bee_id_3553-2460-1.png,0,0,False,False,True
test/videos/2017-10-17_1-39-36/2017-10-17_1-39-36.mp4-bee_id_3554-2475-1.png,0,0,False,False,True
test/videos/2017-10-17_1-39-36/2017-10-17_1-39-36.mp4-bee_id_3555-2475-1.png,0,0,False,False,True
test/videos/2017-10-17_1-39-36/2017-10-17_1-39-36.mp4-bee_id_3556-2490-1.png,0,1,False,False,True
test/videos/2017-10-17_1-39-36/2017-10-17_1-39-36.mp4-bee_id_3557-2580-1.png,0,0,False,False,True
test/videos/2017-10-17_1-39-36/2017-10-17_1-39-36.mp4-bee_id_3558-2595-1.png,1,1,True,False,True
test/videos/2017-10-17_1-39-36/2017-10-17_1-39-36.mp4-bee_id_3559-2595-1.png,0,0,False,False,True
test/videos/2017-10-17_1-39-36/2017-10-17_1-39-36.mp4-bee_id_3560-2595-1.png,0,0,False,False,True
test/videos/2017-10-17_1-39-36/2017-10-17_1-39-36.mp4-bee_id_3561-2610-1.png,0,1,False,False,True
test/videos/2017-10-17_1-39-36/2017-10-17_1-39-36.mp4-bee_id_3562-2625-1.png,0,1,False,False,True
test/videos/2017-10-17_1-39-36/2017-10-17_1-39-36.mp4-bee_id_3563-2670-1.png,1,0,True,False,True
test/videos/2017-10-17_1-39-36/2017-10-17_1-39-36.mp4-bee_id_3564-2700-1.png,0,1,False,False,True
test/videos/2017-10-17_1-39-36/2017-10-17_1-39-36.mp4-bee_id_3565-2715-1.png,0,2,False,False,True
test/videos/2017-10-17_1-39-36/2017-10-17_1-39-36.mp4-bee_id_3566-2730-1.png,1,0,True,False,True
test/videos/2017-10-17_1-39-36/2017-10-17_1-39-36.mp4-bee_id_3568-2745-1.png,0,2,False,False,True
test/videos/2017-10-17_1-39-36/2017-10-17_1-39-36.mp4-bee_id_3569-2850-1.png,0,2,False,False,True
test/videos/2017-10-17_1-39-36/2017-10-17_1-39-36.mp4-bee_id_3570-2865-1.png,0,0,False,False,True
test/videos/2017-10-17_1-39-36/2017-10-17_1-39-36.mp4-bee_id_3572-2895-1.png,0,1,False,False,True
test/videos/2017-10-17_1-39-36/2017-10-17_1-39-36.mp4-bee_id_3573-2955-1.png,0,0,False,False,True
test/videos/2017-10-17_1-39-36/2017-10-17_1-39-36.mp4-bee_id_3574-2985-1.png,0,0,False,False,True
test/videos/2017-10-17_1-39-36/2017-10-17_1-39-36.mp4-bee_id_3575-3135-1.png,0,0,False,False,True
test/videos/2017-10-17_1-39-36/2017-10-17_1-39-36.mp4-bee_id_3576-3150-1.png,0,1,False,False,True
test/videos/2017-10-17_1-39-36/2017-10-17_1-39-36.mp4-bee_id_3577-3180-1.png,0,0,False,False,True
test/videos/2017-10-17_1-39-36/2017-10-17_1-39-36.mp4-bee_id_3578-3195-1.png,0,0,False,False,True
test/videos/2017-10-17_1-39-36/2017-10-17_1-39-36.mp4-bee_id_3579-3195-1.png,0,1,False,False,True
test/videos/2017-10-17_1-39-36/2017-10-17_1-39-36.mp4-bee_id_3580-3210-1.png,0,2,False,False,True
test/videos/2017-10-17_1-39-36/2017-10-17_1-39-36.mp4-bee_id_3581-3240-1.png,0,0,False,False,True
test/videos/2017-10-17_1-39-36/2017-10-17_1-39-36.mp4-bee_id_3582-3285-1.png,0,1,False,False,True
test/videos/2017-10-17_1-39-36/2017-10-17_1-39-36.mp4-bee_id_3583-3300-1.png,0,0,False,False,True
test/videos/2017-10-17_1-39-36/2017-10-17_1-39-36.mp4-bee_id_3584-3315-1.png,0,0,False,False,True
test/videos/2017-10-17_1-39-36/2017-10-17_1-39-36.mp4-bee_id_3585-3315-1.png,0,0,False,False,True
test/videos/2017-10-17_1-39-36/2017-10-17_1-39-36.mp4-bee_id_3586-3420-1.png,0,2,False,False,True
test/videos/2017-10-17_1-39-36/2017-10-17_1-39-36.mp4-bee_id_3587-3420-1.png,0,2,False,False,True
test/videos/2017-10-17_1-39-36/2017-10-17_1-39-36.mp4-bee_id_3588-3420-1.png,0,0,False,False,True
test/videos/2017-10-17_1-39-36/2017-10-17_1-39-36.mp4-bee_id_3589-3435-1.png,0,0,False,False,True
test/videos/2017-10-17_1-39-36/2017-10-17_1-39-36.mp4-bee_id_3591-3450-1.png,1,1,True,False,True
test/videos/2017-10-17_1-39-36/2017-10-17_1-39-36.mp4-bee_id_3592-3465-1.png,0,3,False,False,True
test/videos/2017-10-17_1-39-36/2017-10-17_1-39-36.mp4-bee_id_3594-3495-1.png,0,0,False,False,True
test/videos/2017-10-17_1-39-36/2017-10-17_1-39-36.mp4-bee_id_3595-3510-1.png,0,0,False,False,True
test/videos/2017-10-17_1-39-36/2017-10-17_1-39-36.mp4-bee_id_3596-3555-1.png,0,2,False,False,True
test/videos/2017-10-17_1-39-36/2017-10-17_1-39-36.mp4-bee_id_3597-3555-1.png,0,0,False,False,True
test/videos/2017-10-17_1-39-36/2017-10-17_1-39-36.mp4-bee_id_3598-3600-1.png,0,0,False,False,True
test/videos/2017-10-17_1-39-36/2017-10-17_1-39-36.mp4-bee_id_3599-3630-1.png,0,2,False,False,True
test/videos/2017-10-17_1-39-36/2017-10-17_1-39-36.mp4-bee_id_3600-3645-1.png,0,0,False,False,True
test/videos/2017-10-17_1-39-36/2017-10-17_1-39-36.mp4-bee_id_3601-3645-1.png,1,2,True,False,True
test/videos/2017-10-17_1-39-36/2017-10-17_1-39-36.mp4-bee_id_3602-3645-1.png,0,0,False,False,True
test/videos/2017-10-17_1-39-36/2017-10-17_1-39-36.mp4-bee_id_3604-3735-1.png,0,2,False,False,True
test/videos/2017-10-17_1-39-36/2017-10-17_1-39-36.mp4-bee_id_3605-3750-1.png,0,0,False,False,True
test/videos/2017-10-17_1-39-36/2017-10-17_1-39-36.mp4-bee_id_3606-3825-1.png,0,0,False,False,True
test/videos/2017-10-17_1-39-36/2017-10-17_1-39-36.mp4-bee_id_3607-3870-1.png,0,2,False,False,True
test/videos/2017-10-17_1-39-36/2017-10-17_1-39-36.mp4-bee_id_3608-3885-1.png,0,0,False,False,True
test/videos/2017-10-17_1-39-36/2017-10-17_1-39-36.mp4-bee_id_3609-3900-1.png,0,0,False,False,True
test/videos/2017-10-17_1-39-36/2017-10-17_1-39-36.mp4-bee_id_3612-3915-1.png,0,1,False,False,True
test/videos/2017-10-17_1-39-36/2017-10-17_1-39-36.mp4-bee_id_3613-3945-1.png,0,2,False,False,True
test/videos/2017-10-17_1-39-36/2017-10-17_1-39-36.mp4-bee_id_3614-3960-1.png,0,1,False,False,True
test/videos/2017-10-17_1-39-36/2017-10-17_1-39-36.mp4-bee_id_3615-3960-1.png,0,3,False,False,True
test/videos/2017-10-17_1-39-36/2017-10-17_1-39-36.mp4-bee_id_3616-3975-1.png,0,0,False,False,True
test/videos/2017-10-17_1-39-36/2017-10-17_1-39-36.mp4-bee_id_3617-3990-1.png,0,0,False,False,True
test/videos/2017-10-17_1-39-36/2017-10-17_1-39-36.mp4-bee_id_3618-4110-1.png,0,2,False,False,True
test/videos/2017-10-17_1-39-36/2017-10-17_1-39-36.mp4-bee_id_3619-4125-1.png,0,0,False,False,True
test/videos/2017-10-17_1-39-36/2017-10-17_1-39-36.mp4-bee_id_3620-4140-1.png,0,1,False,False,True
test/videos/2017-10-17_1-39-36/2017-10-17_1-39-36.mp4-bee_id_3621-4140-1.png,0,1,False,False,True
test/videos/2017-10-17_1-39-36/2017-10-17_1-39-36.mp4-bee_id_3622-4155-1.png,0,0,False,False,True
test/videos/2017-10-17_1-39-36/2017-10-17_1-39-36.mp4-bee_id_3623-4170-1.png,0,2,False,False,True
test/videos/2017-10-17_1-39-36/2017-10-17_1-39-36.mp4-bee_id_3624-4170-1.png,0,0,False,False,True
test/videos/2017-10-17_1-39-36/2017-10-17_1-39-36.mp4-bee_id_3625-4185-1.png,0,1,False,False,True
test/videos/2017-10-17_1-39-36/2017-10-17_1-39-36.mp4-bee_id_3626-4275-1.png,0,0,False,False,True
test/videos/2017-10-17_1-39-36/2017-10-17_1-39-36.mp4-bee_id_3627-4290-1.png,0,0,False,False,True
test/videos/2017-10-17_1-39-36/2017-10-17_1-39-36.mp4-bee_id_3628-4305-1.png,0,1,False,False,True
test/videos/2017-10-17_1-39-36/2017-10-17_1-39-36.mp4-bee_id_3629-4305-1.png,0,1,False,False,True
test/videos/2017-10-17_1-39-36/2017-10-17_1-39-36.mp4-bee_id_3631-4380-1.png,0,2,False,False,True
test/videos/2017-10-17_1-39-36/2017-10-17_1-39-36.mp4-bee_id_3632-4425-1.png,0,0,False,False,True
test/videos/2017-10-17_1-39-36/2017-10-17_1-39-36.mp4-bee_id_3635-4605-1.png,0,1,False,False,True
test/videos/2017-10-17_1-39-36/2017-10-17_1-39-36.mp4-bee_id_3636-4605-1.png,0,1,False,False,True
test/videos/2017-10-17_1-39-36/2017-10-17_1-39-36.mp4-bee_id_3637-4620-1.png,0,3,False,False,True
test/videos/2017-10-17_1-39-36/2017-10-17_1-39-36.mp4-bee_id_3638-4650-1.png,0,0,False,False,True
test/videos/2017-10-17_1-39-36/2017-10-17_1-39-36.mp4-bee_id_3639-4665-1.png,0,2,False,False,True
test/videos/2017-10-17_1-39-36/2017-10-17_1-39-36.mp4-bee_id_3640-4665-1.png,0,1,False,False,True
test/videos/2017-10-17_1-39-36/2017-10-17_1-39-36.mp4-bee_id_3641-4770-1.png,0,2,False,False,True
test/videos/2017-10-17_1-39-36/2017-10-17_1-39-36.mp4-bee_id_3642-4785-1.png,0,1,False,False,True
test/videos/2017-10-17_1-39-36/2017-10-17_1-39-36.mp4-bee_id_3643-4845-1.png,0,0,False,False,True
test/videos/2017-10-17_1-39-36/2017-10-17_1-39-36.mp4-bee_id_3644-4845-1.png,0,2,False,False,True
test/videos/2017-10-17_1-39-36/2017-10-17_1-39-36.mp4-bee_id_3646-4905-1.png,0,2,False,False,True
test/videos/2017-10-17_1-39-36/2017-10-17_1-39-36.mp4-bee_id_3648-4980-1.png,0,1,False,False,True
test/videos/2017-10-17_1-39-36/2017-10-17_1-39-36.mp4-bee_id_3649-5070-1.png,0,0,False,False,True
test/videos/2017-10-17_1-39-36/2017-10-17_1-39-36.mp4-bee_id_3650-5085-1.png,0,0,False,False,True
test/videos/2017-10-17_1-39-36/2017-10-17_1-39-36.mp4-bee_id_3651-5085-1.png,1,1,True,False,True
test/videos/2017-10-17_1-39-36/2017-10-17_1-39-36.mp4-bee_id_3652-5100-1.png,0,0,False,False,True
test/videos/2017-10-17_1-39-36/2017-10-17_1-39-36.mp4-bee_id_3653-5130-1.png,0,2,False,False,True
test/videos/2017-10-17_1-39-36/2017-10-17_1-39-36.mp4-bee_id_3654-5145-1.png,0,0,False,False,True
test/videos/2017-10-17_1-39-36/2017-10-17_1-39-36.mp4-bee_id_3655-5160-1.png,0,0,False,False,True
test/videos/2017-10-17_1-39-36/2017-10-17_1-39-36.mp4-bee_id_3656-5175-1.png,0,0,False,False,True
test/videos/2017-10-17_1-39-36/2017-10-17_1-39-36.mp4-bee_id_3657-5175-1.png,0,1,False,False,True
test/videos/2017-10-17_1-39-36/2017-10-17_1-39-36.mp4-bee_id_3658-5235-1.png,0,0,False,False,True
test/videos/2017-10-17_1-39-36/2017-10-17_1-39-36.mp4-bee_id_3659-5265-1.png,0,1,False,False,True
test/videos/2017-10-17_1-39-36/2017-10-17_1-39-36.mp4-bee_id_3660-5280-1.png,0,0,False,False,True
test/videos/2017-10-17_1-39-36/2017-10-17_1-39-36.mp4-bee_id_3661-5340-1.png,0,1,False,False,True
test/videos/2017-10-17_1-39-36/2017-10-17_1-39-36.mp4-bee_id_3662-5400-1.png,0,2,False,False,True
test/videos/2017-10-17_1-39-36/2017-10-17_1-39-36.mp4-bee_id_3663-5430-1.png,0,3,False,False,True
test/videos/2017-10-17_1-39-36/2017-10-17_1-39-36.mp4-bee_id_3664-5445-1.png,0,0,False,False,True
test/videos/2017-10-17_1-39-36/2017-10-17_1-39-36.mp4-bee_id_3665-5475-1.png,1,3,True,True,True
test/videos/2017-10-17_1-39-36/2017-10-17_1-39-36.mp4-bee_id_3666-5490-1.png,0,0,False,False,True
test/videos/2017-10-17_1-39-36/2017-10-17_1-39-36.mp4-bee_id_3667-5505-1.png,0,0,False,False,True
test/videos/2017-10-17_1-39-36/2017-10-17_1-39-36.mp4-bee_id_3668-5535-1.png,0,0,False,False,True
test/videos/2017-10-17_1-39-36/2017-10-17_1-39-36.mp4-bee_id_3669-5565-1.png,0,2,False,False,True
test/videos/2017-10-17_1-39-36/2017-10-17_1-39-36.mp4-bee_id_3670-5610-1.png,0,2,False,False,True
test/videos/2017-10-17_1-39-36/2017-10-17_1-39-36.mp4-bee_id_3671-5655-1.png,0,2,False,False,True
test/videos/2017-10-17_1-39-36/2017-10-17_1-39-36.mp4-bee_id_3672-5670-1.png,0,0,False,False,True
test/videos/2017-10-17_1-39-36/2017-10-17_1-39-36.mp4-bee_id_3673-5685-1.png,0,0,False,False,True
test/videos/2017-10-17_1-39-36/2017-10-17_1-39-36.mp4-bee_id_3674-5700-1.png,0,3,False,False,True
test/videos/2017-10-17_1-39-36/2017-10-17_1-39-36.mp4-bee_id_3675-5730-1.png,0,0,False,False,True
test/videos/2017-10-17_1-39-36/2017-10-17_1-39-36.mp4-bee_id_3676-5775-1.png,0,2,False,False,True
test/videos/2017-10-17_1-39-36/2017-10-17_1-39-36.mp4-bee_id_3677-5775-1.png,0,2,False,False,True
test/videos/2017-10-17_1-39-36/2017-10-17_1-39-36.mp4-bee_id_3678-5775-1.png,0,1,False,False,True
test/videos/2017-10-17_1-39-36/2017-10-17_1-39-36.mp4-bee_id_3679-5835-1.png,0,0,False,False,True
test/videos/2017-10-17_1-39-36/2017-10-17_1-39-36.mp4-bee_id_3680-5835-1.png,0,2,False,False,True
test/videos/2017-10-17_1-39-36/2017-10-17_1-39-36.mp4-bee_id_3681-5835-1.png,0,2,False,False,True
test/videos/2017-10-17_1-39-36/2017-10-17_1-39-36.mp4-bee_id_3682-5865-1.png,0,0,False,False,True
test/videos/2017-10-17_1-39-36/2017-10-17_1-39-36.mp4-bee_id_3683-5865-1.png,0,0,False,False,True
test/videos/2017-10-17_1-39-36/2017-10-17_1-39-36.mp4-bee_id_3684-5880-1.png,0,0,False,False,True
test/videos/2017-10-17_1-39-36/2017-10-17_1-39-36.mp4-bee_id_3686-5985-1.png,0,0,False,False,True
test/videos/2017-10-17_1-39-36/2017-10-17_1-39-36.mp4-bee_id_3687-6045-1.png,0,1,False,False,True
test/videos/2017-10-17_1-39-36/2017-10-17_1-39-36.mp4-bee_id_3688-6060-1.png,0,2,False,False,True
test/videos/2017-10-17_1-39-36/2017-10-17_1-39-36.mp4-bee_id_3689-6060-1.png,0,3,False,False,True
test/videos/2017-10-17_1-39-36/2017-10-17_1-39-36.mp4-bee_id_3690-6060-1.png,0,2,False,False,True
test/videos/2017-10-17_1-39-36/2017-10-17_1-39-36.mp4-bee_id_3691-6090-1.png,0,2,False,False,True
test/videos/2017-10-17_1-39-36/2017-10-17_1-39-36.mp4-bee_id_3692-6090-1.png,0,0,False,False,True
test/videos/2017-10-17_1-39-36/2017-10-17_1-39-36.mp4-bee_id_3693-6105-1.png,0,2,False,False,True
test/videos/2017-10-17_1-39-36/2017-10-17_1-39-36.mp4-bee_id_3694-6225-1.png,0,0,False,False,True
test/videos/2017-10-17_1-39-36/2017-10-17_1-39-36.mp4-bee_id_3695-6225-1.png,1,0,True,False,True
test/videos/2017-10-17_1-39-36/2017-10-17_1-39-36.mp4-bee_id_3696-6240-1.png,0,0,False,False,True
test/videos/2017-10-17_1-39-36/2017-10-17_1-39-36.mp4-bee_id_3697-6240-1.png,0,0,False,False,True
test/videos/2017-10-17_1-39-36/2017-10-17_1-39-36.mp4-bee_id_3698-6270-1.png,0,1,False,False,True
test/videos/2017-10-17_1-39-36/2017-10-17_1-39-36.mp4-bee_id_3699-6285-1.png,0,0,False,False,True
test/videos/2017-10-17_1-39-36/2017-10-17_1-39-36.mp4-bee_id_3700-6315-1.png,1,1,True,False,True
test/videos/2017-10-17_1-39-36/2017-10-17_1-39-36.mp4-bee_id_3701-6330-1.png,1,0,True,False,True
test/videos/2017-10-17_1-39-36/2017-10-17_1-39-36.mp4-bee_id_3702-6330-1.png,0,0,False,False,True
test/videos/2017-10-17_1-39-36/2017-10-17_1-39-36.mp4-bee_id_3704-6360-1.png,1,0,True,False,True
test/videos/2017-10-17_1-39-36/2017-10-17_1-39-36.mp4-bee_id_3705-6420-1.png,0,2,False,False,True
test/videos/2017-10-17_1-39-36/2017-10-17_1-39-36.mp4-bee_id_3706-6450-1.png,0,0,False,False,True
test/videos/2017-10-17_1-39-36/2017-10-17_1-39-36.mp4-bee_id_3708-6495-1.png,0,1,False,False,True
test/videos/2017-10-17_1-39-36/2017-10-17_1-39-36.mp4-bee_id_3709-6510-1.png,0,0,False,False,True
test/videos/2017-10-17_1-39-36/2017-10-17_1-39-36.mp4-bee_id_3710-6525-1.png,0,0,False,False,True
test/videos/2017-10-17_1-39-36/2017-10-17_1-39-36.mp4-bee_id_3711-6525-1.png,0,1,False,False,True
test/videos/2017-10-17_1-39-36/2017-10-17_1-39-36.mp4-bee_id_3712-6525-1.png,0,1,False,False,True
test/videos/2017-10-17_1-39-36/2017-10-17_1-39-36.mp4-bee_id_3713-6525-1.png,0,1,False,False,True
test/videos/2017-10-17_1-39-36/2017-10-17_1-39-36.mp4-bee_id_3716-6615-1.png,0,0,False,False,True
test/videos/2017-10-17_1-39-36/2017-10-17_1-39-36.mp4-bee_id_3717-6615-1.png,0,0,False,False,True
test/videos/2017-10-17_1-39-36/2017-10-17_1-39-36.mp4-bee_id_3718-6675-1.png,0,0,False,False,True
test/videos/2017-10-17_1-39-36/2017-10-17_1-39-36.mp4-bee_id_3719-6705-1.png,0,2,False,False,True
test/videos/2017-10-17_1-39-36/2017-10-17_1-39-36.mp4-bee_id_3720-6750-1.png,0,2,False,False,True
test/videos/2017-10-17_1-39-36/2017-10-17_1-39-36.mp4-bee_id_3721-6750-1.png,0,1,False,False,True
test/videos/2017-10-17_1-39-36/2017-10-17_1-39-36.mp4-bee_id_3723-6795-1.png,0,1,False,False,True
test/videos/2017-10-17_1-39-36/2017-10-17_1-39-36.mp4-bee_id_3724-6930-1.png,0,0,False,False,True
test/videos/2017-10-17_1-39-36/2017-10-17_1-39-36.mp4-bee_id_3725-6945-1.png,0,2,False,False,True
test/videos/2017-10-17_1-39-36/2017-10-17_1-39-36.mp4-bee_id_3726-6960-1.png,0,1,False,False,True
test/videos/2017-10-17_1-39-36/2017-10-17_1-39-36.mp4-bee_id_3727-6975-1.png,0,0,False,False,True
test/videos/2017-10-17_1-39-36/2017-10-17_1-39-36.mp4-bee_id_3728-6990-1.png,0,1,False,False,True
test/videos/2017-10-17_1-39-36/2017-10-17_1-39-36.mp4-bee_id_3729-7005-1.png,0,0,False,False,True
test/videos/2017-10-17_1-39-36/2017-10-17_1-39-36.mp4-bee_id_3730-7020-1.png,0,1,False,False,True
test/videos/2017-10-17_1-39-36/2017-10-17_1-39-36.mp4-bee_id_3731-7020-1.png,0,0,False,False,True
test/videos/2017-10-17_1-39-36/2017-10-17_1-39-36.mp4-bee_id_3732-7020-1.png,0,0,False,False,True
test/videos/2017-10-17_1-39-36/2017-10-17_1-39-36.mp4-bee_id_3733-7080-1.png,1,0,True,False,True
test/videos/2017-10-17_1-39-36/2017-10-17_1-39-36.mp4-bee_id_3734-7095-1.png,0,0,False,False,True
test/videos/2017-10-17_1-39-36/2017-10-17_1-39-36.mp4-bee_id_3735-7110-1.png,0,0,False,False,True
test/videos/2017-10-17_1-39-36/2017-10-17_1-39-36.mp4-bee_id_3736-7110-1.png,0,1,False,False,True
test/videos/2017-10-17_1-39-36/2017-10-17_1-39-36.mp4-bee_id_3737-7185-1.png,0,1,False,False,True
test/videos/2017-10-17_1-39-36/2017-10-17_1-39-36.mp4-bee_id_3738-7185-1.png,0,2,False,False,True
test/videos/2017-10-17_1-39-36/2017-10-17_1-39-36.mp4-bee_id_3740-7245-1.png,0,0,False,False,True
test/videos/2017-10-17_1-39-36/2017-10-17_1-39-36.mp4-bee_id_3741-7290-1.png,0,0,False,False,True
test/videos/2017-10-17_1-39-36/2017-10-17_1-39-36.mp4-bee_id_3742-7305-1.png,0,1,False,False,True
test/videos/2017-10-17_1-39-36/2017-10-17_1-39-36.mp4-bee_id_3743-7305-1.png,0,2,False,False,True
test/videos/2017-10-17_1-39-36/2017-10-17_1-39-36.mp4-bee_id_3744-7320-1.png,1,0,True,False,True
test/videos/2017-10-17_1-39-36/2017-10-17_1-39-36.mp4-bee_id_3745-7335-1.png,0,1,False,False,True
test/videos/2017-10-17_1-39-36/2017-10-17_1-39-36.mp4-bee_id_3746-7365-1.png,0,0,False,False,True
test/videos/2017-10-17_1-39-36/2017-10-17_1-39-36.mp4-bee_id_3747-7395-1.png,0,0,False,False,True
test/videos/2017-10-17_1-39-36/2017-10-17_1-39-36.mp4-bee_id_3748-7410-1.png,0,0,False,False,True
test/videos/2017-10-17_1-39-36/2017-10-17_1-39-36.mp4-bee_id_3749-7485-1.png,0,1,False,False,True
test/videos/2017-10-17_1-39-36/2017-10-17_1-39-36.mp4-bee_id_3750-7545-1.png,1,1,True,True,True
test/videos/2017-10-17_1-39-36/2017-10-17_1-39-36.mp4-bee_id_3751-7545-1.png,0,2,False,False,True
test/videos/2017-10-17_1-39-36/2017-10-17_1-39-36.mp4-bee_id_3752-7545-1.png,0,0,False,False,True
test/videos/2017-10-17_1-39-36/2017-10-17_1-39-36.mp4-bee_id_3753-7605-1.png,0,2,False,False,True
test/videos/2017-10-17_1-39-36/2017-10-17_1-39-36.mp4-bee_id_3755-7665-1.png,1,0,True,False,True
test/videos/2017-10-17_1-39-36/2017-10-17_1-39-36.mp4-bee_id_3756-7710-1.png,0,0,False,False,True
test/videos/2017-10-17_1-39-36/2017-10-17_1-39-36.mp4-bee_id_3757-7740-1.png,0,0,False,False,True
test/videos/2017-10-17_1-39-36/2017-10-17_1-39-36.mp4-bee_id_3759-7800-1.png,0,0,False,False,True
test/videos/2017-10-17_1-39-36/2017-10-17_1-39-36.mp4-bee_id_3760-7830-1.png,0,0,False,False,True
test/videos/2017-10-17_1-39-36/2017-10-17_1-39-36.mp4-bee_id_3761-7845-1.png,0,2,False,False,True
test/videos/2017-10-17_1-39-36/2017-10-17_1-39-36.mp4-bee_id_3762-7905-1.png,0,1,False,False,True
test/videos/2017-10-17_1-39-36/2017-10-17_1-39-36.mp4-bee_id_3763-7920-1.png,1,0,True,False,True
test/videos/2017-10-17_1-39-36/2017-10-17_1-39-36.mp4-bee_id_3764-7935-1.png,0,0,False,False,True
test/videos/2017-10-17_1-39-36/2017-10-17_1-39-36.mp4-bee_id_3765-7950-1.png,0,1,False,False,True
test/videos/2017-10-17_1-39-36/2017-10-17_1-39-36.mp4-bee_id_3766-7980-1.png,0,2,False,False,True
test/videos/2017-10-17_1-39-36/2017-10-17_1-39-36.mp4-bee_id_3767-7995-1.png,0,0,False,False,True
test/videos/2017-10-17_1-39-36/2017-10-17_1-39-36.mp4-bee_id_3768-8040-1.png,0,1,False,False,True
test/videos/2017-10-17_1-39-36/2017-10-17_1-39-36.mp4-bee_id_3769-8040-1.png,0,2,False,False,True
test/videos/2017-10-17_1-39-36/2017-10-17_1-39-36.mp4-bee_id_3770-8040-1.png,1,1,True,False,True
test/videos/2017-10-17_1-39-36/2017-10-17_1-39-36.mp4-bee_id_3771-8070-1.png,0,2,False,False,True
test/videos/2017-10-17_1-39-36/2017-10-17_1-39-36.mp4-bee_id_3772-8070-1.png,0,0,False,False,True
test/videos/2017-10-17_1-39-36/2017-10-17_1-39-36.mp4-bee_id_3773-8085-1.png,0,1,False,False,True
test/videos/2017-10-17_1-39-36/2017-10-17_1-39-36.mp4-bee_id_3774-8085-1.png,0,1,False,False,True
test/videos/2017-10-17_1-39-36/2017-10-17_1-39-36.mp4-bee_id_3775-8115-1.png,0,2,False,False,True
test/videos/2017-10-17_1-39-36/2017-10-17_1-39-36.mp4-bee_id_3776-8115-1.png,1,2,True,False,True
test/videos/2017-10-17_1-39-36/2017-10-17_1-39-36.mp4-bee_id_3777-8175-1.png,0,2,False,False,True
test/videos/2017-10-17_1-39-36/2017-10-17_1-39-36.mp4-bee_id_3779-8265-1.png,0,1,False,False,True
test/videos/2017-10-17_1-39-36/2017-10-17_1-39-36.mp4-bee_id_3780-8310-1.png,0,1,False,False,True
test/videos/2017-10-17_1-39-36/2017-10-17_1-39-36.mp4-bee_id_3781-8310-1.png,0,2,False,False,True
test/videos/2017-10-17_1-39-36/2017-10-17_1-39-36.mp4-bee_id_3782-8430-1.png,0,1,False,False,True
test/videos/2017-10-17_1-39-36/2017-10-17_1-39-36.mp4-bee_id_3783-8460-1.png,0,0,False,False,True
test/videos/2017-10-17_1-39-36/2017-10-17_1-39-36.mp4-bee_id_3784-8475-1.png,0,0,False,False,True
test/videos/2017-10-17_1-39-36/2017-10-17_1-39-36.mp4-bee_id_3785-8520-1.png,0,1,False,False,True
test/videos/2017-10-17_1-39-36/2017-10-17_1-39-36.mp4-bee_id_3786-8535-1.png,0,1,False,False,True
test/videos/2017-10-17_1-39-36/2017-10-17_1-39-36.mp4-bee_id_3787-8550-1.png,0,2,False,False,True
test/videos/2017-10-17_1-39-36/2017-10-17_1-39-36.mp4-bee_id_3788-8580-1.png,0,0,False,False,True
test/videos/2017-10-17_1-39-36/2017-10-17_1-39-36.mp4-bee_id_3789-8595-1.png,0,0,False,False,True
test/videos/2017-10-17_1-39-36/2017-10-17_1-39-36.mp4-bee_id_3790-8625-1.png,1,0,True,False,True
test/videos/2017-10-17_1-39-36/2017-10-17_1-39-36.mp4-bee_id_3791-8640-1.png,0,0,False,False,True
test/videos/2017-10-17_1-39-36/2017-10-17_1-39-36.mp4-bee_id_3792-8715-1.png,0,1,False,False,True
test/videos/2017-10-17_1-39-36/2017-10-17_1-39-36.mp4-bee_id_3793-8790-1.png,0,2,False,False,True
test/videos/2017-10-17_1-39-36/2017-10-17_1-39-36.mp4-bee_id_3794-8820-1.png,0,1,False,False,True
test/videos/2017-10-17_1-39-36/2017-10-17_1-39-36.mp4-bee_id_3795-8835-1.png,0,0,False,False,True
test/videos/2017-10-17_1-39-36/2017-10-17_1-39-36.mp4-bee_id_3796-8835-1.png,0,2,False,False,True
test/videos/2017-10-17_1-39-36/2017-10-17_1-39-36.mp4-bee_id_3797-8895-1.png,1,2,True,False,True
test/videos/2017-10-17_1-39-36/2017-10-17_1-39-36.mp4-bee_id_3798-8895-1.png,1,2,True,True,True
test/videos/2017-10-17_1-39-36/2017-10-17_1-39-36.mp4-bee_id_3799-8940-1.png,0,2,False,False,True
test/videos/2017-10-17_1-39-36/2017-10-17_1-39-36.mp4-bee_id_3800-8955-1.png,1,2,True,False,True
test/videos/2017-10-17_1-39-36/2017-10-17_1-39-36.mp4-bee_id_3801-9030-1.png,1,2,True,True,True
test/videos/2017-10-17_1-39-36/2017-10-17_1-39-36.mp4-bee_id_3802-9045-1.png,1,1,True,True,True
test/videos/2017-10-17_1-39-36/2017-10-17_1-39-36.mp4-bee_id_3803-9045-1.png,0,0,False,False,True
test/videos/2017-10-17_1-39-36/2017-10-17_1-39-36.mp4-bee_id_3805-9090-1.png,0,0,False,False,True
test/videos/2017-10-17_1-39-36/2017-10-17_1-39-36.mp4-bee_id_3806-9135-1.png,0,1,False,False,True
test/videos/2017-10-17_1-39-36/2017-10-17_1-39-36.mp4-bee_id_3807-9165-1.png,0,3,False,False,True
test/videos/2017-10-17_1-39-36/2017-10-17_1-39-36.mp4-bee_id_3808-9240-1.png,0,3,False,False,True
test/videos/2017-10-17_1-39-36/2017-10-17_1-39-36.mp4-bee_id_3809-9270-1.png,0,0,False,False,True
test/videos/2017-10-17_1-39-36/2017-10-17_1-39-36.mp4-bee_id_3810-9300-1.png,0,0,False,False,True
test/videos/2017-10-17_1-39-36/2017-10-17_1-39-36.mp4-bee_id_3811-9330-1.png,0,1,False,False,True
test/videos/2017-10-17_1-39-36/2017-10-17_1-39-36.mp4-bee_id_3812-9345-1.png,0,0,False,False,True
test/videos/2017-10-17_1-39-36/2017-10-17_1-39-36.mp4-bee_id_3813-9360-1.png,0,0,False,False,True
test/videos/2017-10-17_1-39-36/2017-10-17_1-39-36.mp4-bee_id_3814-9405-1.png,0,0,False,False,True
test/videos/2017-10-17_1-39-36/2017-10-17_1-39-36.mp4-bee_id_3815-9450-1.png,0,0,False,False,True
test/videos/2017-10-17_1-39-36/2017-10-17_1-39-36.mp4-bee_id_3817-9570-1.png,0,2,False,False,True
test/videos/2017-10-17_1-39-36/2017-10-17_1-39-36.mp4-bee_id_3818-9615-1.png,0,2,False,False,True
test/videos/2017-10-17_1-39-36/2017-10-17_1-39-36.mp4-bee_id_3819-9615-1.png,0,2,False,False,True
test/videos/2017-10-17_1-39-36/2017-10-17_1-39-36.mp4-bee_id_3820-9630-1.png,0,0,False,False,True
test/videos/2017-10-17_1-39-36/2017-10-17_1-39-36.mp4-bee_id_3821-9705-1.png,1,0,True,False,True
test/videos/2017-10-17_1-39-36/2017-10-17_1-39-36.mp4-bee_id_3822-9720-1.png,1,2,True,True,True
test/videos/2017-10-17_1-39-36/2017-10-17_1-39-36.mp4-bee_id_3823-9765-1.png,0,0,False,False,True
test/videos/2017-10-17_1-39-36/2017-10-17_1-39-36.mp4-bee_id_3824-9780-1.png,0,1,False,False,True
test/videos/2017-10-17_1-39-36/2017-10-17_1-39-36.mp4-bee_id_3825-9795-1.png,0,3,False,False,True
test/videos/2017-10-17_1-39-36/2017-10-17_1-39-36.mp4-bee_id_3826-9795-1.png,0,1,False,False,True
test/videos/2017-10-17_1-39-36/2017-10-17_1-39-36.mp4-bee_id_3827-9855-1.png,0,2,False,False,True
test/videos/2017-10-17_1-39-36/2017-10-17_1-39-36.mp4-bee_id_3828-10065-1.png,0,0,False,False,True
test/videos/2017-10-17_1-39-36/2017-10-17_1-39-36.mp4-bee_id_3829-10065-1.png,1,0,True,False,True
test/videos/2017-10-17_1-39-36/2017-10-17_1-39-36.mp4-bee_id_3830-10080-1.png,0,0,False,False,True
test/videos/2017-10-17_1-39-36/2017-10-17_1-39-36.mp4-bee_id_3831-10110-1.png,0,0,False,False,True
test/videos/2017-10-17_1-39-36/2017-10-17_1-39-36.mp4-bee_id_3832-10110-1.png,0,1,False,False,True
test/videos/2017-10-17_1-39-36/2017-10-17_1-39-36.mp4-bee_id_3834-10125-1.png,0,2,False,False,True
test/videos/2017-10-17_1-39-36/2017-10-17_1-39-36.mp4-bee_id_3835-10125-1.png,0,0,False,False,True
test/videos/2017-10-17_1-39-36/2017-10-17_1-39-36.mp4-bee_id_3837-10140-1.png,0,2,False,False,True
test/videos/2017-10-17_1-39-36/2017-10-17_1-39-36.mp4-bee_id_3838-10185-1.png,0,0,False,False,True
test/videos/2017-10-17_1-39-36/2017-10-17_1-39-36.mp4-bee_id_3839-10185-1.png,0,0,False,False,True
test/videos/2017-10-17_1-39-36/2017-10-17_1-39-36.mp4-bee_id_3840-10215-1.png,0,0,False,False,True
test/videos/2017-10-17_1-39-36/2017-10-17_1-39-36.mp4-bee_id_3841-10230-1.png,0,0,False,False,True
test/videos/2017-10-17_1-39-36/2017-10-17_1-39-36.mp4-bee_id_3842-10260-1.png,0,2,False,False,True
test/videos/2017-10-17_1-39-36/2017-10-17_1-39-36.mp4-bee_id_3843-10365-1.png,0,0,False,False,True
test/videos/2017-10-17_1-39-36/2017-10-17_1-39-36.mp4-bee_id_3844-10380-1.png,0,0,False,False,True
test/videos/2017-10-17_1-39-36/2017-10-17_1-39-36.mp4-bee_id_3845-10425-1.png,0,0,False,False,True
test/videos/2017-10-17_1-39-36/2017-10-17_1-39-36.mp4-bee_id_3846-10425-1.png,0,2,False,False,True
test/videos/2017-10-17_1-39-36/2017-10-17_1-39-36.mp4-bee_id_3847-10440-1.png,1,0,True,False,True
test/videos/2017-10-17_1-39-36/2017-10-17_1-39-36.mp4-bee_id_3848-10440-1.png,0,0,False,False,True
test/videos/2017-10-17_1-39-36/2017-10-17_1-39-36.mp4-bee_id_3850-10530-1.png,0,0,False,False,True
test/videos/2017-10-17_1-39-36/2017-10-17_1-39-36.mp4-bee_id_3851-10560-1.png,0,2,False,False,True
test/videos/2017-10-17_1-39-36/2017-10-17_1-39-36.mp4-bee_id_3852-10635-1.png,0,0,False,False,True
test/videos/2017-10-17_1-39-36/2017-10-17_1-39-36.mp4-bee_id_3853-10650-1.png,0,0,False,False,True
test/videos/2017-10-17_1-39-36/2017-10-17_1-39-36.mp4-bee_id_3854-10665-1.png,0,2,False,False,True
test/videos/2017-10-17_1-39-36/2017-10-17_1-39-36.mp4-bee_id_3855-10665-1.png,0,1,False,False,True
test/videos/2017-10-17_1-39-36/2017-10-17_1-39-36.mp4-bee_id_3856-10680-1.png,0,0,False,False,True
test/videos/2017-10-17_1-39-36/2017-10-17_1-39-36.mp4-bee_id_3857-10710-1.png,0,0,False,False,True
test/videos/2017-10-17_1-39-36/2017-10-17_1-39-36.mp4-bee_id_3858-10755-1.png,0,0,False,False,True
test/videos/2017-10-17_1-39-36/2017-10-17_1-39-36.mp4-bee_id_3859-10770-1.png,0,0,False,False,True
test/videos/2017-10-17_1-39-36/2017-10-17_1-39-36.mp4-bee_id_3860-10785-1.png,0,2,False,False,True
test/videos/2017-10-17_1-39-36/2017-10-17_1-39-36.mp4-bee_id_3861-10815-1.png,0,1,False,False,True
test/videos/2017-10-17_1-39-36/2017-10-17_1-39-36.mp4-bee_id_3862-10845-1.png,0,2,False,False,True
test/videos/2017-10-17_1-39-36/2017-10-17_1-39-36.mp4-bee_id_3863-10860-1.png,0,2,False,False,True
test/videos/2017-10-17_1-39-36/2017-10-17_1-39-36.mp4-bee_id_3864-10890-1.png,0,0,False,False,True
test/videos/2017-10-17_1-39-36/2017-10-17_1-39-36.mp4-bee_id_3865-10920-1.png,0,1,False,False,True
test/videos/2017-10-17_1-39-36/2017-10-17_1-39-36.mp4-bee_id_3866-10920-1.png,0,2,False,False,True
test/videos/2017-10-17_1-39-36/2017-10-17_1-39-36.mp4-bee_id_3867-10995-1.png,0,2,False,False,True
test/videos/2017-10-17_1-39-36/2017-10-17_1-39-36.mp4-bee_id_3868-11100-1.png,0,1,False,False,True
test/videos/2017-10-17_1-39-36/2017-10-17_1-39-36.mp4-bee_id_3869-11190-1.png,0,0,False,False,True
test/videos/2017-10-17_1-39-36/2017-10-17_1-39-36.mp4-bee_id_3870-11235-1.png,0,0,False,False,True
test/videos/2017-10-17_1-39-36/2017-10-17_1-39-36.mp4-bee_id_3871-11235-1.png,0,2,False,False,True
test/videos/2017-10-17_1-39-36/2017-10-17_1-39-36.mp4-bee_id_3872-11250-1.png,0,2,False,False,True
test/videos/2017-10-17_1-39-36/2017-10-17_1-39-36.mp4-bee_id_3873-11265-1.png,0,0,False,False,True
test/videos/2017-10-17_1-39-36/2017-10-17_1-39-36.mp4-bee_id_3874-11280-1.png,0,2,False,False,True
test/videos/2017-10-17_1-39-36/2017-10-17_1-39-36.mp4-bee_id_3876-11295-1.png,0,1,False,False,True
test/videos/2017-10-17_1-39-36/2017-10-17_1-39-36.mp4-bee_id_3877-11295-1.png,1,1,True,True,True
test/videos/2017-10-17_1-39-36/2017-10-17_1-39-36.mp4-bee_id_3878-11340-1.png,1,0,True,False,True
test/videos/2017-10-17_1-39-36/2017-10-17_1-39-36.mp4-bee_id_3879-11385-1.png,0,2,False,False,True
test/videos/2017-10-17_1-39-36/2017-10-17_1-39-36.mp4-bee_id_3880-11460-1.png,0,1,False,False,True
test/videos/2017-10-17_1-39-36/2017-10-17_1-39-36.mp4-bee_id_3881-11490-1.png,0,0,False,False,True
test/videos/2017-10-17_1-39-36/2017-10-17_1-39-36.mp4-bee_id_3882-11565-1.png,0,1,False,False,True
test/videos/2017-10-17_1-39-36/2017-10-17_1-39-36.mp4-bee_id_3883-11580-1.png,0,0,False,False,True
test/videos/2017-10-17_1-39-36/2017-10-17_1-39-36.mp4-bee_id_3884-11580-1.png,0,0,False,False,True
test/videos/2017-10-17_1-39-36/2017-10-17_1-39-36.mp4-bee_id_3885-11595-1.png,0,0,False,False,True
test/videos/2017-10-17_1-39-36/2017-10-17_1-39-36.mp4-bee_id_3886-11595-1.png,0,0,False,False,True
test/videos/2017-10-17_1-39-36/2017-10-17_1-39-36.mp4-bee_id_3887-11640-1.png,0,2,False,False,True
test/videos/2017-10-17_1-39-36/2017-10-17_1-39-36.mp4-bee_id_3888-11655-1.png,0,0,False,False,True
test/videos/2017-10-17_1-39-36/2017-10-17_1-39-36.mp4-bee_id_3889-11700-1.png,1,1,True,True,True
test/videos/2017-10-17_1-39-36/2017-10-17_1-39-36.mp4-bee_id_3890-11715-1.png,0,3,False,False,True
test/videos/2017-10-17_1-39-36/2017-10-17_1-39-36.mp4-bee_id_3892-11790-1.png,0,1,False,False,True
test/videos/2017-10-17_1-39-36/2017-10-17_1-39-36.mp4-bee_id_3893-11790-1.png,0,1,False,False,True
test/videos/2017-10-17_1-39-36/2017-10-17_1-39-36.mp4-bee_id_3894-11805-1.png,0,1,False,False,True
test/videos/2017-10-17_1-39-36/2017-10-17_1-39-36.mp4-bee_id_3895-11835-1.png,0,0,False,False,True
test/videos/2017-10-17_1-39-36/2017-10-17_1-39-36.mp4-bee_id_3896-11850-1.png,0,2,False,False,True
test/videos/2017-10-17_1-39-36/2017-10-17_1-39-36.mp4-bee_id_3897-11865-1.png,1,1,True,False,True
test/videos/2017-10-17_1-39-36/2017-10-17_1-39-36.mp4-bee_id_3898-11880-1.png,0,2,False,False,True
test/videos/2017-10-17_1-39-36/2017-10-17_1-39-36.mp4-bee_id_3899-11880-1.png,0,3,False,False,True
test/videos/2017-10-17_1-39-36/2017-10-17_1-39-36.mp4-bee_id_3901-11925-1.png,0,1,False,False,True
test/videos/2017-10-17_1-39-36/2017-10-17_1-39-36.mp4-bee_id_3902-12030-1.png,1,0,True,False,True
test/videos/2017-10-17_1-39-36/2017-10-17_1-39-36.mp4-bee_id_3904-12075-1.png,0,3,False,False,True
test/videos/2017-10-17_1-39-36/2017-10-17_1-39-36.mp4-bee_id_3905-12105-1.png,1,0,True,False,True
test/videos/2017-10-17_1-39-36/2017-10-17_1-39-36.mp4-bee_id_3906-12225-1.png,0,0,False,False,True
test/videos/2017-10-17_1-39-36/2017-10-17_1-39-36.mp4-bee_id_3908-12270-1.png,0,0,False,False,True
test/videos/2017-10-17_1-39-36/2017-10-17_1-39-36.mp4-bee_id_3909-12285-1.png,0,2,False,False,True
test/videos/2017-10-17_1-39-36/2017-10-17_1-39-36.mp4-bee_id_3910-12300-1.png,0,0,False,False,True
test/videos/2017-10-17_1-39-36/2017-10-17_1-39-36.mp4-bee_id_3911-12300-1.png,0,1,False,False,True
test/videos/2017-10-17_1-39-36/2017-10-17_1-39-36.mp4-bee_id_3912-12315-1.png,0,0,False,False,True
test/videos/2017-10-17_1-39-36/2017-10-17_1-39-36.mp4-bee_id_3916-12405-1.png,0,3,False,False,True
test/videos/2017-10-17_1-39-36/2017-10-17_1-39-36.mp4-bee_id_3917-12420-1.png,0,0,False,False,True
test/videos/2017-10-17_1-39-36/2017-10-17_1-39-36.mp4-bee_id_3918-12480-1.png,0,1,False,False,True
test/videos/2017-10-17_1-39-36/2017-10-17_1-39-36.mp4-bee_id_3919-12495-1.png,0,3,False,False,True
test/videos/2017-10-17_1-39-36/2017-10-17_1-39-36.mp4-bee_id_3921-12540-1.png,0,0,False,False,True
test/videos/2017-10-17_1-39-36/2017-10-17_1-39-36.mp4-bee_id_3922-12555-1.png,0,1,False,False,True
test/videos/2017-10-17_1-39-36/2017-10-17_1-39-36.mp4-bee_id_3923-12570-1.png,0,1,False,False,True
test/videos/2017-10-17_1-39-36/2017-10-17_1-39-36.mp4-bee_id_3924-12585-1.png,0,0,False,False,True
test/videos/2017-10-17_1-39-36/2017-10-17_1-39-36.mp4-bee_id_3925-12615-1.png,0,0,False,False,True
test/videos/2017-10-17_1-39-36/2017-10-17_1-39-36.mp4-bee_id_3926-12630-1.png,0,2,False,False,True
test/videos/2017-10-17_1-39-36/2017-10-17_1-39-36.mp4-bee_id_3928-12720-1.png,0,1,False,False,True
test/videos/2017-10-17_1-39-36/2017-10-17_1-39-36.mp4-bee_id_3929-12720-1.png,0,0,False,False,True
test/videos/2017-10-17_1-39-36/2017-10-17_1-39-36.mp4-bee_id_3931-12795-1.png,0,2,False,False,True
test/videos/2017-10-17_1-39-36/2017-10-17_1-39-36.mp4-bee_id_3932-12885-1.png,0,0,False,False,True
test/videos/2017-10-17_1-39-36/2017-10-17_1-39-36.mp4-bee_id_3933-12915-1.png,0,0,False,False,True
test/videos/2017-10-17_1-39-36/2017-10-17_1-39-36.mp4-bee_id_3934-12945-1.png,0,1,False,False,True
test/videos/2017-10-17_1-39-36/2017-10-17_1-39-36.mp4-bee_id_3936-12960-1.png,0,0,False,False,True
test/videos/2017-10-17_1-39-36/2017-10-17_1-39-36.mp4-bee_id_3937-12975-1.png,0,2,False,False,True
test/videos/2017-10-17_1-39-36/2017-10-17_1-39-36.mp4-bee_id_3938-12975-1.png,0,1,False,False,True
test/videos/2017-10-17_1-39-36/2017-10-17_1-39-36.mp4-bee_id_3940-13035-1.png,0,2,False,False,True
test/videos/2017-10-17_1-39-36/2017-10-17_1-39-36.mp4-bee_id_3942-13140-1.png,0,2,False,False,True
test/videos/2017-10-17_1-39-36/2017-10-17_1-39-36.mp4-bee_id_3944-13170-1.png,0,1,False,False,True
test/videos/2017-10-17_1-39-36/2017-10-17_1-39-36.mp4-bee_id_3945-13170-1.png,0,0,False,False,True
test/videos/2017-10-17_1-39-36/2017-10-17_1-39-36.mp4-bee_id_3946-13170-1.png,0,0,False,False,True
test/videos/2017-10-17_1-39-36/2017-10-17_1-39-36.mp4-bee_id_3947-13185-1.png,0,1,False,False,True
test/videos/2017-10-17_1-39-36/2017-10-17_1-39-36.mp4-bee_id_3949-13410-1.png,0,0,False,False,True
test/videos/2017-10-17_1-39-36/2017-10-17_1-39-36.mp4-bee_id_3950-13425-1.png,0,2,False,False,True
test/videos/2017-10-17_1-39-36/2017-10-17_1-39-36.mp4-bee_id_3951-13440-1.png,0,0,False,False,True
test/videos/2017-10-17_1-39-36/2017-10-17_1-39-36.mp4-bee_id_3952-13515-1.png,0,0,False,False,True
test/videos/2017-10-17_1-39-36/2017-10-17_1-39-36.mp4-bee_id_3954-13605-1.png,0,0,False,False,True
test/videos/2017-10-17_1-39-36/2017-10-17_1-39-36.mp4-bee_id_3955-13620-1.png,0,0,False,False,True
test/videos/2017-10-17_1-39-36/2017-10-17_1-39-36.mp4-bee_id_3957-13680-1.png,0,0,False,False,True
test/videos/2017-10-17_1-39-36/2017-10-17_1-39-36.mp4-bee_id_3958-13695-1.png,0,2,False,False,True
test/videos/2017-10-17_1-39-36/2017-10-17_1-39-36.mp4-bee_id_3959-13725-1.png,0,0,False,False,True
test/videos/2017-10-17_1-39-36/2017-10-17_1-39-36.mp4-bee_id_3960-13785-1.png,0,0,False,False,True
test/videos/2017-10-17_1-39-36/2017-10-17_1-39-36.mp4-bee_id_3962-13845-1.png,0,0,False,False,True
test/videos/2017-10-17_1-39-36/2017-10-17_1-39-36.mp4-bee_id_3964-13860-1.png,0,0,False,False,True
test/videos/2017-10-17_1-39-36/2017-10-17_1-39-36.mp4-bee_id_3965-13920-1.png,0,0,False,False,True
test/videos/2017-10-17_1-39-36/2017-10-17_1-39-36.mp4-bee_id_3966-13965-1.png,0,1,False,False,True
test/videos/2017-10-17_1-39-36/2017-10-17_1-39-36.mp4-bee_id_3968-14055-1.png,0,1,False,False,True
test/videos/2017-10-17_1-39-36/2017-10-17_1-39-36.mp4-bee_id_3969-14070-1.png,0,0,False,False,True
test/videos/2017-10-17_1-39-36/2017-10-17_1-39-36.mp4-bee_id_3970-14070-1.png,0,0,False,False,True
test/videos/2017-10-17_1-39-36/2017-10-17_1-39-36.mp4-bee_id_3973-14175-1.png,0,1,False,False,True
test/videos/2017-10-17_1-39-36/2017-10-17_1-39-36.mp4-bee_id_3974-14265-1.png,0,0,False,False,True
test/videos/2017-10-17_1-39-36/2017-10-17_1-39-36.mp4-bee_id_3975-14325-1.png,0,1,False,False,True
test/videos/2017-10-17_1-39-36/2017-10-17_1-39-36.mp4-bee_id_3977-14370-1.png,0,0,False,False,True
test/videos/2017-10-17_1-39-36/2017-10-17_1-39-36.mp4-bee_id_3978-14370-1.png,1,1,True,False,True
test/videos/2017-10-17_1-39-36/2017-10-17_1-39-36.mp4-bee_id_3979-14370-1.png,0,1,False,False,True
test/videos/2017-10-17_1-39-36/2017-10-17_1-39-36.mp4-bee_id_3980-14430-1.png,0,2,False,False,True
test/videos/2017-10-17_1-39-36/2017-10-17_1-39-36.mp4-bee_id_3981-14445-1.png,0,1,False,False,True
test/videos/2017-10-17_1-39-36/2017-10-17_1-39-36.mp4-bee_id_3982-14445-1.png,0,0,False,False,True
test/videos/2017-10-17_1-39-36/2017-10-17_1-39-36.mp4-bee_id_3983-14445-1.png,0,1,False,False,True
test/videos/2017-10-17_1-39-36/2017-10-17_1-39-36.mp4-bee_id_3984-14490-1.png,0,0,False,False,True
test/videos/2017-10-17_1-39-36/2017-10-17_1-39-36.mp4-bee_id_3985-14505-1.png,0,0,False,False,True
test/videos/2017-10-17_1-39-36/2017-10-17_1-39-36.mp4-bee_id_3986-14535-1.png,0,2,False,False,True
test/videos/2017-10-17_1-39-36/2017-10-17_1-39-36.mp4-bee_id_3987-14565-1.png,0,0,False,False,True
test/videos/2017-10-17_1-39-36/2017-10-17_1-39-36.mp4-bee_id_3988-14625-1.png,1,0,True,False,True
test/videos/2017-10-17_1-39-36/2017-10-17_1-39-36.mp4-bee_id_3989-14640-1.png,0,0,False,False,True
test/videos/2017-10-17_1-39-36/2017-10-17_1-39-36.mp4-bee_id_3990-14640-1.png,0,0,False,False,True
test/videos/2017-10-17_1-39-36/2017-10-17_1-39-36.mp4-bee_id_3991-14685-1.png,0,0,False,False,True
test/videos/2017-10-17_1-39-36/2017-10-17_1-39-36.mp4-bee_id_3992-14730-1.png,0,2,False,False,True
test/videos/2017-10-17_1-39-36/2017-10-17_1-39-36.mp4-bee_id_3994-14745-1.png,0,1,False,False,True
test/videos/2017-10-17_1-39-36/2017-10-17_1-39-36.mp4-bee_id_3995-14850-1.png,1,1,True,True,True
test/videos/2017-10-17_1-39-36/2017-10-17_1-39-36.mp4-bee_id_3996-14865-1.png,0,2,False,False,True
test/videos/2017-10-17_1-39-36/2017-10-17_1-39-36.mp4-bee_id_3997-14880-1.png,0,0,False,False,True
test/videos/2017-10-17_1-39-36/2017-10-17_1-39-36.mp4-bee_id_3999-14970-1.png,0,2,False,False,True
test/videos/2017-10-17_1-39-36/2017-10-17_1-39-36.mp4-bee_id_4000-14985-1.png,1,2,True,False,True
test/videos/2017-10-17_1-39-36/2017-10-17_1-39-36.mp4-bee_id_4001-15000-1.png,0,0,False,False,True
test/videos/2017-10-17_1-39-36/2017-10-17_1-39-36.mp4-bee_id_4002-15075-1.png,0,1,False,False,True
test/videos/2017-10-17_1-39-36/2017-10-17_1-39-36.mp4-bee_id_4003-15105-1.png,0,1,False,False,True
test/videos/2017-10-17_1-39-36/2017-10-17_1-39-36.mp4-bee_id_4004-15135-1.png,0,0,False,False,True
test/videos/2017-10-17_1-39-36/2017-10-17_1-39-36.mp4-bee_id_4005-15150-1.png,0,0,False,False,True
test/videos/2017-10-17_1-39-36/2017-10-17_1-39-36.mp4-bee_id_4006-15180-1.png,0,1,False,False,True
test/videos/2017-10-17_1-39-36/2017-10-17_1-39-36.mp4-bee_id_4007-15210-1.png,1,2,True,False,True
test/videos/2017-10-17_1-39-36/2017-10-17_1-39-36.mp4-bee_id_4008-15225-1.png,0,1,False,False,True
test/videos/2017-10-17_1-39-36/2017-10-17_1-39-36.mp4-bee_id_4009-15240-1.png,0,0,False,False,True
test/videos/2017-10-17_1-39-36/2017-10-17_1-39-36.mp4-bee_id_4010-15255-1.png,0,2,False,False,True
test/videos/2017-10-17_1-39-36/2017-10-17_1-39-36.mp4-bee_id_4011-15270-1.png,0,1,False,False,True
test/videos/2017-10-17_1-39-36/2017-10-17_1-39-36.mp4-bee_id_4012-15315-1.png,0,0,False,False,True
test/videos/2017-10-17_1-39-36/2017-10-17_1-39-36.mp4-bee_id_4013-15330-1.png,0,0,False,False,True
test/videos/2017-10-17_1-39-36/2017-10-17_1-39-36.mp4-bee_id_4014-15360-1.png,0,0,False,False,True
test/videos/2017-10-17_1-39-36/2017-10-17_1-39-36.mp4-bee_id_4015-15375-1.png,0,0,False,False,True
test/videos/2017-10-17_1-39-36/2017-10-17_1-39-36.mp4-bee_id_4016-15390-1.png,0,1,False,False,True
test/videos/2017-10-17_1-39-36/2017-10-17_1-39-36.mp4-bee_id_4018-15450-1.png,0,2,False,False,True
test/videos/2017-10-17_1-39-36/2017-10-17_1-39-36.mp4-bee_id_4019-15465-1.png,0,2,False,False,True
test/videos/2017-10-17_1-39-36/2017-10-17_1-39-36.mp4-bee_id_4020-15510-1.png,1,1,True,True,True
test/videos/2017-10-17_1-39-36/2017-10-17_1-39-36.mp4-bee_id_4021-15525-1.png,0,0,False,False,True
test/videos/2017-10-17_1-39-36/2017-10-17_1-39-36.mp4-bee_id_4022-15555-1.png,0,0,False,False,True
test/videos/2017-10-17_1-39-36/2017-10-17_1-39-36.mp4-bee_id_4023-15570-1.png,1,2,True,True,True
test/videos/2017-10-17_1-39-36/2017-10-17_1-39-36.mp4-bee_id_4024-15570-1.png,0,2,False,False,True
test/videos/2017-10-17_1-39-36/2017-10-17_1-39-36.mp4-bee_id_4025-15570-1.png,0,0,False,False,True
test/videos/2017-10-17_1-39-36/2017-10-17_1-39-36.mp4-bee_id_4027-15600-1.png,0,1,False,False,True
test/videos/2017-10-17_1-39-36/2017-10-17_1-39-36.mp4-bee_id_4028-15615-1.png,1,0,True,False,True
test/videos/2017-10-17_1-39-36/2017-10-17_1-39-36.mp4-bee_id_4029-15645-1.png,1,1,True,True,True
test/videos/2017-10-17_1-39-36/2017-10-17_1-39-36.mp4-bee_id_4031-15810-1.png,0,2,False,False,True
test/videos/2017-10-17_1-39-36/2017-10-17_1-39-36.mp4-bee_id_4032-15855-1.png,0,2,False,False,True
test/videos/2017-10-17_1-39-36/2017-10-17_1-39-36.mp4-bee_id_4033-15855-1.png,0,1,False,False,True
test/videos/2017-10-17_1-39-36/2017-10-17_1-39-36.mp4-bee_id_4034-15930-1.png,1,0,True,False,True
test/videos/2017-10-17_1-39-36/2017-10-17_1-39-36.mp4-bee_id_4035-15945-1.png,1,1,True,False,True
test/videos/2017-10-17_1-39-36/2017-10-17_1-39-36.mp4-bee_id_4036-16005-1.png,0,1,False,False,True
test/videos/2017-10-17_1-39-36/2017-10-17_1-39-36.mp4-bee_id_4037-16035-1.png,0,0,False,False,True
test/videos/2017-10-17_1-39-36/2017-10-17_1-39-36.mp4-bee_id_4038-16095-1.png,0,0,False,False,True
test/videos/2017-10-17_1-39-36/2017-10-17_1-39-36.mp4-bee_id_4039-16185-1.png,0,2,False,False,True
test/videos/2017-10-17_1-39-36/2017-10-17_1-39-36.mp4-bee_id_4040-16230-1.png,0,2,False,False,True
test/videos/2017-10-17_1-39-36/2017-10-17_1-39-36.mp4-bee_id_4041-16230-1.png,0,1,False,False,True
test/videos/2017-10-17_1-39-36/2017-10-17_1-39-36.mp4-bee_id_4042-16245-1.png,0,1,False,False,True
test/videos/2017-10-17_1-39-36/2017-10-17_1-39-36.mp4-bee_id_4044-16350-1.png,0,0,False,False,True
test/videos/2017-10-17_1-39-36/2017-10-17_1-39-36.mp4-bee_id_4045-16365-1.png,0,2,False,False,True
test/videos/2017-10-17_1-39-36/2017-10-17_1-39-36.mp4-bee_id_4046-16410-1.png,0,0,False,False,True
test/videos/2017-10-17_1-39-36/2017-10-17_1-39-36.mp4-bee_id_4047-16410-1.png,0,0,False,False,True
test/videos/2017-10-17_1-39-36/2017-10-17_1-39-36.mp4-bee_id_4048-16530-1.png,0,0,False,False,True
test/videos/2017-10-17_1-39-36/2017-10-17_1-39-36.mp4-bee_id_4051-16605-1.png,0,0,False,False,True
test/videos/2017-10-17_1-39-36/2017-10-17_1-39-36.mp4-bee_id_4052-16635-1.png,0,0,False,False,True
test/videos/2017-10-17_1-39-36/2017-10-17_1-39-36.mp4-bee_id_4053-16680-1.png,0,0,False,False,True
test/videos/2017-10-17_1-39-36/2017-10-17_1-39-36.mp4-bee_id_4054-16695-1.png,0,0,False,False,True
test/videos/2017-10-17_1-39-36/2017-10-17_1-39-36.mp4-bee_id_4055-16695-1.png,0,0,False,False,True
test/videos/2017-10-17_1-39-36/2017-10-17_1-39-36.mp4-bee_id_4056-16710-1.png,0,1,False,False,True
test/videos/2017-10-17_1-39-36/2017-10-17_1-39-36.mp4-bee_id_4057-16755-1.png,0,3,False,False,True
test/videos/2017-10-17_1-39-36/2017-10-17_1-39-36.mp4-bee_id_4058-16770-1.png,0,0,False,False,True
test/videos/2017-10-17_1-39-36/2017-10-17_1-39-36.mp4-bee_id_4059-16770-1.png,0,1,False,False,True
test/videos/2017-10-17_1-39-36/2017-10-17_1-39-36.mp4-bee_id_4060-16800-1.png,0,2,False,False,True
test/videos/2017-10-17_1-39-36/2017-10-17_1-39-36.mp4-bee_id_4062-16875-1.png,0,1,False,False,True
test/videos/2017-10-17_1-39-36/2017-10-17_1-39-36.mp4-bee_id_4063-16890-1.png,0,1,False,False,True
test/videos/2017-10-17_1-39-36/2017-10-17_1-39-36.mp4-bee_id_4064-16950-1.png,0,0,False,False,True
test/videos/2017-10-17_1-39-36/2017-10-17_1-39-36.mp4-bee_id_4065-16965-1.png,1,3,True,False,True
test/videos/2017-10-17_1-39-36/2017-10-17_1-39-36.mp4-bee_id_4066-16980-1.png,0,2,False,False,True
test/videos/2017-10-17_1-39-36/2017-10-17_1-39-36.mp4-bee_id_4067-16995-1.png,0,1,False,False,True
test/videos/2017-10-17_1-39-36/2017-10-17_1-39-36.mp4-bee_id_4068-17040-1.png,0,0,False,False,True
test/videos/2017-10-17_1-39-36/2017-10-17_1-39-36.mp4-bee_id_4069-17070-1.png,0,2,False,False,True
test/videos/2017-10-17_1-39-36/2017-10-17_1-39-36.mp4-bee_id_4070-17085-1.png,0,0,False,False,True
test/videos/2017-10-17_1-39-36/2017-10-17_1-39-36.mp4-bee_id_4072-17145-1.png,1,1,True,False,True
test/videos/2017-10-17_1-39-36/2017-10-17_1-39-36.mp4-bee_id_4073-17175-1.png,0,2,False,False,True
test/videos/2017-10-17_1-39-36/2017-10-17_1-39-36.mp4-bee_id_4076-17250-1.png,0,0,False,False,True
test/videos/2017-10-17_1-39-36/2017-10-17_1-39-36.mp4-bee_id_4077-17295-1.png,1,1,True,False,True
test/videos/2017-10-17_1-39-36/2017-10-17_1-39-36.mp4-bee_id_4078-17355-1.png,0,2,False,False,True
test/videos/2017-10-17_1-39-36/2017-10-17_1-39-36.mp4-bee_id_4080-17370-1.png,0,0,False,False,True
test/videos/2017-10-17_1-39-36/2017-10-17_1-39-36.mp4-bee_id_4082-17430-1.png,0,0,False,False,True
test/videos/2017-10-17_1-39-36/2017-10-17_1-39-36.mp4-bee_id_4083-17460-1.png,0,0,False,False,True
test/videos/2017-10-17_1-39-36/2017-10-17_1-39-36.mp4-bee_id_4084-17490-1.png,0,0,False,False,True
test/videos/2017-10-17_1-39-36/2017-10-17_1-39-36.mp4-bee_id_4085-17490-1.png,0,0,False,False,True
test/videos/2017-10-17_1-39-36/2017-10-17_1-39-36.mp4-bee_id_4087-17550-1.png,0,2,False,False,True
test/videos/2017-10-17_1-39-36/2017-10-17_1-39-36.mp4-bee_id_4088-17565-1.png,0,1,False,False,True
test/videos/2017-10-17_1-39-36/2017-10-17_1-39-36.mp4-bee_id_4090-17610-1.png,1,2,True,False,True
test/videos/2017-10-17_1-39-36/2017-10-17_1-39-36.mp4-bee_id_4091-17640-1.png,0,0,False,False,True
test/videos/2017-10-17_1-39-36/2017-10-17_1-39-36.mp4-bee_id_4092-17670-1.png,0,2,False,False,True
test/videos/2017-10-17_1-39-36/2017-10-17_1-39-36.mp4-bee_id_4093-17670-1.png,0,1,False,False,True
test/videos/2017-10-17_1-39-36/2017-10-17_1-39-36.mp4-bee_id_4094-17685-1.png,1,3,True,True,True
test/videos/2017-10-17_1-39-36/2017-10-17_1-39-36.mp4-bee_id_4095-17700-1.png,0,0,False,False,True
test/videos/2017-10-17_1-39-36/2017-10-17_1-39-36.mp4-bee_id_4097-17715-1.png,0,0,False,False,True
test/videos/2017-10-17_1-39-36/2017-10-17_1-39-36.mp4-bee_id_4098-17805-1.png,0,0,False,False,True
test/videos/2017-10-17_1-39-36/2017-10-17_1-39-36.mp4-bee_id_4099-17880-1.png,0,1,False,False,True
test/videos/2017-10-17_1-39-36/2017-10-17_1-39-36.mp4-bee_id_4100-17895-1.png,0,0,False,False,True
test/videos/2017-10-17_1-39-36/2017-10-17_1-39-36.mp4-bee_id_4101-17940-1.png,0,1,False,False,True
test/videos/2017-10-17_1-39-36/2017-10-17_1-39-36.mp4-bee_id_4102-17940-1.png,0,2,False,False,True
test/videos/2017-10-17_1-39-36/2017-10-17_1-39-36.mp4-bee_id_4104-17985-1.png,1,2,True,False,True
test/videos/2017-10-17_1-39-36/2017-10-17_1-39-36.mp4-bee_id_4106-18015-1.png,0,1,False,False,True
test/videos/2017-10-17_1-39-36/2017-10-17_1-39-36.mp4-bee_id_4108-18075-1.png,0,0,False,False,True
test/videos/2017-10-17_1-39-36/2017-10-17_1-39-36.mp4-bee_id_4109-18105-1.png,0,0,False,False,True
test/videos/2017-10-17_1-39-36/2017-10-17_1-39-36.mp4-bee_id_4110-18150-1.png,0,0,False,False,True
test/videos/2017-10-17_1-39-36/2017-10-17_1-39-36.mp4-bee_id_4111-18165-1.png,0,1,False,False,True
test/videos/2017-10-17_1-39-36/2017-10-17_1-39-36.mp4-bee_id_4112-18195-1.png,0,0,False,False,True
test/videos/2017-10-17_1-39-36/2017-10-17_1-39-36.mp4-bee_id_4113-18195-1.png,0,1,False,False,True
test/videos/2017-10-17_1-39-36/2017-10-17_1-39-36.mp4-bee_id_4115-18225-1.png,0,1,False,False,True
test/videos/2017-10-17_1-39-36/2017-10-17_1-39-36.mp4-bee_id_4116-18255-1.png,0,1,False,False,True
test/videos/2017-10-17_1-39-36/2017-10-17_1-39-36.mp4-bee_id_4117-18270-1.png,0,2,False,False,True
test/videos/2017-10-17_1-39-36/2017-10-17_1-39-36.mp4-bee_id_4118-18270-1.png,0,0,False,False,True
test/videos/2017-10-17_1-39-36/2017-10-17_1-39-36.mp4-bee_id_4119-18330-1.png,0,0,False,False,True
test/videos/2017-10-17_1-39-36/2017-10-17_1-39-36.mp4-bee_id_4120-18360-1.png,0,0,False,False,True
test/videos/2017-10-17_1-39-36/2017-10-17_1-39-36.mp4-bee_id_4122-18465-1.png,0,2,False,False,True
test/videos/2017-10-17_1-39-36/2017-10-17_1-39-36.mp4-bee_id_4123-18465-1.png,0,0,False,False,True
test/videos/2017-10-17_1-39-36/2017-10-17_1-39-36.mp4-bee_id_4124-18480-1.png,0,1,False,False,True
test/videos/2017-10-17_1-39-36/2017-10-17_1-39-36.mp4-bee_id_4125-18540-1.png,0,2,False,False,True
test/videos/2017-10-17_1-39-36/2017-10-17_1-39-36.mp4-bee_id_4126-18600-1.png,0,2,False,False,True
test/videos/2017-10-17_1-39-36/2017-10-17_1-39-36.mp4-bee_id_4127-18645-1.png,1,0,True,False,True
test/videos/2017-10-17_1-39-36/2017-10-17_1-39-36.mp4-bee_id_4128-18675-1.png,0,1,False,False,True
test/videos/2017-10-17_1-39-36/2017-10-17_1-39-36.mp4-bee_id_4129-18750-1.png,0,0,False,False,True
test/videos/2017-10-17_1-39-36/2017-10-17_1-39-36.mp4-bee_id_4130-18765-1.png,0,0,False,False,True
test/videos/2017-10-17_1-39-36/2017-10-17_1-39-36.mp4-bee_id_4131-18765-1.png,0,0,False,False,True
test/videos/2017-10-17_1-39-36/2017-10-17_1-39-36.mp4-bee_id_4132-18780-1.png,0,2,False,False,True
test/videos/2017-10-17_1-39-36/2017-10-17_1-39-36.mp4-bee_id_4133-18825-1.png,0,2,False,False,True
test/videos/2017-10-17_1-39-36/2017-10-17_1-39-36.mp4-bee_id_4134-18900-1.png,0,0,False,False,True
test/videos/2017-10-17_1-39-36/2017-10-17_1-39-36.mp4-bee_id_4135-18930-1.png,0,1,False,False,True
test/videos/2017-10-17_1-39-36/2017-10-17_1-39-36.mp4-bee_id_4137-19020-1.png,0,2,False,False,True
test/videos/2017-10-17_1-39-36/2017-10-17_1-39-36.mp4-bee_id_4138-19095-1.png,0,2,False,False,True
test/videos/2017-10-17_1-39-36/2017-10-17_1-39-36.mp4-bee_id_4139-19125-1.png,0,0,False,False,True
test/videos/2017-10-17_1-39-36/2017-10-17_1-39-36.mp4-bee_id_4140-19125-1.png,0,0,False,False,True
test/videos/2017-10-17_1-39-36/2017-10-17_1-39-36.mp4-bee_id_4141-19155-1.png,0,3,False,False,True
test/videos/2017-10-17_1-39-36/2017-10-17_1-39-36.mp4-bee_id_4142-19155-1.png,0,1,False,False,True
test/videos/2017-10-17_1-39-36/2017-10-17_1-39-36.mp4-bee_id_4143-19155-1.png,0,0,False,False,True
test/videos/2017-10-17_1-39-36/2017-10-17_1-39-36.mp4-bee_id_4144-19170-1.png,1,1,True,True,True
test/videos/2017-10-17_1-39-36/2017-10-17_1-39-36.mp4-bee_id_4145-19215-1.png,0,0,False,False,True
test/videos/2017-10-17_1-39-36/2017-10-17_1-39-36.mp4-bee_id_4146-19215-1.png,0,0,False,False,True
test/videos/2017-10-17_1-39-36/2017-10-17_1-39-36.mp4-bee_id_4147-19230-1.png,1,2,True,True,True
test/videos/2017-10-17_1-39-36/2017-10-17_1-39-36.mp4-bee_id_4149-19245-1.png,1,0,True,False,True
test/videos/2017-10-17_1-39-36/2017-10-17_1-39-36.mp4-bee_id_4150-19290-1.png,0,1,False,False,True
test/videos/2017-10-17_1-39-36/2017-10-17_1-39-36.mp4-bee_id_4151-19290-1.png,0,0,False,False,True
test/videos/2017-10-17_1-39-36/2017-10-17_1-39-36.mp4-bee_id_4152-19320-1.png,1,0,True,False,True
test/videos/2017-10-17_1-39-36/2017-10-17_1-39-36.mp4-bee_id_4153-19320-1.png,0,0,False,False,True
test/videos/2017-10-17_1-39-36/2017-10-17_1-39-36.mp4-bee_id_4154-19350-1.png,0,2,False,False,True
test/videos/2017-10-17_1-39-36/2017-10-17_1-39-36.mp4-bee_id_4155-19395-1.png,0,2,False,False,True
test/videos/2017-10-17_1-39-36/2017-10-17_1-39-36.mp4-bee_id_4156-19395-1.png,0,1,False,False,True
test/videos/2017-10-17_1-39-36/2017-10-17_1-39-36.mp4-bee_id_4157-19470-1.png,0,2,False,False,True
test/videos/2017-10-17_1-39-36/2017-10-17_1-39-36.mp4-bee_id_4158-19470-1.png,0,2,False,False,True
test/videos/2017-10-17_1-39-36/2017-10-17_1-39-36.mp4-bee_id_4159-19485-1.png,1,2,True,False,True
test/videos/2017-10-17_1-39-36/2017-10-17_1-39-36.mp4-bee_id_4160-19500-1.png,0,0,False,False,True
test/videos/2017-10-17_1-39-36/2017-10-17_1-39-36.mp4-bee_id_4161-19530-1.png,0,0,False,False,True
test/videos/2017-10-17_1-39-36/2017-10-17_1-39-36.mp4-bee_id_4162-19545-1.png,0,0,False,False,True
test/videos/2017-10-17_1-39-36/2017-10-17_1-39-36.mp4-bee_id_4163-19560-1.png,0,1,False,False,True
test/videos/2017-10-17_1-39-36/2017-10-17_1-39-36.mp4-bee_id_4164-19575-1.png,0,1,False,False,True
test/videos/2017-10-17_1-39-36/2017-10-17_1-39-36.mp4-bee_id_4165-19575-1.png,0,1,False,False,True
test/videos/2017-10-17_1-39-36/2017-10-17_1-39-36.mp4-bee_id_4166-19605-1.png,0,0,False,False,True
test/videos/2017-10-17_1-39-36/2017-10-17_1-39-36.mp4-bee_id_4167-19635-1.png,0,2,False,False,True
test/videos/2017-10-17_1-39-36/2017-10-17_1-39-36.mp4-bee_id_4168-19650-1.png,0,1,False,False,True
test/videos/2017-10-17_1-39-36/2017-10-17_1-39-36.mp4-bee_id_4169-19665-1.png,0,0,False,False,True
test/videos/2017-10-17_1-39-36/2017-10-17_1-39-36.mp4-bee_id_4170-19680-1.png,0,1,False,False,True
test/videos/2017-10-17_1-39-36/2017-10-17_1-39-36.mp4-bee_id_4171-19680-1.png,0,0,False,False,True
test/videos/2017-10-17_1-39-36/2017-10-17_1-39-36.mp4-bee_id_4172-19695-1.png,0,1,False,False,True
test/videos/2017-10-17_1-39-36/2017-10-17_1-39-36.mp4-bee_id_4174-19740-1.png,0,0,False,False,True
test/videos/2017-10-17_1-39-36/2017-10-17_1-39-36.mp4-bee_id_4175-19755-1.png,0,1,False,False,True
test/videos/2017-10-17_1-39-36/2017-10-17_1-39-36.mp4-bee_id_4176-19755-1.png,1,2,True,True,True
test/videos/2017-10-17_1-39-36/2017-10-17_1-39-36.mp4-bee_id_4177-19755-1.png,0,2,False,False,True
test/videos/2017-10-17_1-39-36/2017-10-17_1-39-36.mp4-bee_id_4178-19770-1.png,0,0,False,False,True
test/videos/2017-10-17_1-39-36/2017-10-17_1-39-36.mp4-bee_id_4179-19785-1.png,0,0,False,False,True
test/videos/2017-10-17_1-39-36/2017-10-17_1-39-36.mp4-bee_id_4180-19920-1.png,0,2,False,False,True
test/videos/2017-10-17_1-39-36/2017-10-17_1-39-36.mp4-bee_id_4181-19980-1.png,0,1,False,False,True
test/videos/2017-10-17_1-39-36/2017-10-17_1-39-36.mp4-bee_id_4182-20040-1.png,0,0,False,False,True
test/videos/2017-10-17_1-39-36/2017-10-17_1-39-36.mp4-bee_id_4183-20040-1.png,0,1,False,False,True
test/videos/2017-10-17_1-39-36/2017-10-17_1-39-36.mp4-bee_id_4184-20130-1.png,0,0,False,False,True
test/videos/2017-10-17_1-39-36/2017-10-17_1-39-36.mp4-bee_id_4185-20205-1.png,0,0,False,False,True
test/videos/2017-10-17_1-39-36/2017-10-17_1-39-36.mp4-bee_id_4186-20205-1.png,0,0,False,False,True
test/videos/2017-10-17_1-39-36/2017-10-17_1-39-36.mp4-bee_id_4187-20280-1.png,0,2,False,False,True
test/videos/2017-10-17_1-39-36/2017-10-17_1-39-36.mp4-bee_id_4188-20325-1.png,0,2,False,False,True
test/videos/2017-10-17_1-39-36/2017-10-17_1-39-36.mp4-bee_id_4189-20340-1.png,0,0,False,False,True
test/videos/2017-10-17_1-39-36/2017-10-17_1-39-36.mp4-bee_id_4190-20400-1.png,0,0,False,False,True
test/videos/2017-10-17_1-39-36/2017-10-17_1-39-36.mp4-bee_id_4193-20505-1.png,0,1,False,False,True
test/videos/2017-10-17_1-39-36/2017-10-17_1-39-36.mp4-bee_id_4194-20520-1.png,0,0,False,False,True
test/videos/2017-10-17_1-39-36/2017-10-17_1-39-36.mp4-bee_id_4195-20535-1.png,0,0,False,False,True
test/videos/2017-10-17_1-39-36/2017-10-17_1-39-36.mp4-bee_id_4196-20565-1.png,0,0,False,False,True
test/videos/2017-10-17_1-39-36/2017-10-17_1-39-36.mp4-bee_id_4197-20595-1.png,0,0,False,False,True
test/videos/2017-10-17_1-39-36/2017-10-17_1-39-36.mp4-bee_id_4198-20640-1.png,0,1,False,False,True
test/videos/2017-10-17_1-39-36/2017-10-17_1-39-36.mp4-bee_id_4199-20655-1.png,0,2,False,False,True
test/videos/2017-10-17_1-39-36/2017-10-17_1-39-36.mp4-bee_id_4201-20685-1.png,1,2,True,True,True
test/videos/2017-10-17_1-39-36/2017-10-17_1-39-36.mp4-bee_id_4202-20760-1.png,1,0,True,False,True
test/videos/2017-10-17_1-39-36/2017-10-17_1-39-36.mp4-bee_id_4204-20775-1.png,0,2,False,False,True
test/videos/2017-10-17_1-39-36/2017-10-17_1-39-36.mp4-bee_id_4207-20880-1.png,0,2,False,False,True
test/videos/2017-10-17_1-39-36/2017-10-17_1-39-36.mp4-bee_id_4208-20895-1.png,0,0,False,False,True
test/videos/2017-10-17_1-39-36/2017-10-17_1-39-36.mp4-bee_id_4209-20985-1.png,0,0,False,False,True
test/videos/2017-10-17_1-39-36/2017-10-17_1-39-36.mp4-bee_id_4210-21000-1.png,0,0,False,False,True
test/videos/2017-10-17_1-39-36/2017-10-17_1-39-36.mp4-bee_id_4211-21015-1.png,0,0,False,False,True
test/videos/2017-10-17_1-39-36/2017-10-17_1-39-36.mp4-bee_id_4212-21015-1.png,0,1,False,False,True
test/videos/2017-10-17_1-39-36/2017-10-17_1-39-36.mp4-bee_id_4213-21015-1.png,0,0,False,False,True
test/videos/2017-10-17_1-39-36/2017-10-17_1-39-36.mp4-bee_id_4214-21090-1.png,0,0,False,False,True
test/videos/2017-10-17_1-39-36/2017-10-17_1-39-36.mp4-bee_id_4215-21090-1.png,0,0,False,False,True
test/videos/2017-10-17_1-39-36/2017-10-17_1-39-36.mp4-bee_id_4217-21165-1.png,0,3,False,False,True
test/videos/2017-10-17_1-39-36/2017-10-17_1-39-36.mp4-bee_id_4218-21165-1.png,0,0,False,False,True
test/videos/2017-10-17_1-39-36/2017-10-17_1-39-36.mp4-bee_id_4221-21195-1.png,0,0,False,False,True
test/videos/2017-10-17_1-39-36/2017-10-17_1-39-36.mp4-bee_id_4222-21210-1.png,0,2,False,False,True
test/videos/2017-10-17_1-39-36/2017-10-17_1-39-36.mp4-bee_id_4224-21225-1.png,0,0,False,False,True
test/videos/2017-10-17_1-39-36/2017-10-17_1-39-36.mp4-bee_id_4225-21240-1.png,0,0,False,False,True
test/videos/2017-10-17_1-39-36/2017-10-17_1-39-36.mp4-bee_id_4227-21330-1.png,0,0,False,False,True
test/videos/2017-10-17_1-39-36/2017-10-17_1-39-36.mp4-bee_id_4229-21435-1.png,0,1,False,False,True
test/videos/2017-10-17_1-39-36/2017-10-17_1-39-36.mp4-bee_id_4230-21450-1.png,0,1,False,False,True
test/videos/2017-10-17_1-39-36/2017-10-17_1-39-36.mp4-bee_id_4231-21480-1.png,0,1,False,False,True
test/videos/2017-10-17_1-39-36/2017-10-17_1-39-36.mp4-bee_id_4232-21510-1.png,0,1,False,False,True
test/videos/2017-10-17_1-39-36/2017-10-17_1-39-36.mp4-bee_id_4233-21525-1.png,0,2,False,False,True
test/videos/2017-10-17_1-39-36/2017-10-17_1-39-36.mp4-bee_id_4234-21570-1.png,0,1,False,False,True
test/videos/2017-10-17_1-39-36/2017-10-17_1-39-36.mp4-bee_id_4235-21585-1.png,0,2,False,False,True
test/videos/2017-10-17_1-39-36/2017-10-17_1-39-36.mp4-bee_id_4236-21585-1.png,0,1,False,False,True
test/videos/2017-10-17_1-39-36/2017-10-17_1-39-36.mp4-bee_id_4237-21615-1.png,0,2,False,False,True
test/videos/2017-10-17_1-39-36/2017-10-17_1-39-36.mp4-bee_id_4238-21615-1.png,1,1,True,True,True
test/videos/2017-10-17_1-39-36/2017-10-17_1-39-36.mp4-bee_id_4239-21615-1.png,0,0,False,False,True
test/videos/2017-10-17_1-39-36/2017-10-17_1-39-36.mp4-bee_id_4240-21615-1.png,0,0,False,False,True
test/videos/2017-10-17_1-39-36/2017-10-17_1-39-36.mp4-bee_id_4242-21765-1.png,0,0,False,False,True
test/videos/2017-10-17_1-39-36/2017-10-17_1-39-36.mp4-bee_id_4243-21780-1.png,1,0,True,False,True
test/videos/2017-10-17_1-39-36/2017-10-17_1-39-36.mp4-bee_id_4244-21840-1.png,0,0,False,False,True
test/videos/2017-10-17_1-39-36/2017-10-17_1-39-36.mp4-bee_id_4246-21915-1.png,0,0,False,False,True
test/videos/2017-10-17_1-39-36/2017-10-17_1-39-36.mp4-bee_id_4248-21960-1.png,0,0,False,False,True
test/videos/2017-10-17_1-39-36/2017-10-17_1-39-36.mp4-bee_id_4249-21975-1.png,0,2,False,False,True
test/videos/2017-10-17_1-39-36/2017-10-17_1-39-36.mp4-bee_id_4250-21990-1.png,0,2,False,False,True
test/videos/2017-10-17_1-39-36/2017-10-17_1-39-36.mp4-bee_id_4251-22050-1.png,0,0,False,False,True
test/videos/2017-10-17_1-39-36/2017-10-17_1-39-36.mp4-bee_id_4252-22065-1.png,0,0,False,False,True
test/videos/2017-10-17_1-39-36/2017-10-17_1-39-36.mp4-bee_id_4253-22065-1.png,0,0,False,False,True
test/videos/2017-10-17_1-39-36/2017-10-17_1-39-36.mp4-bee_id_4254-22095-1.png,0,3,False,False,True
test/videos/2017-10-17_1-39-36/2017-10-17_1-39-36.mp4-bee_id_4255-22095-1.png,0,0,False,False,True
test/videos/2017-10-17_1-39-36/2017-10-17_1-39-36.mp4-bee_id_4256-22155-1.png,0,2,False,False,True
test/videos/2017-10-17_1-39-36/2017-10-17_1-39-36.mp4-bee_id_4257-22185-1.png,1,1,True,True,True
test/videos/2017-10-17_1-39-36/2017-10-17_1-39-36.mp4-bee_id_4258-22200-1.png,0,1,False,False,True
test/videos/2017-10-17_1-39-36/2017-10-17_1-39-36.mp4-bee_id_4259-22200-1.png,0,2,False,False,True
test/videos/2017-10-17_1-39-36/2017-10-17_1-39-36.mp4-bee_id_4260-22230-1.png,0,0,False,False,True
test/videos/2017-10-17_1-39-36/2017-10-17_1-39-36.mp4-bee_id_4261-22260-1.png,0,0,False,False,True
test/videos/2017-10-17_1-39-36/2017-10-17_1-39-36.mp4-bee_id_4262-22290-1.png,0,1,False,False,True
test/videos/2017-10-17_1-39-36/2017-10-17_1-39-36.mp4-bee_id_4263-22290-1.png,0,0,False,False,True
test/videos/2017-10-17_1-39-36/2017-10-17_1-39-36.mp4-bee_id_4264-22335-1.png,0,3,False,False,True
test/videos/2017-10-17_1-39-36/2017-10-17_1-39-36.mp4-bee_id_4265-22380-1.png,0,2,False,False,True
test/videos/2017-10-17_1-39-36/2017-10-17_1-39-36.mp4-bee_id_4266-22410-1.png,0,1,False,False,True
test/videos/2017-10-17_1-39-36/2017-10-17_1-39-36.mp4-bee_id_4267-22470-1.png,1,2,True,False,True
test/videos/2017-10-17_1-39-36/2017-10-17_1-39-36.mp4-bee_id_4268-22470-1.png,0,0,False,False,True
test/videos/2017-10-17_1-39-36/2017-10-17_1-39-36.mp4-bee_id_4269-22470-1.png,0,0,False,False,True
test/videos/2017-10-17_1-39-36/2017-10-17_1-39-36.mp4-bee_id_4270-22470-1.png,0,0,False,False,True
test/videos/2017-10-17_1-39-36/2017-10-17_1-39-36.mp4-bee_id_4271-22470-1.png,0,2,False,False,True
test/videos/2017-10-17_1-39-36/2017-10-17_1-39-36.mp4-bee_id_4275-22560-1.png,0,0,False,False,True
test/videos/2017-10-17_1-39-36/2017-10-17_1-39-36.mp4-bee_id_4276-22590-1.png,1,0,True,False,True
test/videos/2017-10-17_1-39-36/2017-10-17_1-39-36.mp4-bee_id_4277-22635-1.png,0,0,False,False,True
test/videos/2017-10-17_1-39-36/2017-10-17_1-39-36.mp4-bee_id_4282-22695-1.png,0,3,False,False,True
test/videos/2017-10-17_1-39-36/2017-10-17_1-39-36.mp4-bee_id_4286-22800-1.png,0,1,False,False,True
test/videos/2017-10-17_1-39-36/2017-10-17_1-39-36.mp4-bee_id_4288-22875-1.png,0,0,False,False,True
test/videos/2017-10-17_1-39-36/2017-10-17_1-39-36.mp4-bee_id_4290-22905-1.png,0,2,False,False,True
test/videos/2017-10-17_1-39-36/2017-10-17_1-39-36.mp4-bee_id_4291-22920-1.png,1,1,True,False,True
test/videos/2017-10-17_1-39-36/2017-10-17_1-39-36.mp4-bee_id_4294-22995-1.png,0,0,False,False,True
test/videos/2017-10-17_1-39-36/2017-10-17_1-39-36.mp4-bee_id_4295-22995-1.png,1,0,True,False,True
test/videos/2017-10-17_1-39-36/2017-10-17_1-39-36.mp4-bee_id_4297-23160-1.png,0,0,False,False,True
test/videos/2017-10-17_1-39-36/2017-10-17_1-39-36.mp4-bee_id_4300-23205-1.png,0,0,False,False,True
test/videos/2017-10-17_1-39-36/2017-10-17_1-39-36.mp4-bee_id_4301-23250-1.png,1,1,True,True,True
test/videos/2017-10-17_1-39-36/2017-10-17_1-39-36.mp4-bee_id_4302-23265-1.png,0,1,False,False,True
test/videos/2017-10-17_1-39-36/2017-10-17_1-39-36.mp4-bee_id_4303-23280-1.png,0,0,False,False,True
test/videos/2017-10-17_1-39-36/2017-10-17_1-39-36.mp4-bee_id_4305-23295-1.png,0,1,False,False,True
test/videos/2017-10-17_1-39-36/2017-10-17_1-39-36.mp4-bee_id_4306-23295-1.png,0,0,False,False,True
test/videos/2017-10-17_1-39-36/2017-10-17_1-39-36.mp4-bee_id_4307-23385-1.png,0,1,False,False,True
test/videos/2017-10-17_1-39-36/2017-10-17_1-39-36.mp4-bee_id_4308-23385-1.png,0,2,False,False,True
test/videos/2017-10-17_1-39-36/2017-10-17_1-39-36.mp4-bee_id_4309-23460-1.png,0,2,False,False,True
test/videos/2017-10-17_1-39-36/2017-10-17_1-39-36.mp4-bee_id_4310-23475-1.png,0,0,False,False,True
test/videos/2017-10-17_1-39-36/2017-10-17_1-39-36.mp4-bee_id_4311-23490-1.png,0,1,False,False,True
test/videos/2017-10-17_1-39-36/2017-10-17_1-39-36.mp4-bee_id_4312-23565-1.png,1,1,True,False,True
test/videos/2017-10-17_1-39-36/2017-10-17_1-39-36.mp4-bee_id_4313-23610-1.png,0,0,False,False,True
test/videos/2017-10-17_1-39-36/2017-10-17_1-39-36.mp4-bee_id_4314-23625-1.png,1,2,True,False,True
test/videos/2017-10-17_1-39-36/2017-10-17_1-39-36.mp4-bee_id_4316-23715-1.png,1,2,True,False,True
test/videos/2017-10-17_1-39-36/2017-10-17_1-39-36.mp4-bee_id_4317-23730-1.png,0,0,False,False,True
test/videos/2017-10-17_1-39-36/2017-10-17_1-39-36.mp4-bee_id_4318-23745-1.png,1,1,True,True,True
test/videos/2017-10-17_1-39-36/2017-10-17_1-39-36.mp4-bee_id_4319-23775-1.png,0,2,False,False,True
test/videos/2017-10-17_1-39-36/2017-10-17_1-39-36.mp4-bee_id_4320-23790-1.png,0,0,False,False,True
test/videos/2017-10-17_1-39-36/2017-10-17_1-39-36.mp4-bee_id_4321-23835-1.png,0,1,False,False,True
test/videos/2017-10-17_1-39-36/2017-10-17_1-39-36.mp4-bee_id_4322-23850-1.png,0,0,False,False,True
test/videos/2017-10-17_1-39-36/2017-10-17_1-39-36.mp4-bee_id_4323-23895-1.png,0,1,False,False,True
test/videos/2017-10-17_1-39-36/2017-10-17_1-39-36.mp4-bee_id_4324-23925-1.png,0,0,False,False,True
test/videos/2017-10-17_1-39-36/2017-10-17_1-39-36.mp4-bee_id_4325-23970-1.png,0,0,False,False,True
test/videos/2017-10-17_1-39-36/2017-10-17_1-39-36.mp4-bee_id_4327-24000-1.png,1,2,True,True,True
test/videos/2017-10-17_1-39-36/2017-10-17_1-39-36.mp4-bee_id_4328-24030-1.png,1,0,True,False,True
test/videos/2017-10-17_1-39-36/2017-10-17_1-39-36.mp4-bee_id_4329-24060-1.png,0,0,False,False,True
test/videos/2017-10-17_1-39-36/2017-10-17_1-39-36.mp4-bee_id_4330-24060-1.png,0,1,False,False,True
test/videos/2017-10-17_1-39-36/2017-10-17_1-39-36.mp4-bee_id_4331-24060-1.png,1,1,True,False,True
test/videos/2017-10-17_1-39-36/2017-10-17_1-39-36.mp4-bee_id_4332-24060-1.png,0,1,False,False,True
test/videos/2017-10-17_1-39-36/2017-10-17_1-39-36.mp4-bee_id_4333-24090-1.png,0,1,False,False,True
test/videos/2017-10-17_1-39-36/2017-10-17_1-39-36.mp4-bee_id_4334-24135-1.png,0,1,False,False,True
test/videos/2017-10-17_1-39-36/2017-10-17_1-39-36.mp4-bee_id_4335-24150-1.png,1,0,True,False,True
test/videos/2017-10-17_1-39-36/2017-10-17_1-39-36.mp4-bee_id_4337-24225-1.png,0,1,False,False,True
test/videos/2017-10-17_1-39-36/2017-10-17_1-39-36.mp4-bee_id_4338-24285-1.png,0,2,False,False,True
test/videos/2017-10-17_1-39-36/2017-10-17_1-39-36.mp4-bee_id_4339-24345-1.png,0,0,False,False,True
test/videos/2017-10-17_1-39-36/2017-10-17_1-39-36.mp4-bee_id_4340-24405-1.png,0,0,False,False,True
test/videos/2017-10-17_1-39-36/2017-10-17_1-39-36.mp4-bee_id_4341-24420-1.png,1,1,True,True,True
test/videos/2017-10-17_1-39-36/2017-10-17_1-39-36.mp4-bee_id_4342-24465-1.png,0,0,False,False,True
test/videos/2017-10-17_1-39-36/2017-10-17_1-39-36.mp4-bee_id_4343-24465-1.png,0,2,False,False,True
test/videos/2017-10-17_1-39-36/2017-10-17_1-39-36.mp4-bee_id_4344-24525-1.png,0,2,False,False,True
test/videos/2017-10-17_1-39-36/2017-10-17_1-39-36.mp4-bee_id_4345-24525-1.png,1,0,True,False,True
test/videos/2017-10-17_1-39-36/2017-10-17_1-39-36.mp4-bee_id_4346-24555-1.png,0,0,False,False,True
test/videos/2017-10-17_1-39-36/2017-10-17_1-39-36.mp4-bee_id_4347-24585-1.png,0,1,False,False,True
test/videos/2017-10-17_1-39-36/2017-10-17_1-39-36.mp4-bee_id_4349-24735-1.png,0,1,False,False,True
test/videos/2017-10-17_1-39-36/2017-10-17_1-39-36.mp4-bee_id_4350-24750-1.png,0,0,False,False,True
test/videos/2017-10-17_1-39-36/2017-10-17_1-39-36.mp4-bee_id_4351-24870-1.png,0,0,False,False,True
test/videos/2017-10-17_1-39-36/2017-10-17_1-39-36.mp4-bee_id_4352-24870-1.png,0,2,False,False,True
test/videos/2017-10-17_1-39-36/2017-10-17_1-39-36.mp4-bee_id_4353-24885-1.png,0,0,False,False,True
test/videos/2017-10-17_1-39-36/2017-10-17_1-39-36.mp4-bee_id_4354-24885-1.png,1,1,True,False,True
test/videos/2017-10-17_1-39-36/2017-10-17_1-39-36.mp4-bee_id_4355-24990-1.png,0,0,False,False,True
test/videos/2017-10-17_1-39-36/2017-10-17_1-39-36.mp4-bee_id_4356-25005-1.png,0,0,False,False,True
test/videos/2017-10-17_1-39-36/2017-10-17_1-39-36.mp4-bee_id_4357-25005-1.png,1,0,True,False,True
test/videos/2017-10-17_1-39-36/2017-10-17_1-39-36.mp4-bee_id_4358-25035-1.png,0,0,False,False,True
test/videos/2017-10-17_1-39-36/2017-10-17_1-39-36.mp4-bee_id_4359-25035-1.png,0,1,False,False,True
test/videos/2017-10-17_1-39-36/2017-10-17_1-39-36.mp4-bee_id_4362-25185-1.png,0,0,False,False,True
test/videos/2017-10-17_1-39-36/2017-10-17_1-39-36.mp4-bee_id_4364-25230-1.png,1,0,True,False,True
test/videos/2017-10-17_1-39-36/2017-10-17_1-39-36.mp4-bee_id_4366-25305-1.png,0,1,False,False,True
test/videos/2017-10-17_1-39-36/2017-10-17_1-39-36.mp4-bee_id_4367-25305-1.png,0,0,False,False,True
test/videos/2017-10-17_1-39-36/2017-10-17_1-39-36.mp4-bee_id_4368-25320-1.png,0,2,False,False,True
test/videos/2017-10-17_1-39-36/2017-10-17_1-39-36.mp4-bee_id_4369-25350-1.png,0,2,False,False,True
test/videos/2017-10-17_1-39-36/2017-10-17_1-39-36.mp4-bee_id_4370-25350-1.png,0,2,False,False,True
test/videos/2017-10-17_1-39-36/2017-10-17_1-39-36.mp4-bee_id_4371-25395-1.png,0,1,False,False,True
test/videos/2017-10-17_1-39-36/2017-10-17_1-39-36.mp4-bee_id_4372-25410-1.png,0,0,False,False,True
test/videos/2017-10-17_1-39-36/2017-10-17_1-39-36.mp4-bee_id_4374-25440-1.png,0,0,False,False,True
test/videos/2017-10-17_1-39-36/2017-10-17_1-39-36.mp4-bee_id_4375-25530-1.png,0,0,False,False,True
test/videos/2017-10-17_1-39-36/2017-10-17_1-39-36.mp4-bee_id_4376-25545-1.png,0,1,False,False,True
test/videos/2017-10-17_1-39-36/2017-10-17_1-39-36.mp4-bee_id_4377-25605-1.png,0,2,False,False,True
test/videos/2017-10-17_1-39-36/2017-10-17_1-39-36.mp4-bee_id_4378-25605-1.png,1,2,True,False,True
test/videos/2017-10-17_1-39-36/2017-10-17_1-39-36.mp4-bee_id_4379-25620-1.png,0,3,False,False,True
test/videos/2017-10-17_1-39-36/2017-10-17_1-39-36.mp4-bee_id_4381-25650-1.png,0,0,False,False,True
test/videos/2017-10-17_1-39-36/2017-10-17_1-39-36.mp4-bee_id_4382-25695-1.png,0,0,False,False,True
test/videos/2017-10-17_1-39-36/2017-10-17_1-39-36.mp4-bee_id_4383-25725-1.png,0,3,False,False,True
test/videos/2017-10-17_1-39-36/2017-10-17_1-39-36.mp4-bee_id_4384-25785-1.png,0,2,False,False,True
test/videos/2017-10-17_1-39-36/2017-10-17_1-39-36.mp4-bee_id_4385-25815-1.png,0,1,False,False,True
test/videos/2017-10-17_1-39-36/2017-10-17_1-39-36.mp4-bee_id_4387-25875-1.png,0,0,False,False,True
test/videos/2017-10-17_1-39-36/2017-10-17_1-39-36.mp4-bee_id_4388-25905-1.png,0,2,False,False,True
test/videos/2017-10-17_1-39-36/2017-10-17_1-39-36.mp4-bee_id_4389-25965-1.png,0,2,False,False,True
test/videos/2017-10-17_1-39-36/2017-10-17_1-39-36.mp4-bee_id_4390-25965-1.png,0,0,False,False,True
test/videos/2017-10-17_1-39-36/2017-10-17_1-39-36.mp4-bee_id_4391-26010-1.png,1,0,True,False,True
test/videos/2017-10-17_1-39-36/2017-10-17_1-39-36.mp4-bee_id_4392-26010-1.png,0,2,False,False,True
test/videos/2017-10-17_1-39-36/2017-10-17_1-39-36.mp4-bee_id_4393-26025-1.png,1,0,True,False,True
test/videos/2017-10-17_1-39-36/2017-10-17_1-39-36.mp4-bee_id_4394-26040-1.png,0,2,False,False,True
test/videos/2017-10-17_1-39-36/2017-10-17_1-39-36.mp4-bee_id_4395-26040-1.png,0,0,False,False,True
test/videos/2017-10-17_1-39-36/2017-10-17_1-39-36.mp4-bee_id_4398-26130-1.png,0,0,False,False,True
test/videos/2017-10-17_1-39-36/2017-10-17_1-39-36.mp4-bee_id_4399-26160-1.png,0,0,False,False,True
test/videos/2017-10-17_1-39-36/2017-10-17_1-39-36.mp4-bee_id_4400-26190-1.png,0,2,False,False,True
test/videos/2017-10-17_1-39-36/2017-10-17_1-39-36.mp4-bee_id_4401-26205-1.png,0,2,False,False,True
test/videos/2017-10-17_1-39-36/2017-10-17_1-39-36.mp4-bee_id_4402-26235-1.png,1,0,True,False,True
test/videos/2017-10-17_1-39-36/2017-10-17_1-39-36.mp4-bee_id_4403-26250-1.png,0,0,False,False,True
test/videos/2017-10-17_1-39-36/2017-10-17_1-39-36.mp4-bee_id_4404-26265-1.png,0,0,False,False,True
test/videos/2017-10-17_1-39-36/2017-10-17_1-39-36.mp4-bee_id_4405-26280-1.png,0,0,False,False,True
test/videos/2017-10-17_1-39-36/2017-10-17_1-39-36.mp4-bee_id_4406-26325-1.png,0,1,False,False,True
test/videos/2017-10-17_1-39-36/2017-10-17_1-39-36.mp4-bee_id_4407-26355-1.png,1,1,True,False,True
test/videos/2017-10-17_1-39-36/2017-10-17_1-39-36.mp4-bee_id_4408-26400-1.png,0,0,False,False,True
test/videos/2017-10-17_1-39-36/2017-10-17_1-39-36.mp4-bee_id_4409-26430-1.png,0,2,False,False,True
test/videos/2017-10-17_1-39-36/2017-10-17_1-39-36.mp4-bee_id_4410-26430-1.png,0,0,False,False,True
test/videos/2017-10-17_1-39-36/2017-10-17_1-39-36.mp4-bee_id_4413-26490-1.png,0,0,False,False,True
test/videos/2017-10-17_1-39-36/2017-10-17_1-39-36.mp4-bee_id_4414-26505-1.png,0,2,False,False,True
test/videos/2017-10-17_1-39-36/2017-10-17_1-39-36.mp4-bee_id_4419-26625-1.png,0,0,False,False,True
test/videos/2017-10-17_1-39-36/2017-10-17_1-39-36.mp4-bee_id_4420-26640-1.png,1,0,True,False,True
test/videos/2017-10-17_1-39-36/2017-10-17_1-39-36.mp4-bee_id_4421-26685-1.png,0,0,False,False,True
test/videos/2017-10-17_1-39-36/2017-10-17_1-39-36.mp4-bee_id_4422-26760-1.png,1,1,True,False,True
test/videos/2017-10-17_1-39-36/2017-10-17_1-39-36.mp4-bee_id_4423-26775-1.png,0,0,False,False,True
test/videos/2017-10-17_1-39-36/2017-10-17_1-39-36.mp4-bee_id_4424-26790-1.png,1,1,True,False,True
test/videos/2017-10-17_1-39-36/2017-10-17_1-39-36.mp4-bee_id_4425-26820-1.png,0,2,False,False,True
test/videos/2017-10-17_1-39-36/2017-10-17_1-39-36.mp4-bee_id_4426-26820-1.png,0,0,False,False,True
test/videos/2017-10-17_1-39-36/2017-10-17_1-39-36.mp4-bee_id_4427-26850-1.png,0,0,False,False,True
test/videos/2017-10-17_1-39-36/2017-10-17_1-39-36.mp4-bee_id_4428-26850-1.png,0,1,False,False,True
test/videos/2017-10-17_1-39-36/2017-10-17_1-39-36.mp4-bee_id_4429-26850-1.png,1,0,True,False,True
test/videos/2017-10-17_1-39-36/2017-10-17_1-39-36.mp4-bee_id_4431-26910-1.png,0,1,False,False,True
test/videos/2017-10-17_1-39-36/2017-10-17_1-39-36.mp4-bee_id_4432-26970-1.png,0,0,False,False,True
test/videos/2017-10-17_1-39-36/2017-10-17_1-39-36.mp4-bee_id_4435-27075-1.png,0,3,False,False,True
test/videos/2017-10-17_1-39-36/2017-10-17_1-39-36.mp4-bee_id_4436-27090-1.png,0,0,False,False,True
test/videos/2017-10-17_1-39-36/2017-10-17_1-39-36.mp4-bee_id_4437-27105-1.png,0,1,False,False,True
test/videos/2017-10-17_1-39-36/2017-10-17_1-39-36.mp4-bee_id_4439-27210-1.png,0,0,False,False,True
test/videos/2017-10-17_1-39-36/2017-10-17_1-39-36.mp4-bee_id_4440-27225-1.png,1,0,True,False,True
test/videos/2017-10-17_1-39-36/2017-10-17_1-39-36.mp4-bee_id_4442-27300-1.png,0,1,False,False,True
test/videos/2017-10-17_1-39-36/2017-10-17_1-39-36.mp4-bee_id_4443-27330-1.png,0,1,False,False,True
test/videos/2017-10-17_1-39-36/2017-10-17_1-39-36.mp4-bee_id_4444-27345-1.png,1,0,True,False,True
test/videos/2017-10-17_1-39-36/2017-10-17_1-39-36.mp4-bee_id_4445-27360-1.png,0,0,False,False,True
test/videos/2017-10-17_1-39-36/2017-10-17_1-39-36.mp4-bee_id_4446-27555-1.png,0,1,False,False,True
test/videos/2017-10-17_1-39-36/2017-10-17_1-39-36.mp4-bee_id_4448-27600-1.png,0,0,False,False,True
test/videos/2017-10-17_1-39-36/2017-10-17_1-39-36.mp4-bee_id_4449-27600-1.png,0,2,False,False,True
test/videos/2017-10-17_1-39-36/2017-10-17_1-39-36.mp4-bee_id_4450-27630-1.png,0,0,False,False,True
test/videos/2017-10-17_1-39-36/2017-10-17_1-39-36.mp4-bee_id_4452-27660-1.png,0,0,False,False,True
test/videos/2017-10-17_1-39-36/2017-10-17_1-39-36.mp4-bee_id_4453-27660-1.png,1,1,True,False,True
test/videos/2017-10-17_1-39-36/2017-10-17_1-39-36.mp4-bee_id_4454-27675-1.png,0,0,False,False,True
test/videos/2017-10-17_1-39-36/2017-10-17_1-39-36.mp4-bee_id_4455-27705-1.png,0,1,False,False,True
test/videos/2017-10-17_1-39-36/2017-10-17_1-39-36.mp4-bee_id_4456-27750-1.png,1,2,True,False,True
test/videos/2017-10-17_1-39-36/2017-10-17_1-39-36.mp4-bee_id_4457-27780-1.png,0,1,False,False,True
test/videos/2017-10-17_1-39-36/2017-10-17_1-39-36.mp4-bee_id_4458-27795-1.png,0,3,False,False,True
test/videos/2017-10-17_1-39-36/2017-10-17_1-39-36.mp4-bee_id_4459-27795-1.png,0,1,False,False,True
test/videos/2017-10-17_1-39-36/2017-10-17_1-39-36.mp4-bee_id_4461-27840-1.png,1,0,True,False,True
test/videos/2017-10-17_1-39-36/2017-10-17_1-39-36.mp4-bee_id_4462-27840-1.png,0,0,False,False,True
test/videos/2017-10-17_1-39-36/2017-10-17_1-39-36.mp4-bee_id_4463-27885-1.png,1,0,True,False,True
test/videos/2017-10-17_1-39-36/2017-10-17_1-39-36.mp4-bee_id_4464-27900-1.png,0,2,False,False,True
test/videos/2017-10-17_1-39-36/2017-10-17_1-39-36.mp4-bee_id_4465-27915-1.png,1,1,True,False,True
test/videos/2017-10-17_1-39-36/2017-10-17_1-39-36.mp4-bee_id_4466-27975-1.png,1,1,True,True,True
test/videos/2017-10-17_1-39-36/2017-10-17_1-39-36.mp4-bee_id_4467-27975-1.png,0,1,False,False,True
test/videos/2017-10-17_1-39-36/2017-10-17_1-39-36.mp4-bee_id_4468-28005-1.png,1,0,True,False,True
test/videos/2017-10-17_1-39-36/2017-10-17_1-39-36.mp4-bee_id_4469-28005-1.png,0,1,False,False,True
test/videos/2017-10-17_1-39-36/2017-10-17_1-39-36.mp4-bee_id_4470-28005-1.png,0,0,False,False,True
test/videos/2017-10-17_1-39-36/2017-10-17_1-39-36.mp4-bee_id_4471-28020-1.png,0,1,False,False,True
test/videos/2017-10-17_1-39-36/2017-10-17_1-39-36.mp4-bee_id_4472-28065-1.png,0,0,False,False,True
test/videos/2017-10-17_1-39-36/2017-10-17_1-39-36.mp4-bee_id_4473-28095-1.png,1,0,True,False,True
test/videos/2017-10-17_1-39-36/2017-10-17_1-39-36.mp4-bee_id_4475-28140-1.png,0,2,False,False,True
test/videos/2017-10-17_1-39-36/2017-10-17_1-39-36.mp4-bee_id_4478-28230-1.png,0,0,False,False,True
test/videos/2017-10-17_1-39-36/2017-10-17_1-39-36.mp4-bee_id_4479-28260-1.png,0,0,False,False,True
test/videos/2017-10-17_1-39-36/2017-10-17_1-39-36.mp4-bee_id_4483-28350-1.png,0,1,False,False,True
test/videos/2017-10-17_1-39-36/2017-10-17_1-39-36.mp4-bee_id_4484-28380-1.png,0,1,False,False,True
test/videos/2017-10-17_1-39-36/2017-10-17_1-39-36.mp4-bee_id_4485-28455-1.png,0,1,False,False,True
test/videos/2017-10-17_1-39-36/2017-10-17_1-39-36.mp4-bee_id_4487-28500-1.png,0,2,False,False,True
test/videos/2017-10-17_1-39-36/2017-10-17_1-39-36.mp4-bee_id_4488-28515-1.png,1,0,True,False,True
test/videos/2017-10-17_1-39-36/2017-10-17_1-39-36.mp4-bee_id_4489-28545-1.png,0,1,False,False,True
test/videos/2017-10-17_1-39-36/2017-10-17_1-39-36.mp4-bee_id_4491-28635-1.png,0,0,False,False,True
test/videos/2017-10-17_1-39-36/2017-10-17_1-39-36.mp4-bee_id_4493-28695-1.png,0,0,False,False,True
test/videos/2017-10-17_1-39-36/2017-10-17_1-39-36.mp4-bee_id_4494-28725-1.png,0,1,False,False,True
test/videos/2017-10-17_1-39-36/2017-10-17_1-39-36.mp4-bee_id_4495-28755-1.png,0,1,False,False,True
test/videos/2017-10-17_1-39-36/2017-10-17_1-39-36.mp4-bee_id_4496-28815-1.png,0,0,False,False,True
test/videos/2017-10-17_1-39-36/2017-10-17_1-39-36.mp4-bee_id_4497-28830-1.png,0,1,False,False,True
test/videos/2017-10-17_1-39-36/2017-10-17_1-39-36.mp4-bee_id_4498-28845-1.png,0,2,False,False,True
test/videos/2017-10-17_1-39-36/2017-10-17_1-39-36.mp4-bee_id_4499-28860-1.png,0,0,False,False,True
test/videos/2017-10-17_1-39-36/2017-10-17_1-39-36.mp4-bee_id_4500-28875-1.png,1,0,True,False,True
test/videos/2017-10-17_1-39-36/2017-10-17_1-39-36.mp4-bee_id_4505-28980-1.png,1,1,True,False,True
test/videos/2017-10-17_1-39-36/2017-10-17_1-39-36.mp4-bee_id_4506-28995-1.png,0,1,False,False,True
test/videos/2017-10-17_1-39-36/2017-10-17_1-39-36.mp4-bee_id_4508-29070-1.png,0,0,False,False,True
test/videos/2017-10-17_1-39-36/2017-10-17_1-39-36.mp4-bee_id_4509-29085-1.png,0,2,False,False,True
test/videos/2017-10-17_1-39-36/2017-10-17_1-39-36.mp4-bee_id_4510-29100-1.png,0,0,False,False,True
test/videos/2017-10-17_1-39-36/2017-10-17_1-39-36.mp4-bee_id_4511-29100-1.png,1,0,True,False,True
test/videos/2017-10-17_1-39-36/2017-10-17_1-39-36.mp4-bee_id_4512-29130-1.png,1,2,True,True,True
test/videos/2017-10-17_1-39-36/2017-10-17_1-39-36.mp4-bee_id_4515-29190-1.png,0,0,False,False,True
test/videos/2017-10-17_1-39-36/2017-10-17_1-39-36.mp4-bee_id_4516-29220-1.png,1,0,True,False,True
test/videos/2017-10-17_1-39-36/2017-10-17_1-39-36.mp4-bee_id_4517-29235-1.png,0,2,False,False,True
test/videos/2017-10-17_1-39-36/2017-10-17_1-39-36.mp4-bee_id_4518-29235-1.png,0,2,False,False,True
test/videos/2017-10-17_1-39-36/2017-10-17_1-39-36.mp4-bee_id_4520-29340-1.png,0,0,False,False,True
test/videos/2017-10-17_1-39-36/2017-10-17_1-39-36.mp4-bee_id_4522-29505-1.png,0,0,False,False,True
test/videos/2017-10-17_1-39-36/2017-10-17_1-39-36.mp4-bee_id_4524-29535-1.png,0,2,False,False,True
test/videos/2017-10-17_1-39-36/2017-10-17_1-39-36.mp4-bee_id_4525-29550-1.png,1,2,True,True,True
test/videos/2017-10-17_1-39-36/2017-10-17_1-39-36.mp4-bee_id_4526-29580-1.png,1,0,True,False,True
test/videos/2017-10-17_1-39-36/2017-10-17_1-39-36.mp4-bee_id_4528-29595-1.png,0,0,False,False,True
test/videos/2017-10-17_1-39-36/2017-10-17_1-39-36.mp4-bee_id_4529-29610-1.png,0,0,False,False,True
test/videos/2017-10-17_1-39-36/2017-10-17_1-39-36.mp4-bee_id_4530-29715-1.png,0,0,False,False,True
test/videos/2017-10-17_1-39-36/2017-10-17_1-39-36.mp4-bee_id_4531-29730-1.png,0,0,False,False,True
test/videos/2017-10-17_1-39-36/2017-10-17_1-39-36.mp4-bee_id_4536-29865-1.png,0,2,False,False,True
test/videos/2017-10-17_1-39-36/2017-10-17_1-39-36.mp4-bee_id_4537-29880-1.png,0,0,False,False,True
test/videos/2017-10-17_1-39-36/2017-10-17_1-39-36.mp4-bee_id_4541-30000-1.png,0,1,False,False,True
test/videos/2017-10-17_1-39-36/2017-10-17_1-39-36.mp4-bee_id_4542-30015-1.png,0,1,False,False,True
test/videos/2017-10-17_1-39-36/2017-10-17_1-39-36.mp4-bee_id_4543-30030-1.png,0,1,False,False,True
test/videos/2017-10-17_1-39-36/2017-10-17_1-39-36.mp4-bee_id_4544-30030-1.png,0,0,False,False,True
test/videos/2017-10-17_1-39-36/2017-10-17_1-39-36.mp4-bee_id_4545-30045-1.png,0,2,False,False,True
test/videos/2017-10-17_1-39-36/2017-10-17_1-39-36.mp4-bee_id_4546-30045-1.png,0,0,False,False,True
test/videos/2017-10-17_1-39-36/2017-10-17_1-39-36.mp4-bee_id_4547-30060-1.png,0,2,False,False,True
test/videos/2017-10-17_1-39-36/2017-10-17_1-39-36.mp4-bee_id_4548-30075-1.png,0,0,False,False,True
test/videos/2017-10-17_1-39-36/2017-10-17_1-39-36.mp4-bee_id_4549-30120-1.png,0,0,False,False,True
test/videos/2017-10-17_1-39-36/2017-10-17_1-39-36.mp4-bee_id_4550-30150-1.png,1,2,True,False,True
test/videos/2017-10-17_1-39-36/2017-10-17_1-39-36.mp4-bee_id_4551-30150-1.png,0,0,False,False,True
test/videos/2017-10-17_1-39-36/2017-10-17_1-39-36.mp4-bee_id_4553-30225-1.png,0,0,False,False,True
test/videos/2017-10-17_1-39-36/2017-10-17_1-39-36.mp4-bee_id_4554-30285-1.png,0,2,False,False,True
test/videos/2017-10-17_1-39-36/2017-10-17_1-39-36.mp4-bee_id_4555-30300-1.png,0,2,False,False,True
test/videos/2017-10-17_1-39-36/2017-10-17_1-39-36.mp4-bee_id_4556-30300-1.png,0,0,False,False,True
test/videos/2017-10-17_1-39-36/2017-10-17_1-39-36.mp4-bee_id_4559-30390-1.png,0,0,False,False,True
test/videos/2017-10-17_1-39-36/2017-10-17_1-39-36.mp4-bee_id_4560-30390-1.png,0,0,False,False,True
test/videos/2017-10-17_1-39-36/2017-10-17_1-39-36.mp4-bee_id_4561-30435-1.png,0,1,False,False,True
test/videos/2017-10-17_1-39-36/2017-10-17_1-39-36.mp4-bee_id_4563-30510-1.png,0,1,False,False,True
test/videos/2017-10-17_1-39-36/2017-10-17_1-39-36.mp4-bee_id_4564-30510-1.png,0,0,False,False,True
test/videos/2017-10-17_1-39-36/2017-10-17_1-39-36.mp4-bee_id_4565-30585-1.png,0,0,False,False,True
test/videos/2017-10-17_1-39-36/2017-10-17_1-39-36.mp4-bee_id_4567-30615-1.png,0,1,False,False,True
test/videos/2017-10-17_1-39-36/2017-10-17_1-39-36.mp4-bee_id_4568-30645-1.png,0,0,False,False,True
test/videos/2017-10-17_1-39-36/2017-10-17_1-39-36.mp4-bee_id_4569-30660-1.png,0,0,False,False,True
test/videos/2017-10-17_1-39-36/2017-10-17_1-39-36.mp4-bee_id_4570-30675-1.png,0,1,False,False,True
test/videos/2017-10-17_1-39-36/2017-10-17_1-39-36.mp4-bee_id_4571-30705-1.png,0,0,False,False,True
test/videos/2017-10-17_1-39-36/2017-10-17_1-39-36.mp4-bee_id_4572-30720-1.png,0,2,False,False,True
test/videos/2017-10-17_1-39-36/2017-10-17_1-39-36.mp4-bee_id_4573-30735-1.png,0,0,False,False,True
test/videos/2017-10-17_1-39-36/2017-10-17_1-39-36.mp4-bee_id_4574-30750-1.png,0,1,False,False,True
test/videos/2017-10-17_1-39-36/2017-10-17_1-39-36.mp4-bee_id_4575-30780-1.png,0,1,False,False,True
test/videos/2017-10-17_1-39-36/2017-10-17_1-39-36.mp4-bee_id_4576-30780-1.png,0,2,False,False,True
test/videos/2017-10-17_1-39-36/2017-10-17_1-39-36.mp4-bee_id_4577-30795-1.png,0,2,False,False,True
test/videos/2017-10-17_1-39-36/2017-10-17_1-39-36.mp4-bee_id_4578-30795-1.png,0,0,False,False,True
test/videos/2017-10-17_1-39-36/2017-10-17_1-39-36.mp4-bee_id_4579-30900-1.png,0,0,False,False,True
test/videos/2017-10-17_1-39-36/2017-10-17_1-39-36.mp4-bee_id_4581-30960-1.png,0,0,False,False,True
test/videos/2017-10-17_1-39-36/2017-10-17_1-39-36.mp4-bee_id_4582-30990-1.png,1,1,True,True,True
test/videos/2017-10-17_1-39-36/2017-10-17_1-39-36.mp4-bee_id_4584-31065-1.png,0,1,False,False,True
test/videos/2017-10-17_1-39-36/2017-10-17_1-39-36.mp4-bee_id_4585-31095-1.png,0,1,False,False,True
test/videos/2017-10-17_1-39-36/2017-10-17_1-39-36.mp4-bee_id_4586-31125-1.png,0,0,False,False,True
test/videos/2017-10-17_1-39-36/2017-10-17_1-39-36.mp4-bee_id_4587-31140-1.png,0,2,False,False,True
test/videos/2017-10-17_1-39-36/2017-10-17_1-39-36.mp4-bee_id_4589-31170-1.png,1,0,True,False,True
test/videos/2017-10-17_1-39-36/2017-10-17_1-39-36.mp4-bee_id_4591-31215-1.png,0,2,False,False,True
test/videos/2017-10-17_1-39-36/2017-10-17_1-39-36.mp4-bee_id_4593-31245-1.png,0,0,False,False,True
test/videos/2017-10-17_1-39-36/2017-10-17_1-39-36.mp4-bee_id_4594-31260-1.png,0,0,False,False,True
test/videos/2017-10-17_1-39-36/2017-10-17_1-39-36.mp4-bee_id_4595-31260-1.png,1,0,True,False,True
test/videos/2017-10-17_1-39-36/2017-10-17_1-39-36.mp4-bee_id_4596-31260-1.png,0,0,False,False,True
test/videos/2017-10-17_1-39-36/2017-10-17_1-39-36.mp4-bee_id_4598-31305-1.png,0,0,False,False,True
test/videos/2017-10-17_1-39-36/2017-10-17_1-39-36.mp4-bee_id_4603-31485-1.png,0,1,False,False,True
test/videos/2017-10-17_1-39-36/2017-10-17_1-39-36.mp4-bee_id_4604-31485-1.png,0,0,False,False,True
test/videos/2017-10-17_1-39-36/2017-10-17_1-39-36.mp4-bee_id_4605-31605-1.png,0,2,False,False,True
test/videos/2017-10-17_1-39-36/2017-10-17_1-39-36.mp4-bee_id_4606-31620-1.png,0,0,False,False,True
test/videos/2017-10-17_1-39-36/2017-10-17_1-39-36.mp4-bee_id_4610-31725-1.png,0,2,False,False,True
test/videos/2017-10-17_1-39-36/2017-10-17_1-39-36.mp4-bee_id_4611-31755-1.png,0,1,False,False,True
test/videos/2017-10-17_1-39-36/2017-10-17_1-39-36.mp4-bee_id_4612-31770-1.png,0,2,False,False,True
test/videos/2017-10-17_1-39-36/2017-10-17_1-39-36.mp4-bee_id_4615-31800-1.png,0,0,False,False,True
test/videos/2017-10-17_1-39-36/2017-10-17_1-39-36.mp4-bee_id_4619-31950-1.png,0,0,False,False,True
test/videos/2017-10-17_1-39-36/2017-10-17_1-39-36.mp4-bee_id_4620-32025-1.png,0,0,False,False,True
test/videos/2017-10-17_1-39-36/2017-10-17_1-39-36.mp4-bee_id_4621-32100-1.png,0,1,False,False,True
test/videos/2017-10-17_1-39-36/2017-10-17_1-39-36.mp4-bee_id_4622-32100-1.png,1,0,True,False,True
test/videos/2017-10-17_1-39-36/2017-10-17_1-39-36.mp4-bee_id_4624-32130-1.png,0,0,False,False,True
test/videos/2017-10-17_1-39-36/2017-10-17_1-39-36.mp4-bee_id_4625-32145-1.png,1,0,True,False,True
test/videos/2017-10-17_1-39-36/2017-10-17_1-39-36.mp4-bee_id_4626-32175-1.png,0,0,False,False,True
test/videos/2017-10-17_1-39-36/2017-10-17_1-39-36.mp4-bee_id_4628-32220-1.png,0,2,False,False,True
test/videos/2017-10-17_1-39-36/2017-10-17_1-39-36.mp4-bee_id_4630-32235-1.png,1,2,True,False,True
test/videos/2017-10-17_1-39-36/2017-10-17_1-39-36.mp4-bee_id_4631-32235-1.png,0,2,False,False,True
test/videos/2017-10-17_1-39-36/2017-10-17_1-39-36.mp4-bee_id_4632-32235-1.png,0,2,False,False,True
test/videos/2017-10-17_1-39-36/2017-10-17_1-39-36.mp4-bee_id_4633-32250-1.png,0,0,False,False,True
test/videos/2017-10-17_1-39-36/2017-10-17_1-39-36.mp4-bee_id_4636-32280-1.png,0,1,False,False,True
test/videos/2017-10-17_1-39-36/2017-10-17_1-39-36.mp4-bee_id_4637-32295-1.png,0,0,False,False,True
test/videos/2017-10-17_1-39-36/2017-10-17_1-39-36.mp4-bee_id_4638-32370-1.png,0,0,False,False,True
test/videos/2017-10-17_1-39-36/2017-10-17_1-39-36.mp4-bee_id_4641-32400-1.png,0,0,False,False,True
test/videos/2017-10-17_1-39-36/2017-10-17_1-39-36.mp4-bee_id_4643-32565-1.png,1,2,True,False,True
test/videos/2017-10-17_1-39-36/2017-10-17_1-39-36.mp4-bee_id_4645-32610-1.png,0,0,False,False,True
test/videos/2017-10-17_1-39-36/2017-10-17_1-39-36.mp4-bee_id_4646-32625-1.png,0,0,False,False,True
test/videos/2017-10-17_1-39-36/2017-10-17_1-39-36.mp4-bee_id_4647-32625-1.png,0,0,False,False,True
test/videos/2017-10-17_1-39-36/2017-10-17_1-39-36.mp4-bee_id_4648-32625-1.png,0,0,False,False,True
test/videos/2017-10-17_1-39-36/2017-10-17_1-39-36.mp4-bee_id_4649-32640-1.png,0,1,False,False,True
test/videos/2017-10-17_1-39-36/2017-10-17_1-39-36.mp4-bee_id_4650-32655-1.png,0,0,False,False,True
test/videos/2017-10-17_1-39-36/2017-10-17_1-39-36.mp4-bee_id_4651-32670-1.png,0,0,False,False,True
test/videos/2017-10-17_1-39-36/2017-10-17_1-39-36.mp4-bee_id_4653-32715-1.png,0,0,False,False,True
test/videos/2017-10-17_1-39-36/2017-10-17_1-39-36.mp4-bee_id_4654-32715-1.png,0,2,False,False,True
test/videos/2017-10-17_1-39-36/2017-10-17_1-39-36.mp4-bee_id_4656-32745-1.png,0,1,False,False,True
test/videos/2017-10-17_1-39-36/2017-10-17_1-39-36.mp4-bee_id_4658-32820-1.png,0,1,False,False,True
test/videos/2017-10-17_1-39-36/2017-10-17_1-39-36.mp4-bee_id_4659-32850-1.png,0,0,False,False,True
test/videos/2017-10-17_1-39-36/2017-10-17_1-39-36.mp4-bee_id_4660-32850-1.png,1,1,True,False,True
test/videos/2017-10-17_1-39-36/2017-10-17_1-39-36.mp4-bee_id_4661-32880-1.png,0,2,False,False,True
test/videos/2017-10-17_1-39-36/2017-10-17_1-39-36.mp4-bee_id_4662-32910-1.png,0,1,False,False,True
test/videos/2017-10-17_1-39-36/2017-10-17_1-39-36.mp4-bee_id_4663-32910-1.png,0,1,False,False,True
test/videos/2017-10-17_1-39-36/2017-10-17_1-39-36.mp4-bee_id_4664-32925-1.png,0,2,False,False,True
test/videos/2017-10-17_1-39-36/2017-10-17_1-39-36.mp4-bee_id_4665-32970-1.png,1,2,True,False,True
test/videos/2017-10-17_1-39-36/2017-10-17_1-39-36.mp4-bee_id_4667-33015-1.png,0,0,False,False,True
test/videos/2017-10-17_1-39-36/2017-10-17_1-39-36.mp4-bee_id_4668-33030-1.png,0,1,False,False,True
test/videos/2017-10-17_1-39-36/2017-10-17_1-39-36.mp4-bee_id_4669-33045-1.png,0,0,False,False,True
test/videos/2017-10-17_1-39-36/2017-10-17_1-39-36.mp4-bee_id_4670-33150-1.png,0,0,False,False,False
test/videos/2017-10-17_1-39-36/2017-10-17_1-39-36.mp4-bee_id_4671-33150-1.png,0,0,False,False,True
test/videos/2017-10-17_1-39-36/2017-10-17_1-39-36.mp4-bee_id_4672-33165-1.png,0,0,False,False,True
test/videos/2017-10-17_1-39-36/2017-10-17_1-39-36.mp4-bee_id_4673-33195-1.png,0,0,False,False,True
test/videos/2017-10-17_1-39-36/2017-10-17_1-39-36.mp4-bee_id_4674-33210-1.png,0,0,False,False,True
test/videos/2017-10-17_1-39-36/2017-10-17_1-39-36.mp4-bee_id_4675-33240-1.png,0,1,False,False,True
test/videos/2017-10-17_1-39-36/2017-10-17_1-39-36.mp4-bee_id_4676-33240-1.png,0,0,False,False,True
test/videos/2017-10-17_1-39-36/2017-10-17_1-39-36.mp4-bee_id_4677-33255-1.png,0,0,False,False,True
test/videos/2017-10-17_1-39-36/2017-10-17_1-39-36.mp4-bee_id_4678-33300-1.png,0,2,False,False,True
test/videos/2017-10-17_1-39-36/2017-10-17_1-39-36.mp4-bee_id_4679-33345-1.png,0,0,False,False,True
test/videos/2017-10-17_1-39-36/2017-10-17_1-39-36.mp4-bee_id_4681-33360-1.png,0,0,False,False,True
test/videos/2017-10-17_1-39-36/2017-10-17_1-39-36.mp4-bee_id_4682-33360-1.png,0,0,False,False,True
test/videos/2017-10-17_1-39-36/2017-10-17_1-39-36.mp4-bee_id_4683-33390-1.png,0,1,False,False,True
test/videos/2017-10-17_1-39-36/2017-10-17_1-39-36.mp4-bee_id_4686-33555-1.png,0,0,False,False,True
test/videos/2017-10-17_1-39-36/2017-10-17_1-39-36.mp4-bee_id_4687-33555-1.png,0,1,False,False,True
test/videos/2017-10-17_1-39-36/2017-10-17_1-39-36.mp4-bee_id_4688-33585-1.png,0,0,False,False,True
test/videos/2017-10-17_1-39-36/2017-10-17_1-39-36.mp4-bee_id_4689-33630-1.png,0,0,False,False,True
test/videos/2017-10-17_1-39-36/2017-10-17_1-39-36.mp4-bee_id_4691-33660-1.png,0,0,False,False,True
test/videos/2017-10-17_1-39-36/2017-10-17_1-39-36.mp4-bee_id_4692-33660-1.png,0,1,False,False,True
test/videos/2017-10-17_1-39-36/2017-10-17_1-39-36.mp4-bee_id_4693-33675-1.png,0,1,False,False,True
test/videos/2017-10-17_1-39-36/2017-10-17_1-39-36.mp4-bee_id_4694-33675-1.png,0,1,False,False,True
test/videos/2017-10-17_1-39-36/2017-10-17_1-39-36.mp4-bee_id_4695-33705-1.png,0,0,False,False,True
test/videos/2017-10-17_1-39-36/2017-10-17_1-39-36.mp4-bee_id_4696-33720-1.png,0,1,False,False,True
test/videos/2017-10-17_1-39-36/2017-10-17_1-39-36.mp4-bee_id_4697-33720-1.png,0,0,False,False,True
test/videos/2017-10-17_1-39-36/2017-10-17_1-39-36.mp4-bee_id_4699-33870-1.png,0,0,False,False,True
test/videos/2017-10-17_1-39-36/2017-10-17_1-39-36.mp4-bee_id_4700-33885-1.png,0,0,False,False,True
test/videos/2017-10-17_1-39-36/2017-10-17_1-39-36.mp4-bee_id_4701-33885-1.png,0,1,False,False,True
test/videos/2017-10-17_1-39-36/2017-10-17_1-39-36.mp4-bee_id_4705-34005-1.png,0,0,False,False,True
test/videos/2017-10-17_1-39-36/2017-10-17_1-39-36.mp4-bee_id_4706-34005-1.png,0,1,False,False,True
test/videos/2017-10-17_1-39-36/2017-10-17_1-39-36.mp4-bee_id_4707-34005-1.png,0,1,False,False,True
test/videos/2017-10-17_1-39-36/2017-10-17_1-39-36.mp4-bee_id_4708-34035-1.png,0,0,False,False,True
test/videos/2017-10-17_1-39-36/2017-10-17_1-39-36.mp4-bee_id_4711-34095-1.png,0,0,False,False,True
test/videos/2017-10-17_1-39-36/2017-10-17_1-39-36.mp4-bee_id_4712-34110-1.png,0,0,False,False,True
test/videos/2017-10-17_1-39-36/2017-10-17_1-39-36.mp4-bee_id_4714-34170-1.png,1,0,True,False,True
test/videos/2017-10-17_1-39-36/2017-10-17_1-39-36.mp4-bee_id_4715-34185-1.png,0,2,False,False,True
test/videos/2017-10-17_1-39-36/2017-10-17_1-39-36.mp4-bee_id_4716-34215-1.png,0,0,False,False,True
test/videos/2017-10-17_1-39-36/2017-10-17_1-39-36.mp4-bee_id_4719-34365-1.png,0,1,False,False,True
test/videos/2017-10-17_1-39-36/2017-10-17_1-39-36.mp4-bee_id_4720-34395-1.png,0,0,False,False,True
test/videos/2017-10-17_1-39-36/2017-10-17_1-39-36.mp4-bee_id_4721-34425-1.png,1,2,True,False,True
test/videos/2017-10-17_1-39-36/2017-10-17_1-39-36.mp4-bee_id_4722-34515-1.png,0,2,False,False,True
test/videos/2017-10-17_1-39-36/2017-10-17_1-39-36.mp4-bee_id_4724-34605-1.png,0,0,False,False,True
test/videos/2017-10-17_1-39-36/2017-10-17_1-39-36.mp4-bee_id_4725-34620-1.png,0,0,False,False,True
test/videos/2017-10-17_1-39-36/2017-10-17_1-39-36.mp4-bee_id_4726-34620-1.png,0,0,False,False,True
test/videos/2017-10-17_1-39-36/2017-10-17_1-39-36.mp4-bee_id_4728-34635-1.png,0,1,False,False,True
test/videos/2017-10-17_1-39-36/2017-10-17_1-39-36.mp4-bee_id_4730-34665-1.png,0,1,False,False,True
test/videos/2017-10-17_1-39-36/2017-10-17_1-39-36.mp4-bee_id_4731-34665-1.png,0,0,False,False,True
test/videos/2017-10-17_1-39-36/2017-10-17_1-39-36.mp4-bee_id_4732-34680-1.png,0,1,False,False,True
test/videos/2017-10-17_1-39-36/2017-10-17_1-39-36.mp4-bee_id_4733-34830-1.png,0,0,False,False,True
test/videos/2017-10-17_1-39-36/2017-10-17_1-39-36.mp4-bee_id_4734-34905-1.png,0,0,False,False,True
test/videos/2017-10-17_1-39-36/2017-10-17_1-39-36.mp4-bee_id_4735-34935-1.png,0,0,False,False,True
test/videos/2017-10-17_1-39-36/2017-10-17_1-39-36.mp4-bee_id_4737-35055-1.png,0,2,False,False,True
test/videos/2017-10-17_1-39-36/2017-10-17_1-39-36.mp4-bee_id_4738-35070-1.png,0,0,False,False,True
test/videos/2017-10-17_1-39-36/2017-10-17_1-39-36.mp4-bee_id_4739-35085-1.png,0,0,False,False,True
test/videos/2017-10-17_1-39-36/2017-10-17_1-39-36.mp4-bee_id_4742-35205-1.png,0,1,False,False,True
test/videos/2017-10-17_1-39-36/2017-10-17_1-39-36.mp4-bee_id_4743-35280-1.png,0,0,False,False,True
test/videos/2017-10-17_1-39-36/2017-10-17_1-39-36.mp4-bee_id_4744-35295-1.png,0,0,False,False,True
test/videos/2017-10-17_1-39-36/2017-10-17_1-39-36.mp4-bee_id_4745-35310-1.png,0,2,False,False,True
test/videos/2017-10-17_1-39-36/2017-10-17_1-39-36.mp4-bee_id_4746-35340-1.png,0,0,False,False,True
test/videos/2017-10-17_1-39-36/2017-10-17_1-39-36.mp4-bee_id_4747-35355-1.png,1,0,True,False,True
test/videos/2017-10-17_1-39-36/2017-10-17_1-39-36.mp4-bee_id_4748-35370-1.png,0,0,False,False,True
test/videos/2017-10-17_1-39-36/2017-10-17_1-39-36.mp4-bee_id_4749-35370-1.png,0,1,False,False,True
test/videos/2017-10-17_1-39-36/2017-10-17_1-39-36.mp4-bee_id_4750-35385-1.png,0,1,False,False,True
test/videos/2017-10-17_1-39-36/2017-10-17_1-39-36.mp4-bee_id_4751-35475-1.png,0,1,False,False,True
test/videos/2017-10-17_1-39-36/2017-10-17_1-39-36.mp4-bee_id_4752-35505-1.png,0,0,False,False,True
test/videos/2017-10-17_1-39-36/2017-10-17_1-39-36.mp4-bee_id_4753-35595-1.png,0,0,False,False,True
test/videos/2017-10-17_1-39-36/2017-10-17_1-39-36.mp4-bee_id_4754-35610-1.png,0,2,False,False,True
test/videos/2017-10-17_1-39-36/2017-10-17_1-39-36.mp4-bee_id_4755-35625-1.png,0,3,False,False,True
test/videos/2017-10-17_1-39-36/2017-10-17_1-39-36.mp4-bee_id_4756-35640-1.png,0,0,False,False,True
test/videos/2017-10-17_1-39-36/2017-10-17_1-39-36.mp4-bee_id_4757-35715-1.png,0,0,False,False,True
test/videos/2017-10-17_1-39-36/2017-10-17_1-39-36.mp4-bee_id_4758-35730-1.png,0,0,False,False,True
test/videos/2017-10-17_1-39-36/2017-10-17_1-39-36.mp4-bee_id_4759-35730-1.png,0,1,False,False,True
test/videos/2017-10-17_1-39-36/2017-10-17_1-39-36.mp4-bee_id_4760-35760-1.png,0,2,False,False,True
test/videos/2017-10-17_1-39-36/2017-10-17_1-39-36.mp4-bee_id_4761-35805-1.png,1,1,True,False,True
test/videos/2017-10-17_1-39-36/2017-10-17_1-39-36.mp4-bee_id_4762-35820-1.png,0,0,False,False,True
test/videos/2017-10-17_1-39-36/2017-10-17_1-39-36.mp4-bee_id_4763-35880-1.png,1,1,True,False,True
test/videos/2017-10-17_1-39-36/2017-10-17_1-39-36.mp4-bee_id_4764-35895-1.png,0,1,False,False,True
test/videos/2017-10-17_1-39-36/2017-10-17_1-39-36.mp4-bee_id_4765-35925-1.png,0,2,False,False,True
test/videos/2017-10-17_1-39-36/2017-10-17_1-39-36.mp4-bee_id_4766-35970-1.png,0,0,False,False,True
test/videos/2017-10-17_1-39-36/2017-10-17_1-39-36.mp4-bee_id_4767-35985-1.png,0,0,False,False,True
test/videos/2017-10-17_1-39-36/2017-10-17_1-39-36.mp4-bee_id_4768-36015-1.png,0,2,False,False,True
test/videos/2017-10-17_1-39-36/2017-10-17_1-39-36.mp4-bee_id_4769-36015-1.png,0,1,False,False,True
test/videos/2017-10-17_1-39-36/2017-10-17_1-39-36.mp4-bee_id_4770-36015-1.png,0,0,False,False,True
test/videos/2017-10-17_1-39-36/2017-10-17_1-39-36.mp4-bee_id_4771-36030-1.png,0,0,False,False,True
test/videos/2017-10-17_1-39-36/2017-10-17_1-39-36.mp4-bee_id_4772-36045-1.png,0,0,False,False,True
test/videos/2017-10-17_1-39-36/2017-10-17_1-39-36.mp4-bee_id_4773-36075-1.png,0,1,False,False,True
test/videos/2017-10-17_1-39-36/2017-10-17_1-39-36.mp4-bee_id_4774-36090-1.png,0,0,False,False,True
test/videos/2017-10-17_1-39-36/2017-10-17_1-39-36.mp4-bee_id_4776-36135-1.png,0,2,False,False,True
test/videos/2017-10-17_1-39-36/2017-10-17_1-39-36.mp4-bee_id_4777-36180-1.png,0,1,False,False,True
test/videos/2017-10-17_1-39-36/2017-10-17_1-39-36.mp4-bee_id_4778-36240-1.png,0,0,False,False,True
test/videos/2017-10-17_1-39-36/2017-10-17_1-39-36.mp4-bee_id_4779-36240-1.png,0,0,False,False,True
test/videos/2017-10-17_1-39-36/2017-10-17_1-39-36.mp4-bee_id_4780-36255-1.png,0,2,False,False,True
test/videos/2017-10-17_1-39-36/2017-10-17_1-39-36.mp4-bee_id_4781-36255-1.png,0,1,False,False,True
test/videos/2017-10-17_1-39-36/2017-10-17_1-39-36.mp4-bee_id_4782-36255-1.png,0,0,False,False,True
test/videos/2017-10-17_1-39-36/2017-10-17_1-39-36.mp4-bee_id_4783-36255-1.png,0,0,False,False,True
test/videos/2017-10-17_1-39-36/2017-10-17_1-39-36.mp4-bee_id_4784-36315-1.png,0,2,False,False,True
test/videos/2017-10-17_1-39-36/2017-10-17_1-39-36.mp4-bee_id_4785-36315-1.png,1,1,True,False,True
test/videos/2017-10-17_1-39-36/2017-10-17_1-39-36.mp4-bee_id_4787-36390-1.png,0,0,False,False,True
test/videos/2017-10-17_1-39-36/2017-10-17_1-39-36.mp4-bee_id_4788-36405-1.png,0,1,False,False,True
test/videos/2017-10-17_1-39-36/2017-10-17_1-39-36.mp4-bee_id_4792-36495-1.png,1,2,True,False,True
test/videos/2017-10-17_1-39-36/2017-10-17_1-39-36.mp4-bee_id_4793-36585-1.png,0,0,False,False,True
test/videos/2017-10-17_1-39-36/2017-10-17_1-39-36.mp4-bee_id_4794-36600-1.png,1,0,True,False,True
test/videos/2017-10-17_1-39-36/2017-10-17_1-39-36.mp4-bee_id_4795-36615-1.png,0,1,False,False,True
test/videos/2017-10-17_1-39-36/2017-10-17_1-39-36.mp4-bee_id_4797-36675-1.png,0,2,False,False,True
test/videos/2017-10-17_1-39-36/2017-10-17_1-39-36.mp4-bee_id_4798-36735-1.png,0,0,False,False,True
test/videos/2017-10-17_1-39-36/2017-10-17_1-39-36.mp4-bee_id_4799-36810-1.png,0,0,False,False,True
test/videos/2017-10-17_1-39-36/2017-10-17_1-39-36.mp4-bee_id_4801-36825-1.png,0,0,False,False,True
test/videos/2017-10-17_1-39-36/2017-10-17_1-39-36.mp4-bee_id_4802-36840-1.png,0,1,False,False,True
test/videos/2017-10-17_1-39-36/2017-10-17_1-39-36.mp4-bee_id_4804-36870-1.png,0,1,False,False,True
test/videos/2017-10-17_1-39-36/2017-10-17_1-39-36.mp4-bee_id_4806-36900-1.png,0,2,False,False,True
test/videos/2017-10-17_1-39-36/2017-10-17_1-39-36.mp4-bee_id_4807-36915-1.png,1,0,True,False,True
test/videos/2017-10-17_1-39-36/2017-10-17_1-39-36.mp4-bee_id_4808-36915-1.png,0,0,False,False,True
test/videos/2017-10-17_1-39-36/2017-10-17_1-39-36.mp4-bee_id_4809-36930-1.png,0,0,False,False,True
test/videos/2017-10-17_1-39-36/2017-10-17_1-39-36.mp4-bee_id_4810-36960-1.png,0,0,False,False,True
test/videos/2017-10-17_1-39-36/2017-10-17_1-39-36.mp4-bee_id_4811-37050-1.png,1,1,True,False,True
test/videos/2017-10-17_1-39-36/2017-10-17_1-39-36.mp4-bee_id_4812-37065-1.png,0,1,False,False,True
test/videos/2017-10-17_1-39-36/2017-10-17_1-39-36.mp4-bee_id_4813-37065-1.png,0,1,False,False,True
test/videos/2017-10-17_1-39-36/2017-10-17_1-39-36.mp4-bee_id_4814-37065-1.png,0,1,False,False,True
test/videos/2017-10-17_1-39-36/2017-10-17_1-39-36.mp4-bee_id_4815-37125-1.png,1,0,True,False,True
test/videos/2017-10-17_1-39-36/2017-10-17_1-39-36.mp4-bee_id_4816-37170-1.png,0,3,False,False,True
test/videos/2017-10-17_1-39-36/2017-10-17_1-39-36.mp4-bee_id_4817-37215-1.png,0,0,False,False,True
test/videos/2017-10-17_1-39-36/2017-10-17_1-39-36.mp4-bee_id_4818-37245-1.png,0,0,False,False,True
test/videos/2017-10-17_1-39-36/2017-10-17_1-39-36.mp4-bee_id_4819-37245-1.png,0,0,False,False,True
test/videos/2017-10-17_1-39-36/2017-10-17_1-39-36.mp4-bee_id_4820-37260-1.png,0,1,False,False,True
test/videos/2017-10-17_1-39-36/2017-10-17_1-39-36.mp4-bee_id_4822-37275-1.png,0,1,False,False,True
test/videos/2017-10-17_1-39-36/2017-10-17_1-39-36.mp4-bee_id_4823-37290-1.png,0,4,False,False,True
test/videos/2017-10-17_1-39-36/2017-10-17_1-39-36.mp4-bee_id_4824-37320-1.png,0,0,False,False,True
test/videos/2017-10-17_1-39-36/2017-10-17_1-39-36.mp4-bee_id_4825-37350-1.png,0,0,False,False,True
test/videos/2017-10-17_1-39-36/2017-10-17_1-39-36.mp4-bee_id_4826-37425-1.png,0,2,False,False,True
test/videos/2017-10-17_1-39-36/2017-10-17_1-39-36.mp4-bee_id_4827-37425-1.png,0,2,False,False,True
test/videos/2017-10-17_1-39-36/2017-10-17_1-39-36.mp4-bee_id_4828-37440-1.png,0,1,False,False,True
test/videos/2017-10-17_1-39-36/2017-10-17_1-39-36.mp4-bee_id_4829-37470-1.png,0,0,False,False,True
test/videos/2017-10-17_1-39-36/2017-10-17_1-39-36.mp4-bee_id_4830-37470-1.png,0,2,False,False,True
test/videos/2017-10-17_1-39-36/2017-10-17_1-39-36.mp4-bee_id_4832-37545-1.png,0,0,False,False,True
test/videos/2017-10-17_1-39-36/2017-10-17_1-39-36.mp4-bee_id_4833-37620-1.png,0,1,False,False,True
test/videos/2017-10-17_1-39-36/2017-10-17_1-39-36.mp4-bee_id_4834-37665-1.png,0,0,False,False,True
test/videos/2017-10-17_1-39-36/2017-10-17_1-39-36.mp4-bee_id_4836-37680-1.png,0,2,False,False,True
test/videos/2017-10-17_1-39-36/2017-10-17_1-39-36.mp4-bee_id_4837-37710-1.png,0,0,False,False,True
test/videos/2017-10-17_1-39-36/2017-10-17_1-39-36.mp4-bee_id_4838-37710-1.png,0,1,False,False,True
test/videos/2017-10-17_1-39-36/2017-10-17_1-39-36.mp4-bee_id_4840-37935-1.png,0,1,False,False,True
test/videos/2017-10-17_1-39-36/2017-10-17_1-39-36.mp4-bee_id_4841-37950-1.png,0,2,False,False,True
test/videos/2017-10-17_1-39-36/2017-10-17_1-39-36.mp4-bee_id_4842-37965-1.png,0,1,False,False,True
test/videos/2017-10-17_1-39-36/2017-10-17_1-39-36.mp4-bee_id_4843-37980-1.png,0,1,False,False,True
test/videos/2017-10-17_1-39-36/2017-10-17_1-39-36.mp4-bee_id_4844-37995-1.png,0,0,False,False,True
test/videos/2017-10-17_1-39-36/2017-10-17_1-39-36.mp4-bee_id_4845-37995-1.png,0,0,False,False,True
test/videos/2017-10-17_1-39-36/2017-10-17_1-39-36.mp4-bee_id_4846-37995-1.png,0,0,False,False,True
test/videos/2017-10-17_1-39-36/2017-10-17_1-39-36.mp4-bee_id_4847-38100-1.png,0,1,False,False,True
test/videos/2017-10-17_1-39-36/2017-10-17_1-39-36.mp4-bee_id_4848-38175-1.png,0,1,False,False,True
test/videos/2017-10-17_1-39-36/2017-10-17_1-39-36.mp4-bee_id_4850-38205-1.png,0,2,False,False,True
test/videos/2017-10-17_1-39-36/2017-10-17_1-39-36.mp4-bee_id_4851-38220-1.png,0,2,False,False,True
test/videos/2017-10-17_1-39-36/2017-10-17_1-39-36.mp4-bee_id_4852-38220-1.png,0,0,False,False,True
test/videos/2017-10-17_1-39-36/2017-10-17_1-39-36.mp4-bee_id_4853-38220-1.png,0,2,False,False,True
test/videos/2017-10-17_1-39-36/2017-10-17_1-39-36.mp4-bee_id_4854-38220-1.png,0,2,False,False,True
test/videos/2017-10-17_1-39-36/2017-10-17_1-39-36.mp4-bee_id_4855-38310-1.png,0,0,False,False,True
test/videos/2017-10-17_1-39-36/2017-10-17_1-39-36.mp4-bee_id_4856-38325-1.png,0,1,False,False,True
test/videos/2017-10-17_1-39-36/2017-10-17_1-39-36.mp4-bee_id_4858-38430-1.png,0,0,False,False,True
test/videos/2017-10-17_1-39-36/2017-10-17_1-39-36.mp4-bee_id_4859-38460-1.png,0,0,False,False,True
test/videos/2017-10-17_1-39-36/2017-10-17_1-39-36.mp4-bee_id_4860-38505-1.png,0,2,False,False,True
test/videos/2017-10-17_1-39-36/2017-10-17_1-39-36.mp4-bee_id_4861-38550-1.png,0,0,False,False,True
test/videos/2017-10-17_1-39-36/2017-10-17_1-39-36.mp4-bee_id_4862-38625-1.png,0,1,False,False,True
test/videos/2017-10-17_1-39-36/2017-10-17_1-39-36.mp4-bee_id_4863-38760-1.png,0,1,False,False,True
test/videos/2017-10-17_1-39-36/2017-10-17_1-39-36.mp4-bee_id_4866-38880-1.png,0,0,False,False,True
test/videos/2017-10-17_1-39-36/2017-10-17_1-39-36.mp4-bee_id_4868-38940-1.png,0,0,False,False,True
test/videos/2017-10-17_1-39-36/2017-10-17_1-39-36.mp4-bee_id_4869-38940-1.png,0,0,False,False,True
test/videos/2017-10-17_1-39-36/2017-10-17_1-39-36.mp4-bee_id_4870-39000-1.png,0,2,False,False,True
test/videos/2017-10-17_1-39-36/2017-10-17_1-39-36.mp4-bee_id_4875-39135-1.png,0,0,False,False,True
test/videos/2017-10-17_1-39-36/2017-10-17_1-39-36.mp4-bee_id_4878-39195-1.png,0,2,False,False,True
test/videos/2017-10-17_1-39-36/2017-10-17_1-39-36.mp4-bee_id_4879-39285-1.png,0,1,False,False,True
test/videos/2017-10-17_1-39-36/2017-10-17_1-39-36.mp4-bee_id_4881-39315-1.png,0,1,False,False,True
test/videos/2017-10-17_1-39-36/2017-10-17_1-39-36.mp4-bee_id_4882-39315-1.png,0,0,False,False,True
test/videos/2017-10-17_1-39-36/2017-10-17_1-39-36.mp4-bee_id_4884-39390-1.png,0,0,False,False,True
test/videos/2017-10-17_1-39-36/2017-10-17_1-39-36.mp4-bee_id_4885-39420-1.png,0,1,False,False,True
test/videos/2017-10-17_1-39-36/2017-10-17_1-39-36.mp4-bee_id_4886-39450-1.png,0,2,False,False,True
test/videos/2017-10-17_1-39-36/2017-10-17_1-39-36.mp4-bee_id_4887-39465-1.png,0,1,False,False,True
test/videos/2017-10-17_1-39-36/2017-10-17_1-39-36.mp4-bee_id_4888-39480-1.png,0,0,False,False,True
test/videos/2017-10-17_1-39-36/2017-10-17_1-39-36.mp4-bee_id_4890-39540-1.png,0,1,False,False,True
test/videos/2017-10-17_1-39-36/2017-10-17_1-39-36.mp4-bee_id_4891-39555-1.png,0,0,False,False,True
test/videos/2017-10-17_1-39-36/2017-10-17_1-39-36.mp4-bee_id_4892-39570-1.png,0,0,False,False,True
test/videos/2017-10-17_1-39-36/2017-10-17_1-39-36.mp4-bee_id_4893-39630-1.png,0,0,False,False,True
test/videos/2017-10-17_1-39-36/2017-10-17_1-39-36.mp4-bee_id_4894-39645-1.png,0,1,False,False,True
test/videos/2017-10-17_1-39-36/2017-10-17_1-39-36.mp4-bee_id_4895-39675-1.png,0,0,False,False,True
test/videos/2017-10-17_1-39-36/2017-10-17_1-39-36.mp4-bee_id_4898-39735-1.png,0,1,False,False,True
test/videos/2017-10-17_1-39-36/2017-10-17_1-39-36.mp4-bee_id_4899-39735-1.png,0,2,False,False,True
test/videos/2017-10-17_1-39-36/2017-10-17_1-39-36.mp4-bee_id_4902-39795-1.png,0,0,False,False,True
test/videos/2017-10-17_1-39-36/2017-10-17_1-39-36.mp4-bee_id_4904-39810-1.png,0,1,False,False,True
test/videos/2017-10-17_1-39-36/2017-10-17_1-39-36.mp4-bee_id_4905-39840-1.png,0,0,False,False,True
test/videos/2017-10-17_1-39-36/2017-10-17_1-39-36.mp4-bee_id_4907-39885-1.png,0,1,False,False,True
test/videos/2017-10-17_1-39-36/2017-10-17_1-39-36.mp4-bee_id_4910-39975-1.png,0,0,False,False,True
test/videos/2017-10-17_1-39-36/2017-10-17_1-39-36.mp4-bee_id_4911-40005-1.png,0,1,False,False,True
test/videos/2017-10-17_1-39-36/2017-10-17_1-39-36.mp4-bee_id_4912-40005-1.png,0,1,False,False,True
test/videos/2017-10-17_1-39-36/2017-10-17_1-39-36.mp4-bee_id_4913-40020-1.png,0,0,False,False,True
test/videos/2017-10-17_1-39-36/2017-10-17_1-39-36.mp4-bee_id_4914-40020-1.png,0,1,False,False,True
test/videos/2017-10-17_1-39-36/2017-10-17_1-39-36.mp4-bee_id_4916-40080-1.png,0,1,False,False,True
test/videos/2017-10-17_1-39-36/2017-10-17_1-39-36.mp4-bee_id_4918-40095-1.png,0,0,False,False,True
test/videos/2017-10-17_1-39-36/2017-10-17_1-39-36.mp4-bee_id_4920-40155-1.png,0,2,False,False,True
test/videos/2017-10-17_1-39-36/2017-10-17_1-39-36.mp4-bee_id_4921-40185-1.png,0,2,False,False,True
test/videos/2017-10-17_1-39-36/2017-10-17_1-39-36.mp4-bee_id_4922-40245-1.png,0,0,False,False,True
test/videos/2017-10-17_1-39-36/2017-10-17_1-39-36.mp4-bee_id_4923-40365-1.png,1,1,True,False,True
test/videos/2017-10-17_1-39-36/2017-10-17_1-39-36.mp4-bee_id_4924-40425-1.png,0,0,False,False,True
test/videos/2017-10-17_1-39-36/2017-10-17_1-39-36.mp4-bee_id_4925-40440-1.png,0,0,False,False,True
test/videos/2017-10-17_1-39-36/2017-10-17_1-39-36.mp4-bee_id_4926-40455-1.png,0,1,False,False,True
test/videos/2017-10-17_1-39-36/2017-10-17_1-39-36.mp4-bee_id_4927-40455-1.png,0,1,False,False,True
test/videos/2017-10-17_1-39-36/2017-10-17_1-39-36.mp4-bee_id_4928-40545-1.png,0,3,False,False,True
test/videos/2017-10-17_1-39-36/2017-10-17_1-39-36.mp4-bee_id_4929-40620-1.png,0,2,False,False,True
test/videos/2017-10-17_1-39-36/2017-10-17_1-39-36.mp4-bee_id_4930-40620-1.png,0,2,False,False,True
test/videos/2017-10-17_1-39-36/2017-10-17_1-39-36.mp4-bee_id_4932-40665-1.png,0,0,False,False,True
test/videos/2017-10-17_1-39-36/2017-10-17_1-39-36.mp4-bee_id_4933-40695-1.png,0,2,False,False,True
test/videos/2017-10-17_1-39-36/2017-10-17_1-39-36.mp4-bee_id_4934-40695-1.png,0,2,False,False,True
test/videos/2017-10-17_1-39-36/2017-10-17_1-39-36.mp4-bee_id_4936-40800-1.png,0,0,False,False,True
test/videos/2017-10-17_1-39-36/2017-10-17_1-39-36.mp4-bee_id_4938-40845-1.png,0,0,False,False,True
test/videos/2017-10-17_1-39-36/2017-10-17_1-39-36.mp4-bee_id_4939-40860-1.png,0,1,False,False,True
test/videos/2017-10-17_1-39-36/2017-10-17_1-39-36.mp4-bee_id_4940-40860-1.png,0,1,False,False,True
test/videos/2017-10-17_1-39-36/2017-10-17_1-39-36.mp4-bee_id_4941-40860-1.png,0,0,False,False,True
test/videos/2017-10-17_1-39-36/2017-10-17_1-39-36.mp4-bee_id_4942-40875-1.png,0,1,False,False,True
test/videos/2017-10-17_1-39-36/2017-10-17_1-39-36.mp4-bee_id_4943-40965-1.png,0,4,False,False,True
test/videos/2017-10-17_1-39-36/2017-10-17_1-39-36.mp4-bee_id_4944-41040-1.png,0,0,False,False,True
test/videos/2017-10-17_1-39-36/2017-10-17_1-39-36.mp4-bee_id_4945-41055-1.png,0,1,False,False,True
test/videos/2017-10-17_1-39-36/2017-10-17_1-39-36.mp4-bee_id_4946-41085-1.png,0,0,False,False,True
test/videos/2017-10-17_1-39-36/2017-10-17_1-39-36.mp4-bee_id_4947-41115-1.png,0,1,False,False,True
test/videos/2017-10-17_1-39-36/2017-10-17_1-39-36.mp4-bee_id_4948-41115-1.png,0,1,False,False,True
test/videos/2017-10-17_1-39-36/2017-10-17_1-39-36.mp4-bee_id_4949-41175-1.png,0,1,False,False,True
test/videos/2017-10-17_1-39-36/2017-10-17_1-39-36.mp4-bee_id_4950-41205-1.png,1,1,True,False,True
test/videos/2017-10-17_1-39-36/2017-10-17_1-39-36.mp4-bee_id_4951-41250-1.png,0,0,False,False,True
test/videos/2017-10-17_1-39-36/2017-10-17_1-39-36.mp4-bee_id_4952-41250-1.png,0,0,False,False,True
test/videos/2017-10-17_1-39-36/2017-10-17_1-39-36.mp4-bee_id_4953-41280-1.png,0,0,False,False,True
test/videos/2017-10-17_1-39-36/2017-10-17_1-39-36.mp4-bee_id_4954-41280-1.png,0,0,False,False,True
test/videos/2017-10-17_1-39-36/2017-10-17_1-39-36.mp4-bee_id_4955-41325-1.png,0,1,False,False,True
test/videos/2017-10-17_1-39-36/2017-10-17_1-39-36.mp4-bee_id_4956-41325-1.png,0,0,False,False,True
test/videos/2017-10-17_1-39-36/2017-10-17_1-39-36.mp4-bee_id_4959-41400-1.png,0,2,False,False,True
test/videos/2017-10-17_1-39-36/2017-10-17_1-39-36.mp4-bee_id_4960-41430-1.png,0,2,False,False,True
test/videos/2017-10-17_1-39-36/2017-10-17_1-39-36.mp4-bee_id_4961-41430-1.png,0,1,False,False,True
test/videos/2017-10-17_1-39-36/2017-10-17_1-39-36.mp4-bee_id_4963-41505-1.png,0,0,False,False,True
test/videos/2017-10-17_1-39-36/2017-10-17_1-39-36.mp4-bee_id_4964-41520-1.png,0,2,False,False,True
test/videos/2017-10-17_1-39-36/2017-10-17_1-39-36.mp4-bee_id_4965-41535-1.png,0,0,False,False,True
test/videos/2017-10-17_1-39-36/2017-10-17_1-39-36.mp4-bee_id_4968-41640-1.png,0,1,False,False,True
test/videos/2017-10-17_1-39-36/2017-10-17_1-39-36.mp4-bee_id_4969-41805-1.png,1,1,True,True,True
test/videos/2017-10-17_1-39-36/2017-10-17_1-39-36.mp4-bee_id_4970-41820-1.png,1,1,True,True,True
test/videos/2017-10-17_1-39-36/2017-10-17_1-39-36.mp4-bee_id_4971-41835-1.png,0,0,False,False,True
test/videos/2017-10-17_1-39-36/2017-10-17_1-39-36.mp4-bee_id_4972-41850-1.png,0,2,False,False,True
test/videos/2017-10-17_1-39-36/2017-10-17_1-39-36.mp4-bee_id_4973-41850-1.png,0,2,False,False,True
test/videos/2017-10-17_1-39-36/2017-10-17_1-39-36.mp4-bee_id_4974-41865-1.png,0,0,False,False,True
test/videos/2017-10-17_1-39-36/2017-10-17_1-39-36.mp4-bee_id_4977-41955-1.png,0,2,False,False,True
test/videos/2017-10-17_1-39-36/2017-10-17_1-39-36.mp4-bee_id_4980-42060-1.png,0,1,False,False,True
test/videos/2017-10-17_1-39-36/2017-10-17_1-39-36.mp4-bee_id_4981-42075-1.png,0,2,False,False,True
test/videos/2017-10-17_1-39-36/2017-10-17_1-39-36.mp4-bee_id_4982-42105-1.png,0,1,False,False,True
test/videos/2017-10-17_1-39-36/2017-10-17_1-39-36.mp4-bee_id_4983-42120-1.png,0,2,False,False,True
test/videos/2017-10-17_1-39-36/2017-10-17_1-39-36.mp4-bee_id_4985-42210-1.png,0,2,False,False,True
test/videos/2017-10-17_1-39-36/2017-10-17_1-39-36.mp4-bee_id_4986-42225-1.png,0,1,False,False,True
test/videos/2017-10-17_1-39-36/2017-10-17_1-39-36.mp4-bee_id_4989-42300-1.png,0,2,False,False,True
test/videos/2017-10-17_1-39-36/2017-10-17_1-39-36.mp4-bee_id_4990-42300-1.png,0,1,False,False,True
test/videos/2017-10-17_1-39-36/2017-10-17_1-39-36.mp4-bee_id_4991-42300-1.png,1,2,True,True,True
test/videos/2017-10-17_1-39-36/2017-10-17_1-39-36.mp4-bee_id_4992-42345-1.png,0,2,False,False,True
test/videos/2017-10-17_1-39-36/2017-10-17_1-39-36.mp4-bee_id_4993-42360-1.png,0,0,False,False,True
test/videos/2017-10-17_1-39-36/2017-10-17_1-39-36.mp4-bee_id_4994-42390-1.png,0,2,False,False,True
test/videos/2017-10-17_1-39-36/2017-10-17_1-39-36.mp4-bee_id_4995-42390-1.png,0,0,False,False,True
test/videos/2017-10-17_1-39-36/2017-10-17_1-39-36.mp4-bee_id_4997-42420-1.png,0,2,False,False,True
test/videos/2017-10-17_1-39-36/2017-10-17_1-39-36.mp4-bee_id_4998-42450-1.png,0,0,False,False,True
test/videos/2017-10-17_1-39-36/2017-10-17_1-39-36.mp4-bee_id_4999-42450-1.png,1,0,True,False,True
test/videos/2017-10-17_1-39-36/2017-10-17_1-39-36.mp4-bee_id_5000-42450-1.png,0,1,False,False,True
test/videos/2017-10-17_1-39-36/2017-10-17_1-39-36.mp4-bee_id_5001-42480-1.png,0,0,False,False,True
test/videos/2017-10-17_1-39-36/2017-10-17_1-39-36.mp4-bee_id_5002-42495-1.png,0,0,False,False,True
test/videos/2017-10-17_1-39-36/2017-10-17_1-39-36.mp4-bee_id_5003-42510-1.png,0,2,False,False,True
test/videos/2017-10-17_1-39-36/2017-10-17_1-39-36.mp4-bee_id_5004-42600-1.png,0,1,False,False,True
test/videos/2017-10-17_1-39-36/2017-10-17_1-39-36.mp4-bee_id_5005-42600-1.png,0,1,False,False,True
test/videos/2017-10-17_1-39-36/2017-10-17_1-39-36.mp4-bee_id_5007-42645-1.png,0,2,False,False,True
test/videos/2017-10-17_1-39-36/2017-10-17_1-39-36.mp4-bee_id_5009-42720-1.png,0,0,False,False,True
test/videos/2017-10-17_1-39-36/2017-10-17_1-39-36.mp4-bee_id_5011-42825-1.png,0,0,False,False,True
test/videos/2017-10-17_1-39-36/2017-10-17_1-39-36.mp4-bee_id_5012-42870-1.png,0,2,False,False,True
test/videos/2017-10-17_1-39-36/2017-10-17_1-39-36.mp4-bee_id_5013-42900-1.png,0,0,False,False,True
test/videos/2017-10-17_1-39-36/2017-10-17_1-39-36.mp4-bee_id_5014-42915-1.png,0,1,False,False,True
test/videos/2017-10-17_1-39-36/2017-10-17_1-39-36.mp4-bee_id_5015-42930-1.png,0,1,False,False,True
test/videos/2017-10-17_1-39-36/2017-10-17_1-39-36.mp4-bee_id_5018-43065-1.png,0,0,False,False,True
test/videos/2017-10-17_1-39-36/2017-10-17_1-39-36.mp4-bee_id_5019-43080-1.png,0,0,False,False,True
test/videos/2017-10-17_1-39-36/2017-10-17_1-39-36.mp4-bee_id_5021-43155-1.png,0,1,False,False,True
test/videos/2017-10-17_1-39-36/2017-10-17_1-39-36.mp4-bee_id_5022-43170-1.png,0,0,False,False,True
test/videos/2017-10-17_1-39-36/2017-10-17_1-39-36.mp4-bee_id_5023-43170-1.png,0,1,False,False,True
test/videos/2017-10-17_1-39-36/2017-10-17_1-39-36.mp4-bee_id_5024-43230-1.png,0,0,False,False,True
test/videos/2017-10-17_1-39-36/2017-10-17_1-39-36.mp4-bee_id_5025-43230-1.png,0,0,False,False,True
test/videos/2017-10-17_1-39-36/2017-10-17_1-39-36.mp4-bee_id_5026-43245-1.png,0,2,False,False,True
test/videos/2017-10-17_1-39-36/2017-10-17_1-39-36.mp4-bee_id_5027-43260-1.png,0,1,False,False,True
test/videos/2017-10-17_1-39-36/2017-10-17_1-39-36.mp4-bee_id_5028-43290-1.png,0,1,False,False,True
test/videos/2017-10-17_1-39-36/2017-10-17_1-39-36.mp4-bee_id_5029-43290-1.png,0,1,False,False,True
test/videos/2017-10-17_1-39-36/2017-10-17_1-39-36.mp4-bee_id_5031-43350-1.png,0,0,False,False,True
test/videos/2017-10-17_1-39-36/2017-10-17_1-39-36.mp4-bee_id_5033-43425-1.png,0,1,False,False,True
test/videos/2017-10-17_1-39-36/2017-10-17_1-39-36.mp4-bee_id_5034-43470-1.png,0,2,False,False,True
test/videos/2017-10-17_1-39-36/2017-10-17_1-39-36.mp4-bee_id_5035-43485-1.png,0,1,False,False,True
test/videos/2017-10-17_1-39-36/2017-10-17_1-39-36.mp4-bee_id_5036-43500-1.png,0,1,False,False,True
test/videos/2017-10-17_1-39-36/2017-10-17_1-39-36.mp4-bee_id_5037-43560-1.png,0,2,False,False,True
test/videos/2017-10-17_1-39-36/2017-10-17_1-39-36.mp4-bee_id_5038-43575-1.png,0,0,False,False,True
test/videos/2017-10-17_1-39-36/2017-10-17_1-39-36.mp4-bee_id_5040-43605-1.png,0,2,False,False,True
test/videos/2017-10-17_1-39-36/2017-10-17_1-39-36.mp4-bee_id_5041-43635-1.png,0,1,False,False,True
test/videos/2017-10-17_1-39-36/2017-10-17_1-39-36.mp4-bee_id_5042-43650-1.png,0,0,False,False,True
test/videos/2017-10-17_1-39-36/2017-10-17_1-39-36.mp4-bee_id_5043-43650-1.png,0,2,False,False,True
test/videos/2017-10-17_1-39-36/2017-10-17_1-39-36.mp4-bee_id_5044-43665-1.png,0,0,False,False,True
test/videos/2017-10-17_1-39-36/2017-10-17_1-39-36.mp4-bee_id_5046-43710-1.png,0,0,False,False,True
test/videos/2017-10-17_1-39-36/2017-10-17_1-39-36.mp4-bee_id_5047-43740-1.png,0,0,False,False,True
test/videos/2017-10-17_1-39-36/2017-10-17_1-39-36.mp4-bee_id_5048-43770-1.png,0,0,False,False,True
test/videos/2017-10-17_1-39-36/2017-10-17_1-39-36.mp4-bee_id_5050-43860-1.png,0,2,False,False,True
test/videos/2017-10-17_1-39-36/2017-10-17_1-39-36.mp4-bee_id_5051-43860-1.png,0,1,False,False,True
test/videos/2017-10-17_1-39-36/2017-10-17_1-39-36.mp4-bee_id_5052-43875-1.png,0,1,False,False,True
test/videos/2017-10-17_1-39-36/2017-10-17_1-39-36.mp4-bee_id_5053-43905-1.png,1,0,True,False,True
test/videos/2017-10-17_1-39-36/2017-10-17_1-39-36.mp4-bee_id_5054-43920-1.png,0,0,False,False,True
test/videos/2017-10-17_1-39-36/2017-10-17_1-39-36.mp4-bee_id_5055-43920-1.png,0,1,False,False,True
test/videos/2017-10-17_1-39-36/2017-10-17_1-39-36.mp4-bee_id_5056-43935-1.png,0,2,False,False,True
test/videos/2017-10-17_1-39-36/2017-10-17_1-39-36.mp4-bee_id_5060-44055-1.png,0,0,False,False,True
test/videos/2017-10-17_1-39-36/2017-10-17_1-39-36.mp4-bee_id_5063-44175-1.png,0,0,False,False,True
test/videos/2017-10-17_1-39-36/2017-10-17_1-39-36.mp4-bee_id_5065-44265-1.png,0,2,False,False,True
test/videos/2017-10-17_1-39-36/2017-10-17_1-39-36.mp4-bee_id_5066-44310-1.png,1,0,True,False,True
test/videos/2017-10-17_1-39-36/2017-10-17_1-39-36.mp4-bee_id_5067-44355-1.png,0,2,False,False,True
test/videos/2017-10-17_1-39-36/2017-10-17_1-39-36.mp4-bee_id_5068-44355-1.png,0,3,False,False,True
test/videos/2017-10-17_1-39-36/2017-10-17_1-39-36.mp4-bee_id_5069-44370-1.png,0,0,False,False,True
test/videos/2017-10-17_1-39-36/2017-10-17_1-39-36.mp4-bee_id_5070-44520-1.png,0,1,False,False,True
test/videos/2017-10-17_1-39-36/2017-10-17_1-39-36.mp4-bee_id_5071-44520-1.png,0,1,False,False,True
test/videos/2017-10-17_1-39-36/2017-10-17_1-39-36.mp4-bee_id_5072-44535-1.png,0,0,False,False,True
test/videos/2017-10-17_1-39-36/2017-10-17_1-39-36.mp4-bee_id_5073-44550-1.png,0,0,False,False,True
test/videos/2017-10-17_1-39-36/2017-10-17_1-39-36.mp4-bee_id_5074-44550-1.png,1,0,True,False,True
test/videos/2017-10-17_1-39-36/2017-10-17_1-39-36.mp4-bee_id_5075-44565-1.png,0,0,False,False,True
test/videos/2017-10-17_1-39-36/2017-10-17_1-39-36.mp4-bee_id_5076-44565-1.png,0,3,False,False,True
test/videos/2017-10-17_1-39-36/2017-10-17_1-39-36.mp4-bee_id_5077-44580-1.png,0,0,False,False,True
test/videos/2017-10-17_1-39-36/2017-10-17_1-39-36.mp4-bee_id_5078-44685-1.png,0,0,False,False,True
test/videos/2017-10-17_1-39-36/2017-10-17_1-39-36.mp4-bee_id_5079-44700-1.png,1,2,True,False,True
test/videos/2017-10-17_1-39-36/2017-10-17_1-39-36.mp4-bee_id_5080-44730-1.png,1,0,True,False,True
test/videos/2017-10-17_1-39-36/2017-10-17_1-39-36.mp4-bee_id_5081-44880-1.png,0,0,False,False,True
test/videos/2017-10-17_1-39-36/2017-10-17_1-39-36.mp4-bee_id_5082-44880-1.png,0,1,False,False,True
test/videos/2017-10-17_1-39-36/2017-10-17_1-39-36.mp4-bee_id_5083-44895-1.png,0,1,False,False,True
test/videos/2017-10-17_1-39-36/2017-10-17_1-39-36.mp4-bee_id_5084-44910-1.png,0,0,False,False,True
test/videos/2017-10-17_1-39-36/2017-10-17_1-39-36.mp4-bee_id_5085-44910-1.png,0,2,False,False,True
test/videos/2017-10-17_1-39-36/2017-10-17_1-39-36.mp4-bee_id_5086-44970-1.png,0,1,False,False,True
test/videos/2017-10-17_1-39-36/2017-10-17_1-39-36.mp4-bee_id_5087-44985-1.png,0,2,False,False,True
test/videos/2017-10-17_1-39-36/2017-10-17_1-39-36.mp4-bee_id_5088-44985-1.png,0,0,False,False,True
test/videos/2017-10-17_1-39-36/2017-10-17_1-39-36.mp4-bee_id_5089-45015-1.png,0,0,False,False,True
test/videos/2017-10-17_1-39-36/2017-10-17_1-39-36.mp4-bee_id_5090-45015-1.png,0,2,False,False,True
test/videos/2017-10-17_1-39-36/2017-10-17_1-39-36.mp4-bee_id_5091-45060-1.png,0,2,False,False,True
test/videos/2017-10-17_1-39-36/2017-10-17_1-39-36.mp4-bee_id_5092-45210-1.png,0,2,False,False,True
test/videos/2017-10-17_1-39-36/2017-10-17_1-39-36.mp4-bee_id_5093-45225-1.png,0,1,False,False,True
test/videos/2017-10-17_1-39-36/2017-10-17_1-39-36.mp4-bee_id_5094-45225-1.png,0,1,False,False,True
test/videos/2017-10-17_1-39-36/2017-10-17_1-39-36.mp4-bee_id_5095-45225-1.png,0,1,False,False,True
test/videos/2017-10-17_1-39-36/2017-10-17_1-39-36.mp4-bee_id_5096-45285-1.png,0,0,False,False,True
test/videos/2017-10-17_1-39-36/2017-10-17_1-39-36.mp4-bee_id_5097-45300-1.png,0,0,False,False,True
test/videos/2017-10-17_1-39-36/2017-10-17_1-39-36.mp4-bee_id_5098-45330-1.png,0,1,False,False,True
test/videos/2017-10-17_1-39-36/2017-10-17_1-39-36.mp4-bee_id_5099-45375-1.png,0,0,False,False,True
test/videos/2017-10-17_1-39-36/2017-10-17_1-39-36.mp4-bee_id_5103-45480-1.png,0,0,False,False,True
test/videos/2017-10-17_1-39-36/2017-10-17_1-39-36.mp4-bee_id_5104-45570-1.png,0,0,False,False,True
test/videos/2017-10-17_1-39-36/2017-10-17_1-39-36.mp4-bee_id_5105-45615-1.png,0,0,False,False,True
test/videos/2017-10-17_1-39-36/2017-10-17_1-39-36.mp4-bee_id_5107-45675-1.png,0,0,False,False,True
test/videos/2017-10-17_1-39-36/2017-10-17_1-39-36.mp4-bee_id_5109-45735-1.png,0,1,False,False,True
test/videos/2017-10-17_1-39-36/2017-10-17_1-39-36.mp4-bee_id_5113-45780-1.png,0,0,False,False,True
test/videos/2017-10-17_1-39-36/2017-10-17_1-39-36.mp4-bee_id_5114-45840-1.png,0,0,False,False,True
test/videos/2017-10-17_1-39-36/2017-10-17_1-39-36.mp4-bee_id_5115-45885-1.png,1,0,True,False,True
test/videos/2017-10-17_1-39-36/2017-10-17_1-39-36.mp4-bee_id_5116-45885-1.png,0,0,False,False,True
test/videos/2017-10-17_1-39-36/2017-10-17_1-39-36.mp4-bee_id_5117-45915-1.png,0,0,False,False,True
test/videos/2017-10-17_1-39-36/2017-10-17_1-39-36.mp4-bee_id_5118-45945-1.png,0,1,False,False,True
test/videos/2017-10-17_1-39-36/2017-10-17_1-39-36.mp4-bee_id_5119-45990-1.png,0,0,False,False,True
test/videos/2017-10-17_1-39-36/2017-10-17_1-39-36.mp4-bee_id_5120-45990-1.png,0,0,False,False,True
test/videos/2017-10-17_1-39-36/2017-10-17_1-39-36.mp4-bee_id_5121-46185-1.png,0,2,False,False,True
test/videos/2017-10-17_1-39-36/2017-10-17_1-39-36.mp4-bee_id_5122-46185-1.png,1,2,True,False,True
test/videos/2017-10-17_1-39-36/2017-10-17_1-39-36.mp4-bee_id_5123-46215-1.png,0,1,False,False,True
test/videos/2017-10-17_1-39-36/2017-10-17_1-39-36.mp4-bee_id_5124-46245-1.png,0,3,False,False,True
test/videos/2017-10-17_1-39-36/2017-10-17_1-39-36.mp4-bee_id_5125-46305-1.png,0,1,False,False,True
test/videos/2017-10-17_1-39-36/2017-10-17_1-39-36.mp4-bee_id_5127-46350-1.png,0,2,False,False,True
test/videos/2017-10-17_1-39-36/2017-10-17_1-39-36.mp4-bee_id_5128-46350-1.png,1,1,True,True,True
test/videos/2017-10-17_1-39-36/2017-10-17_1-39-36.mp4-bee_id_5129-46380-1.png,0,0,False,False,True
test/videos/2017-10-17_1-39-36/2017-10-17_1-39-36.mp4-bee_id_5132-46515-1.png,0,0,False,False,True
test/videos/2017-10-17_1-39-36/2017-10-17_1-39-36.mp4-bee_id_5133-46530-1.png,0,0,False,False,True
test/videos/2017-10-17_1-39-36/2017-10-17_1-39-36.mp4-bee_id_5134-46545-1.png,0,1,False,False,True
test/videos/2017-10-17_1-39-36/2017-10-17_1-39-36.mp4-bee_id_5135-46605-1.png,0,0,False,False,True
test/videos/2017-10-17_1-39-36/2017-10-17_1-39-36.mp4-bee_id_5136-46680-1.png,0,2,False,False,True
test/videos/2017-10-17_1-39-36/2017-10-17_1-39-36.mp4-bee_id_5137-46695-1.png,0,0,False,False,True
test/videos/2017-10-17_1-39-36/2017-10-17_1-39-36.mp4-bee_id_5138-46740-1.png,1,1,True,True,True
test/videos/2017-10-17_1-39-36/2017-10-17_1-39-36.mp4-bee_id_5139-46755-1.png,0,1,False,False,True
test/videos/2017-10-17_1-39-36/2017-10-17_1-39-36.mp4-bee_id_5140-46770-1.png,0,0,False,False,True
test/videos/2017-10-17_1-39-36/2017-10-17_1-39-36.mp4-bee_id_5141-46875-1.png,0,1,False,False,True
test/videos/2017-10-17_1-39-36/2017-10-17_1-39-36.mp4-bee_id_5142-46875-1.png,0,1,False,False,True
test/videos/2017-10-17_1-39-36/2017-10-17_1-39-36.mp4-bee_id_5143-46890-1.png,0,0,False,False,True
test/videos/2017-10-17_1-39-36/2017-10-17_1-39-36.mp4-bee_id_5144-46920-1.png,0,2,False,False,True
test/videos/2017-10-17_1-39-36/2017-10-17_1-39-36.mp4-bee_id_5145-46935-1.png,0,0,False,False,True
test/videos/2017-10-17_1-39-36/2017-10-17_1-39-36.mp4-bee_id_5146-46950-1.png,0,0,False,False,True
test/videos/2017-10-17_1-39-36/2017-10-17_1-39-36.mp4-bee_id_5147-46980-1.png,0,0,False,False,True
test/videos/2017-10-17_1-39-36/2017-10-17_1-39-36.mp4-bee_id_5148-47010-1.png,0,1,False,False,True
test/videos/2017-10-17_1-39-36/2017-10-17_1-39-36.mp4-bee_id_5152-47130-1.png,0,1,False,False,True
test/videos/2017-10-17_1-39-36/2017-10-17_1-39-36.mp4-bee_id_5153-47145-1.png,0,1,False,False,True
test/videos/2017-10-17_1-39-36/2017-10-17_1-39-36.mp4-bee_id_5154-47175-1.png,0,1,False,False,True
test/videos/2017-10-17_1-39-36/2017-10-17_1-39-36.mp4-bee_id_5156-47190-1.png,0,0,False,False,True
test/videos/2017-10-17_1-39-36/2017-10-17_1-39-36.mp4-bee_id_5157-47190-1.png,0,2,False,False,True
test/videos/2017-10-17_1-39-36/2017-10-17_1-39-36.mp4-bee_id_5158-47235-1.png,0,0,False,False,True
test/videos/2017-10-17_1-39-36/2017-10-17_1-39-36.mp4-bee_id_5159-47235-1.png,1,2,True,True,True
test/videos/2017-10-17_1-39-36/2017-10-17_1-39-36.mp4-bee_id_5160-47250-1.png,0,2,False,False,True
test/videos/2017-10-17_1-39-36/2017-10-17_1-39-36.mp4-bee_id_5161-47280-1.png,0,1,False,False,True
test/videos/2017-10-17_1-39-36/2017-10-17_1-39-36.mp4-bee_id_5162-47280-1.png,0,1,False,False,True
test/videos/2017-10-17_1-39-36/2017-10-17_1-39-36.mp4-bee_id_5163-47295-1.png,0,1,False,False,True
test/videos/2017-10-17_1-39-36/2017-10-17_1-39-36.mp4-bee_id_5164-47340-1.png,0,2,False,False,True
test/videos/2017-10-17_1-39-36/2017-10-17_1-39-36.mp4-bee_id_5165-47355-1.png,0,0,False,False,True
test/videos/2017-10-17_1-39-36/2017-10-17_1-39-36.mp4-bee_id_5166-47355-1.png,0,0,False,False,True
test/videos/2017-10-17_1-39-36/2017-10-17_1-39-36.mp4-bee_id_5168-47415-1.png,0,0,False,False,True
test/videos/2017-10-17_1-39-36/2017-10-17_1-39-36.mp4-bee_id_5169-47430-1.png,0,0,False,False,True
test/videos/2017-10-17_1-39-36/2017-10-17_1-39-36.mp4-bee_id_5171-47475-1.png,0,1,False,False,True
test/videos/2017-10-17_1-39-36/2017-10-17_1-39-36.mp4-bee_id_5172-47505-1.png,0,0,False,False,True
test/videos/2017-10-17_1-39-36/2017-10-17_1-39-36.mp4-bee_id_5173-47565-1.png,1,2,True,True,True
test/videos/2017-10-17_1-39-36/2017-10-17_1-39-36.mp4-bee_id_5174-47595-1.png,0,0,False,False,True
test/videos/2017-10-17_1-39-36/2017-10-17_1-39-36.mp4-bee_id_5175-47610-1.png,0,1,False,False,True
test/videos/2017-10-17_1-39-36/2017-10-17_1-39-36.mp4-bee_id_5177-47655-1.png,0,1,False,False,True
test/videos/2017-10-17_1-39-36/2017-10-17_1-39-36.mp4-bee_id_5178-47655-1.png,1,1,True,True,True
test/videos/2017-10-17_1-39-36/2017-10-17_1-39-36.mp4-bee_id_5179-47685-1.png,0,0,False,False,True
test/videos/2017-10-17_1-39-36/2017-10-17_1-39-36.mp4-bee_id_5180-47715-1.png,0,1,False,False,True
test/videos/2017-10-17_1-39-36/2017-10-17_1-39-36.mp4-bee_id_5181-47730-1.png,0,0,False,False,True
test/videos/2017-10-17_1-39-36/2017-10-17_1-39-36.mp4-bee_id_5182-47835-1.png,0,0,False,False,True
test/videos/2017-10-17_1-39-36/2017-10-17_1-39-36.mp4-bee_id_5183-47850-1.png,0,0,False,False,True
test/videos/2017-10-17_1-39-36/2017-10-17_1-39-36.mp4-bee_id_5185-47910-1.png,0,2,False,False,True
test/videos/2017-10-17_1-39-36/2017-10-17_1-39-36.mp4-bee_id_5186-47910-1.png,0,2,False,False,True
test/videos/2017-10-17_1-39-36/2017-10-17_1-39-36.mp4-bee_id_5187-47925-1.png,0,0,False,False,True
test/videos/2017-10-17_1-39-36/2017-10-17_1-39-36.mp4-bee_id_5188-47940-1.png,0,0,False,False,True
test/videos/2017-10-17_1-39-36/2017-10-17_1-39-36.mp4-bee_id_5189-47955-1.png,1,2,True,False,True
test/videos/2017-10-17_1-39-36/2017-10-17_1-39-36.mp4-bee_id_5190-47970-1.png,0,2,False,False,True
test/videos/2017-10-17_1-39-36/2017-10-17_1-39-36.mp4-bee_id_5192-48000-1.png,0,3,False,False,True
test/videos/2017-10-17_1-39-36/2017-10-17_1-39-36.mp4-bee_id_5193-48045-1.png,0,0,False,False,True
test/videos/2017-10-17_1-39-36/2017-10-17_1-39-36.mp4-bee_id_5194-48060-1.png,0,2,False,False,True
test/videos/2017-10-17_1-39-36/2017-10-17_1-39-36.mp4-bee_id_5195-48090-1.png,0,0,False,False,True
test/videos/2017-10-17_1-39-36/2017-10-17_1-39-36.mp4-bee_id_5196-48105-1.png,0,0,False,False,True
test/videos/2017-10-17_1-39-36/2017-10-17_1-39-36.mp4-bee_id_5197-48150-1.png,1,1,True,True,True
test/videos/2017-10-17_1-39-36/2017-10-17_1-39-36.mp4-bee_id_5198-48150-1.png,0,0,False,False,True
test/videos/2017-10-17_1-39-36/2017-10-17_1-39-36.mp4-bee_id_5200-48165-1.png,0,0,False,False,True
test/videos/2017-10-17_1-39-36/2017-10-17_1-39-36.mp4-bee_id_5201-48195-1.png,1,1,True,True,True
test/videos/2017-10-17_1-39-36/2017-10-17_1-39-36.mp4-bee_id_5202-48255-1.png,0,0,False,False,True
test/videos/2017-10-17_1-39-36/2017-10-17_1-39-36.mp4-bee_id_5204-48270-1.png,0,1,False,False,True
test/videos/2017-10-17_1-39-36/2017-10-17_1-39-36.mp4-bee_id_5205-48285-1.png,0,1,False,False,True
test/videos/2017-10-17_1-39-36/2017-10-17_1-39-36.mp4-bee_id_5207-48465-1.png,1,2,True,False,True
test/videos/2017-10-17_1-39-36/2017-10-17_1-39-36.mp4-bee_id_5208-48480-1.png,0,1,False,False,True
test/videos/2017-10-17_1-39-36/2017-10-17_1-39-36.mp4-bee_id_5209-48525-1.png,0,0,False,False,True
test/videos/2017-10-17_1-39-36/2017-10-17_1-39-36.mp4-bee_id_5210-48585-1.png,0,0,False,False,True
test/videos/2017-10-17_1-39-36/2017-10-17_1-39-36.mp4-bee_id_5211-48600-1.png,0,3,False,False,True
test/videos/2017-10-17_1-39-36/2017-10-17_1-39-36.mp4-bee_id_5212-48615-1.png,0,0,False,False,True
test/videos/2017-10-17_1-39-36/2017-10-17_1-39-36.mp4-bee_id_5213-48615-1.png,0,0,False,False,True
test/videos/2017-10-17_1-39-36/2017-10-17_1-39-36.mp4-bee_id_5214-48630-1.png,1,1,True,False,True
test/videos/2017-10-17_1-39-36/2017-10-17_1-39-36.mp4-bee_id_5215-48645-1.png,0,1,False,False,True
test/videos/2017-10-17_1-39-36/2017-10-17_1-39-36.mp4-bee_id_5217-48660-1.png,0,0,False,False,True
test/videos/2017-10-17_1-39-36/2017-10-17_1-39-36.mp4-bee_id_5218-48675-1.png,0,1,False,False,True
test/videos/2017-10-17_1-39-36/2017-10-17_1-39-36.mp4-bee_id_5219-48690-1.png,0,1,False,False,True
test/videos/2017-10-17_1-39-36/2017-10-17_1-39-36.mp4-bee_id_5220-48720-1.png,0,1,False,False,True
test/videos/2017-10-17_1-39-36/2017-10-17_1-39-36.mp4-bee_id_5222-48825-1.png,0,2,False,False,True
test/videos/2017-10-17_1-39-36/2017-10-17_1-39-36.mp4-bee_id_5223-48825-1.png,0,1,False,False,True
test/videos/2017-10-17_1-39-36/2017-10-17_1-39-36.mp4-bee_id_5224-48840-1.png,0,0,False,False,True
test/videos/2017-10-17_1-39-36/2017-10-17_1-39-36.mp4-bee_id_5225-48840-1.png,1,0,True,False,True
test/videos/2017-10-17_1-39-36/2017-10-17_1-39-36.mp4-bee_id_5230-48975-1.png,0,2,False,False,True
test/videos/2017-10-17_1-39-36/2017-10-17_1-39-36.mp4-bee_id_5231-49020-1.png,0,0,False,False,True
test/videos/2017-10-17_1-39-36/2017-10-17_1-39-36.mp4-bee_id_5232-49035-1.png,1,1,True,True,True
test/videos/2017-10-17_1-39-36/2017-10-17_1-39-36.mp4-bee_id_5233-49065-1.png,1,1,True,False,True
test/videos/2017-10-17_1-39-36/2017-10-17_1-39-36.mp4-bee_id_5234-49065-1.png,0,1,False,False,True
test/videos/2017-10-17_1-39-36/2017-10-17_1-39-36.mp4-bee_id_5235-49065-1.png,0,2,False,False,True
test/videos/2017-10-17_1-39-36/2017-10-17_1-39-36.mp4-bee_id_5236-49080-1.png,0,0,False,False,True
test/videos/2017-10-17_1-39-36/2017-10-17_1-39-36.mp4-bee_id_5237-49095-1.png,0,1,False,False,True
test/videos/2017-10-17_1-39-36/2017-10-17_1-39-36.mp4-bee_id_5238-49095-1.png,1,2,True,True,True
test/videos/2017-10-17_1-39-36/2017-10-17_1-39-36.mp4-bee_id_5240-49230-1.png,0,1,False,False,True
test/videos/2017-10-17_1-39-36/2017-10-17_1-39-36.mp4-bee_id_5241-49260-1.png,0,1,False,False,True
test/videos/2017-10-17_1-39-36/2017-10-17_1-39-36.mp4-bee_id_5242-49260-1.png,1,2,True,False,True
test/videos/2017-10-17_1-39-36/2017-10-17_1-39-36.mp4-bee_id_5245-49305-1.png,1,0,True,False,True
test/videos/2017-10-17_1-39-36/2017-10-17_1-39-36.mp4-bee_id_5246-49320-1.png,1,0,True,False,True
test/videos/2017-10-17_1-39-36/2017-10-17_1-39-36.mp4-bee_id_5248-49350-1.png,0,0,False,False,True
test/videos/2017-10-17_1-39-36/2017-10-17_1-39-36.mp4-bee_id_5249-49365-1.png,0,0,False,False,True
test/videos/2017-10-17_1-39-36/2017-10-17_1-39-36.mp4-bee_id_5251-49425-1.png,1,0,True,False,True
test/videos/2017-10-17_1-39-36/2017-10-17_1-39-36.mp4-bee_id_5252-49440-1.png,1,0,True,False,True
test/videos/2017-10-17_1-39-36/2017-10-17_1-39-36.mp4-bee_id_5256-49530-1.png,0,0,False,False,True
test/videos/2017-10-17_1-39-36/2017-10-17_1-39-36.mp4-bee_id_5257-49545-1.png,0,0,False,False,True
test/videos/2017-10-17_1-39-36/2017-10-17_1-39-36.mp4-bee_id_5258-49560-1.png,0,1,False,False,True
test/videos/2017-10-17_1-39-36/2017-10-17_1-39-36.mp4-bee_id_5260-49620-1.png,0,1,False,False,True
test/videos/2017-10-17_1-39-36/2017-10-17_1-39-36.mp4-bee_id_5262-49665-1.png,0,0,False,False,True
test/videos/2017-10-17_1-39-36/2017-10-17_1-39-36.mp4-bee_id_5263-49755-1.png,0,0,False,False,True
test/videos/2017-10-17_1-39-36/2017-10-17_1-39-36.mp4-bee_id_5264-49755-1.png,0,1,False,False,True
test/videos/2017-10-17_1-39-36/2017-10-17_1-39-36.mp4-bee_id_5265-49785-1.png,0,1,False,False,True
test/videos/2017-10-17_1-39-36/2017-10-17_1-39-36.mp4-bee_id_5266-49785-1.png,0,1,False,False,True
test/videos/2017-10-17_1-39-36/2017-10-17_1-39-36.mp4-bee_id_5267-49785-1.png,0,0,False,False,True
test/videos/2017-10-17_1-39-36/2017-10-17_1-39-36.mp4-bee_id_5268-49830-1.png,0,1,False,False,True
test/videos/2017-10-17_1-39-36/2017-10-17_1-39-36.mp4-bee_id_5269-49875-1.png,0,1,False,False,True
test/videos/2017-10-17_1-39-36/2017-10-17_1-39-36.mp4-bee_id_5270-49920-1.png,0,2,False,False,True
test/videos/2017-10-17_1-39-36/2017-10-17_1-39-36.mp4-bee_id_5272-50055-1.png,0,0,False,False,True
test/videos/2017-10-17_1-39-36/2017-10-17_1-39-36.mp4-bee_id_5273-50100-1.png,0,0,False,False,True
test/videos/2017-10-17_1-39-36/2017-10-17_1-39-36.mp4-bee_id_5274-50160-1.png,0,0,False,False,True
test/videos/2017-10-17_1-39-36/2017-10-17_1-39-36.mp4-bee_id_5275-50160-1.png,0,0,False,False,True
test/videos/2017-10-17_1-39-36/2017-10-17_1-39-36.mp4-bee_id_5276-50175-1.png,0,0,False,False,True
test/videos/2017-10-17_1-39-36/2017-10-17_1-39-36.mp4-bee_id_5277-50205-1.png,0,0,False,False,True
test/videos/2017-10-17_1-39-36/2017-10-17_1-39-36.mp4-bee_id_5279-50280-1.png,0,1,False,False,True
test/videos/2017-10-17_1-39-36/2017-10-17_1-39-36.mp4-bee_id_5280-50295-1.png,1,2,True,True,True
test/videos/2017-10-17_1-39-36/2017-10-17_1-39-36.mp4-bee_id_5283-50310-1.png,0,0,False,False,True
test/videos/2017-10-17_1-39-36/2017-10-17_1-39-36.mp4-bee_id_5285-50370-1.png,0,0,False,False,True
test/videos/2017-10-17_1-39-36/2017-10-17_1-39-36.mp4-bee_id_5286-50385-1.png,0,1,False,False,True
test/videos/2017-10-17_1-39-36/2017-10-17_1-39-36.mp4-bee_id_5288-50400-1.png,0,2,False,False,True
test/videos/2017-10-17_1-39-36/2017-10-17_1-39-36.mp4-bee_id_5290-50415-1.png,0,1,False,False,True
test/videos/2017-10-17_1-39-36/2017-10-17_1-39-36.mp4-bee_id_5291-50460-1.png,1,3,True,True,True
test/videos/2017-10-17_1-39-36/2017-10-17_1-39-36.mp4-bee_id_5292-50460-1.png,0,0,False,False,True
test/videos/2017-10-17_1-39-36/2017-10-17_1-39-36.mp4-bee_id_5293-50460-1.png,0,0,False,False,True
test/videos/2017-10-17_1-39-36/2017-10-17_1-39-36.mp4-bee_id_5294-50490-1.png,0,1,False,False,True
test/videos/2017-10-17_1-39-36/2017-10-17_1-39-36.mp4-bee_id_5296-50520-1.png,0,0,False,False,True
test/videos/2017-10-17_1-39-36/2017-10-17_1-39-36.mp4-bee_id_5298-50625-1.png,0,1,False,False,True
test/videos/2017-10-17_1-39-36/2017-10-17_1-39-36.mp4-bee_id_5299-50625-1.png,0,1,False,False,True
test/videos/2017-10-17_1-39-36/2017-10-17_1-39-36.mp4-bee_id_5301-50760-1.png,0,0,False,False,True
test/videos/2017-10-17_1-39-36/2017-10-17_1-39-36.mp4-bee_id_5302-50790-1.png,0,0,False,False,True
test/videos/2017-10-17_1-39-36/2017-10-17_1-39-36.mp4-bee_id_5303-50835-1.png,0,0,False,False,True
test/videos/2017-10-17_1-39-36/2017-10-17_1-39-36.mp4-bee_id_5304-50850-1.png,0,0,False,False,True
test/videos/2017-10-17_1-39-36/2017-10-17_1-39-36.mp4-bee_id_5305-50850-1.png,0,1,False,False,True
test/videos/2017-10-17_1-39-36/2017-10-17_1-39-36.mp4-bee_id_5306-50865-1.png,1,0,True,False,True
test/videos/2017-10-17_1-39-36/2017-10-17_1-39-36.mp4-bee_id_5307-50895-1.png,0,1,False,False,True
test/videos/2017-10-17_1-39-36/2017-10-17_1-39-36.mp4-bee_id_5308-50985-1.png,0,2,False,False,True
test/videos/2017-10-17_1-39-36/2017-10-17_1-39-36.mp4-bee_id_5309-51015-1.png,0,0,False,False,True
test/videos/2017-10-17_1-39-36/2017-10-17_1-39-36.mp4-bee_id_5311-51045-1.png,0,1,False,False,True
test/videos/2017-10-17_1-39-36/2017-10-17_1-39-36.mp4-bee_id_5312-51060-1.png,0,0,False,False,True
test/videos/2017-10-17_1-39-36/2017-10-17_1-39-36.mp4-bee_id_5314-51075-1.png,0,0,False,False,True
test/videos/2017-10-17_1-39-36/2017-10-17_1-39-36.mp4-bee_id_5315-51075-1.png,0,0,False,False,True
test/videos/2017-10-17_1-39-36/2017-10-17_1-39-36.mp4-bee_id_5317-51135-1.png,0,0,False,False,True
test/videos/2017-10-17_1-39-36/2017-10-17_1-39-36.mp4-bee_id_5318-51210-1.png,0,0,False,False,True
test/videos/2017-10-17_1-39-36/2017-10-17_1-39-36.mp4-bee_id_5320-51225-1.png,0,1,False,False,True
test/videos/2017-10-17_1-39-36/2017-10-17_1-39-36.mp4-bee_id_5321-51285-1.png,0,1,False,False,True
test/videos/2017-10-17_1-39-36/2017-10-17_1-39-36.mp4-bee_id_5322-51285-1.png,1,1,True,False,True
test/videos/2017-10-17_1-39-36/2017-10-17_1-39-36.mp4-bee_id_5326-51420-1.png,0,0,False,False,True
test/videos/2017-10-17_1-39-36/2017-10-17_1-39-36.mp4-bee_id_5327-51435-1.png,0,0,False,False,True
test/videos/2017-10-17_1-39-36/2017-10-17_1-39-36.mp4-bee_id_5331-51525-1.png,0,0,False,False,True
test/videos/2017-10-17_1-39-36/2017-10-17_1-39-36.mp4-bee_id_5332-51555-1.png,1,0,True,False,True
test/videos/2017-10-17_1-39-36/2017-10-17_1-39-36.mp4-bee_id_5333-51555-1.png,0,0,False,False,True
test/videos/2017-10-17_1-39-36/2017-10-17_1-39-36.mp4-bee_id_5334-51555-1.png,0,0,False,False,True
test/videos/2017-10-17_1-39-36/2017-10-17_1-39-36.mp4-bee_id_5335-51555-1.png,0,0,False,False,True
test/videos/2017-10-17_1-39-36/2017-10-17_1-39-36.mp4-bee_id_5336-51600-1.png,0,0,False,False,True
test/videos/2017-10-17_1-39-36/2017-10-17_1-39-36.mp4-bee_id_5337-51615-1.png,0,1,False,False,True
test/videos/2017-10-17_1-39-36/2017-10-17_1-39-36.mp4-bee_id_5339-51630-1.png,0,0,False,False,True
test/videos/2017-10-17_1-39-36/2017-10-17_1-39-36.mp4-bee_id_5340-51675-1.png,0,2,False,False,True
test/videos/2017-10-17_1-39-36/2017-10-17_1-39-36.mp4-bee_id_5341-51720-1.png,1,2,True,True,True
test/videos/2017-10-17_1-39-36/2017-10-17_1-39-36.mp4-bee_id_5342-51735-1.png,0,1,False,False,True
test/videos/2017-10-17_1-39-36/2017-10-17_1-39-36.mp4-bee_id_5343-51810-1.png,0,1,False,False,True
test/videos/2017-10-17_1-39-36/2017-10-17_1-39-36.mp4-bee_id_5344-51810-1.png,0,1,False,False,True
test/videos/2017-10-17_1-39-36/2017-10-17_1-39-36.mp4-bee_id_5345-51825-1.png,0,2,False,False,True
test/videos/2017-10-17_1-39-36/2017-10-17_1-39-36.mp4-bee_id_5346-51825-1.png,0,1,False,False,True
test/videos/2017-10-17_1-39-36/2017-10-17_1-39-36.mp4-bee_id_5348-51855-1.png,0,0,False,False,True
test/videos/2017-10-17_1-39-36/2017-10-17_1-39-36.mp4-bee_id_5350-51900-1.png,0,1,False,False,True
test/videos/2017-10-17_1-39-36/2017-10-17_1-39-36.mp4-bee_id_5351-51915-1.png,0,2,False,False,True
test/videos/2017-10-17_1-39-36/2017-10-17_1-39-36.mp4-bee_id_5352-51945-1.png,0,2,False,False,True
test/videos/2017-10-17_1-39-36/2017-10-17_1-39-36.mp4-bee_id_5353-51990-1.png,0,1,False,False,True
test/videos/2017-10-17_1-39-36/2017-10-17_1-39-36.mp4-bee_id_5354-51990-1.png,0,0,False,False,True
test/videos/2017-10-17_1-39-36/2017-10-17_1-39-36.mp4-bee_id_5355-52005-1.png,0,2,False,False,True
test/videos/2017-10-17_1-39-36/2017-10-17_1-39-36.mp4-bee_id_5356-52080-1.png,0,0,False,False,True
test/videos/2017-10-17_1-39-36/2017-10-17_1-39-36.mp4-bee_id_5357-52095-1.png,0,0,False,False,True
test/videos/2017-10-17_1-39-36/2017-10-17_1-39-36.mp4-bee_id_5358-52095-1.png,0,1,False,False,True
test/videos/2017-10-17_1-39-36/2017-10-17_1-39-36.mp4-bee_id_5360-52125-1.png,0,0,False,False,True
test/videos/2017-10-17_1-39-36/2017-10-17_1-39-36.mp4-bee_id_5362-52200-1.png,0,2,False,False,True
test/videos/2017-10-17_1-39-36/2017-10-17_1-39-36.mp4-bee_id_5364-52245-1.png,0,2,False,False,True
test/videos/2017-10-17_1-39-36/2017-10-17_1-39-36.mp4-bee_id_5367-52335-1.png,0,1,False,False,True
test/videos/2017-10-17_1-39-36/2017-10-17_1-39-36.mp4-bee_id_5368-52350-1.png,0,1,False,False,True
test/videos/2017-10-17_1-39-36/2017-10-17_1-39-36.mp4-bee_id_5369-52410-1.png,0,1,False,False,True
test/videos/2017-10-17_1-39-36/2017-10-17_1-39-36.mp4-bee_id_5370-52410-1.png,0,0,False,False,True
test/videos/2017-10-17_1-39-36/2017-10-17_1-39-36.mp4-bee_id_5371-52455-1.png,0,1,False,False,True
test/videos/2017-10-17_1-39-36/2017-10-17_1-39-36.mp4-bee_id_5372-52455-1.png,0,0,False,False,True
test/videos/2017-10-17_1-39-36/2017-10-17_1-39-36.mp4-bee_id_5373-52485-1.png,0,0,False,False,True
test/videos/2017-10-17_1-39-36/2017-10-17_1-39-36.mp4-bee_id_5374-52530-1.png,0,0,False,False,True
test/videos/2017-10-17_1-39-36/2017-10-17_1-39-36.mp4-bee_id_5376-52605-1.png,1,1,True,True,True
test/videos/2017-10-17_1-39-36/2017-10-17_1-39-36.mp4-bee_id_5378-52605-1.png,0,1,False,False,True
test/videos/2017-10-17_1-39-36/2017-10-17_1-39-36.mp4-bee_id_5379-52620-1.png,1,1,True,True,True
test/videos/2017-10-17_1-39-36/2017-10-17_1-39-36.mp4-bee_id_5380-52635-1.png,0,0,False,False,True
test/videos/2017-10-17_1-39-36/2017-10-17_1-39-36.mp4-bee_id_5381-52635-1.png,0,1,False,False,True
test/videos/2017-10-17_1-39-36/2017-10-17_1-39-36.mp4-bee_id_5382-52650-1.png,0,2,False,False,True
test/videos/2017-10-17_1-39-36/2017-10-17_1-39-36.mp4-bee_id_5383-52695-1.png,0,2,False,False,True
test/videos/2017-10-17_1-39-36/2017-10-17_1-39-36.mp4-bee_id_5385-52740-1.png,0,0,False,False,True
test/videos/2017-10-17_1-39-36/2017-10-17_1-39-36.mp4-bee_id_5387-52800-1.png,0,1,False,False,True
test/videos/2017-10-17_1-39-36/2017-10-17_1-39-36.mp4-bee_id_5388-52800-1.png,0,1,False,False,True
test/videos/2017-10-17_1-39-36/2017-10-17_1-39-36.mp4-bee_id_5391-52860-1.png,0,1,False,False,True
test/videos/2017-10-17_1-39-36/2017-10-17_1-39-36.mp4-bee_id_5392-52890-1.png,0,0,False,False,True
test/videos/2017-10-17_1-39-36/2017-10-17_1-39-36.mp4-bee_id_5393-52935-1.png,1,1,True,False,True
test/videos/2017-10-17_1-39-36/2017-10-17_1-39-36.mp4-bee_id_5394-52950-1.png,0,1,False,False,True
test/videos/2017-10-17_1-39-36/2017-10-17_1-39-36.mp4-bee_id_5395-52965-1.png,0,1,False,False,True
test/videos/2017-10-17_1-39-36/2017-10-17_1-39-36.mp4-bee_id_5396-52995-1.png,0,3,False,False,True
test/videos/2017-10-17_1-39-36/2017-10-17_1-39-36.mp4-bee_id_5398-53010-1.png,0,0,False,False,True
test/videos/2017-10-17_1-39-36/2017-10-17_1-39-36.mp4-bee_id_5399-53025-1.png,0,0,False,False,True
test/videos/2017-10-17_1-39-36/2017-10-17_1-39-36.mp4-bee_id_5400-53040-1.png,0,0,False,False,True
test/videos/2017-10-17_1-39-36/2017-10-17_1-39-36.mp4-bee_id_5401-53040-1.png,0,0,False,False,True
test/videos/2017-10-17_1-39-36/2017-10-17_1-39-36.mp4-bee_id_5403-53055-1.png,0,0,False,False,True
test/videos/2017-10-17_1-39-36/2017-10-17_1-39-36.mp4-bee_id_5404-53100-1.png,0,0,False,False,True
test/videos/2017-10-17_1-39-36/2017-10-17_1-39-36.mp4-bee_id_5405-53115-1.png,0,0,False,False,True
test/videos/2017-10-17_1-39-36/2017-10-17_1-39-36.mp4-bee_id_5407-53220-1.png,0,0,False,False,True
test/videos/2017-10-17_1-39-36/2017-10-17_1-39-36.mp4-bee_id_5408-53265-1.png,0,2,False,False,True
test/videos/2017-10-17_1-39-36/2017-10-17_1-39-36.mp4-bee_id_5409-53280-1.png,0,2,False,False,True
test/videos/2017-10-17_1-39-36/2017-10-17_1-39-36.mp4-bee_id_5410-53355-1.png,0,0,False,False,True
test/videos/2017-10-17_1-39-36/2017-10-17_1-39-36.mp4-bee_id_5416-53400-1.png,0,0,False,False,True
test/videos/2017-10-17_1-39-36/2017-10-17_1-39-36.mp4-bee_id_5417-53460-1.png,0,0,False,False,True
test/videos/2017-10-17_1-39-36/2017-10-17_1-39-36.mp4-bee_id_5418-53520-1.png,0,1,False,False,True
test/videos/2017-10-17_1-39-36/2017-10-17_1-39-36.mp4-bee_id_5419-53595-1.png,0,0,False,False,True
test/videos/2017-10-17_1-39-36/2017-10-17_1-39-36.mp4-bee_id_5420-53610-1.png,0,1,False,False,True
test/videos/2017-10-17_1-39-36/2017-10-17_1-39-36.mp4-bee_id_5423-53655-1.png,0,1,False,False,True
test/videos/2017-10-17_1-39-36/2017-10-17_1-39-36.mp4-bee_id_5424-53700-1.png,0,0,False,False,True
test/videos/2017-10-17_1-39-36/2017-10-17_1-39-36.mp4-bee_id_5426-53730-1.png,0,0,False,False,True
test/videos/2017-10-17_1-39-36/2017-10-17_1-39-36.mp4-bee_id_5427-53730-1.png,0,2,False,False,True
test/videos/2017-10-17_1-39-36/2017-10-17_1-39-36.mp4-bee_id_5429-53745-1.png,1,1,True,False,True
test/videos/2017-10-17_1-39-36/2017-10-17_1-39-36.mp4-bee_id_5430-53745-1.png,0,0,False,False,True
test/videos/2017-10-17_1-39-36/2017-10-17_1-39-36.mp4-bee_id_5431-53745-1.png,0,0,False,False,True
test/videos/2017-10-17_1-39-36/2017-10-17_1-39-36.mp4-bee_id_5433-53790-1.png,0,1,False,False,True
test/videos/2017-10-17_1-39-36/2017-10-17_1-39-36.mp4-bee_id_5434-53820-1.png,0,3,False,False,True
test/videos/2017-10-17_1-39-36/2017-10-17_1-39-36.mp4-bee_id_5435-53850-1.png,0,1,False,False,True
test/videos/2017-10-17_1-39-36/2017-10-17_1-39-36.mp4-bee_id_5437-53865-1.png,0,1,False,False,True
test/videos/2017-10-17_1-39-36/2017-10-17_1-39-36.mp4-bee_id_5438-53970-1.png,1,0,True,False,True
test/videos/2017-10-17_1-39-36/2017-10-17_1-39-36.mp4-bee_id_5439-54030-1.png,0,0,False,False,True
test/videos/2017-10-17_1-39-36/2017-10-17_1-39-36.mp4-bee_id_5440-54030-1.png,0,0,False,False,True
test/videos/2017-10-17_1-39-36/2017-10-17_1-39-36.mp4-bee_id_5442-54045-1.png,0,0,False,False,True
test/videos/2017-10-17_1-39-36/2017-10-17_1-39-36.mp4-bee_id_5443-54060-1.png,0,0,False,False,True
test/videos/2017-10-17_1-39-36/2017-10-17_1-39-36.mp4-bee_id_5444-54120-1.png,0,1,False,False,True
test/videos/2017-10-17_1-39-36/2017-10-17_1-39-36.mp4-bee_id_5448-54165-1.png,0,1,False,False,True
test/videos/2017-10-17_1-39-36/2017-10-17_1-39-36.mp4-bee_id_5450-54195-1.png,0,0,False,False,True
test/videos/2017-10-17_1-39-36/2017-10-17_1-39-36.mp4-bee_id_5452-54225-1.png,0,0,False,False,True
test/videos/2017-10-17_1-39-36/2017-10-17_1-39-36.mp4-bee_id_5453-54300-1.png,0,1,False,False,True
test/videos/2017-10-17_1-39-36/2017-10-17_1-39-36.mp4-bee_id_5454-54330-1.png,0,1,False,False,True
test/videos/2017-10-17_1-39-36/2017-10-17_1-39-36.mp4-bee_id_5455-54330-1.png,0,2,False,False,True
test/videos/2017-10-17_1-39-36/2017-10-17_1-39-36.mp4-bee_id_5456-54360-1.png,0,2,False,False,True
test/videos/2017-10-17_1-39-36/2017-10-17_1-39-36.mp4-bee_id_5457-54405-1.png,0,1,False,False,True
test/videos/2017-10-17_1-39-36/2017-10-17_1-39-36.mp4-bee_id_5458-54435-1.png,0,2,False,False,True
test/videos/2017-10-17_1-39-36/2017-10-17_1-39-36.mp4-bee_id_5459-54450-1.png,0,1,False,False,True
test/videos/2017-10-17_1-39-36/2017-10-17_1-39-36.mp4-bee_id_5460-54480-1.png,0,1,False,False,True
test/videos/2017-10-17_1-39-36/2017-10-17_1-39-36.mp4-bee_id_5461-54525-1.png,0,0,False,False,True
test/videos/2017-10-17_1-39-36/2017-10-17_1-39-36.mp4-bee_id_5463-54540-1.png,0,1,False,False,True
test/videos/2017-10-17_1-39-36/2017-10-17_1-39-36.mp4-bee_id_5464-54555-1.png,1,1,True,False,True
test/videos/2017-10-17_1-39-36/2017-10-17_1-39-36.mp4-bee_id_5465-54570-1.png,1,1,True,True,True
test/videos/2017-10-17_1-39-36/2017-10-17_1-39-36.mp4-bee_id_5467-54645-1.png,1,0,True,False,True
test/videos/2017-10-17_1-39-36/2017-10-17_1-39-36.mp4-bee_id_5470-54795-1.png,0,2,False,False,True
test/videos/2017-10-17_1-39-36/2017-10-17_1-39-36.mp4-bee_id_5472-54810-1.png,0,1,False,False,True
test/videos/2017-10-17_1-39-36/2017-10-17_1-39-36.mp4-bee_id_5473-54855-1.png,1,2,True,True,True
test/videos/2017-10-17_1-39-36/2017-10-17_1-39-36.mp4-bee_id_5474-54855-1.png,0,0,False,False,True
test/videos/2017-10-17_1-39-36/2017-10-17_1-39-36.mp4-bee_id_5476-54945-1.png,0,0,False,False,True
test/videos/2017-10-17_1-39-36/2017-10-17_1-39-36.mp4-bee_id_5477-54945-1.png,0,0,False,False,True
test/videos/2017-10-17_1-39-36/2017-10-17_1-39-36.mp4-bee_id_5478-54990-1.png,0,0,False,False,True
test/videos/2017-10-17_1-39-36/2017-10-17_1-39-36.mp4-bee_id_5480-55080-1.png,0,0,False,False,True
test/videos/2017-10-17_1-39-36/2017-10-17_1-39-36.mp4-bee_id_5481-55095-1.png,0,0,False,False,True
test/videos/2017-10-17_1-39-36/2017-10-17_1-39-36.mp4-bee_id_5482-55095-1.png,0,1,False,False,True
test/videos/2017-10-17_1-39-36/2017-10-17_1-39-36.mp4-bee_id_5484-55140-1.png,0,1,False,False,True
test/videos/2017-10-17_1-39-36/2017-10-17_1-39-36.mp4-bee_id_5485-55140-1.png,0,1,False,False,True
test/videos/2017-10-17_1-39-36/2017-10-17_1-39-36.mp4-bee_id_5487-55200-1.png,0,0,False,False,True
test/videos/2017-10-17_1-39-36/2017-10-17_1-39-36.mp4-bee_id_5488-55200-1.png,1,2,True,False,True
test/videos/2017-10-17_1-39-36/2017-10-17_1-39-36.mp4-bee_id_5489-55215-1.png,0,2,False,False,True
test/videos/2017-10-17_1-39-36/2017-10-17_1-39-36.mp4-bee_id_5490-55215-1.png,0,0,False,False,True
test/videos/2017-10-17_1-39-36/2017-10-17_1-39-36.mp4-bee_id_5491-55320-1.png,0,1,False,False,True
test/videos/2017-10-17_1-39-36/2017-10-17_1-39-36.mp4-bee_id_5492-55350-1.png,0,1,False,False,True
test/videos/2017-10-17_1-39-36/2017-10-17_1-39-36.mp4-bee_id_5493-55395-1.png,0,0,False,False,True
test/videos/2017-10-17_1-39-36/2017-10-17_1-39-36.mp4-bee_id_5494-55395-1.png,0,0,False,False,True
test/videos/2017-10-17_1-39-36/2017-10-17_1-39-36.mp4-bee_id_5495-55425-1.png,0,0,False,False,True
test/videos/2017-10-17_1-39-36/2017-10-17_1-39-36.mp4-bee_id_5497-55455-1.png,1,0,True,False,True
test/videos/2017-10-17_1-39-36/2017-10-17_1-39-36.mp4-bee_id_5498-55500-1.png,0,1,False,False,True
test/videos/2017-10-17_1-39-36/2017-10-17_1-39-36.mp4-bee_id_5499-55545-1.png,0,1,False,False,True
test/videos/2017-10-17_1-39-36/2017-10-17_1-39-36.mp4-bee_id_5500-55590-1.png,0,0,False,False,True
test/videos/2017-10-17_1-39-36/2017-10-17_1-39-36.mp4-bee_id_5501-55605-1.png,0,1,False,False,True
test/videos/2017-10-17_1-39-36/2017-10-17_1-39-36.mp4-bee_id_5502-55635-1.png,0,0,False,False,True
test/videos/2017-10-17_1-39-36/2017-10-17_1-39-36.mp4-bee_id_5503-55635-1.png,1,2,True,False,True
test/videos/2017-10-17_1-39-36/2017-10-17_1-39-36.mp4-bee_id_5504-55650-1.png,0,0,False,False,True
test/videos/2017-10-17_1-39-36/2017-10-17_1-39-36.mp4-bee_id_5505-55650-1.png,0,2,False,False,True
test/videos/2017-10-17_1-39-36/2017-10-17_1-39-36.mp4-bee_id_5506-55665-1.png,0,1,False,False,True
test/videos/2017-10-17_1-39-36/2017-10-17_1-39-36.mp4-bee_id_5507-55695-1.png,0,0,False,False,True
test/videos/2017-10-17_1-39-36/2017-10-17_1-39-36.mp4-bee_id_5508-55725-1.png,0,0,False,False,True
test/videos/2017-10-17_1-39-36/2017-10-17_1-39-36.mp4-bee_id_5511-55800-1.png,0,2,False,False,True
test/videos/2017-10-17_1-39-36/2017-10-17_1-39-36.mp4-bee_id_5512-55800-1.png,0,1,False,False,True
test/videos/2017-10-17_1-39-36/2017-10-17_1-39-36.mp4-bee_id_5513-55845-1.png,0,1,False,False,True
test/videos/2017-10-17_1-39-36/2017-10-17_1-39-36.mp4-bee_id_5514-55875-1.png,1,1,True,False,True
test/videos/2017-10-17_1-39-36/2017-10-17_1-39-36.mp4-bee_id_5517-55950-1.png,1,0,True,False,True
test/videos/2017-10-17_1-39-36/2017-10-17_1-39-36.mp4-bee_id_5519-56025-1.png,0,2,False,False,True
test/videos/2017-10-17_1-39-36/2017-10-17_1-39-36.mp4-bee_id_5520-56085-1.png,0,1,False,False,True
test/videos/2017-10-17_1-39-36/2017-10-17_1-39-36.mp4-bee_id_5521-56100-1.png,0,1,False,False,True
test/videos/2017-10-17_1-39-36/2017-10-17_1-39-36.mp4-bee_id_5522-56115-1.png,0,0,False,False,True
test/videos/2017-10-17_1-39-36/2017-10-17_1-39-36.mp4-bee_id_5528-56325-1.png,0,1,False,False,True
test/videos/2017-10-17_1-39-36/2017-10-17_1-39-36.mp4-bee_id_5529-56340-1.png,0,0,False,False,True
test/videos/2017-10-17_1-39-36/2017-10-17_1-39-36.mp4-bee_id_5532-56355-1.png,0,0,False,False,True
test/videos/2017-10-17_1-39-36/2017-10-17_1-39-36.mp4-bee_id_5533-56415-1.png,0,0,False,False,True
test/videos/2017-10-17_1-39-36/2017-10-17_1-39-36.mp4-bee_id_5534-56430-1.png,0,2,False,False,True
test/videos/2017-10-17_1-39-36/2017-10-17_1-39-36.mp4-bee_id_5536-56580-1.png,0,1,False,False,True
test/videos/2017-10-17_1-39-36/2017-10-17_1-39-36.mp4-bee_id_5537-56610-1.png,0,0,False,False,True
test/videos/2017-10-17_1-39-36/2017-10-17_1-39-36.mp4-bee_id_5539-56625-1.png,1,4,True,False,True
test/videos/2017-10-17_1-39-36/2017-10-17_1-39-36.mp4-bee_id_5540-56640-1.png,0,0,False,False,True
test/videos/2017-10-17_1-39-36/2017-10-17_1-39-36.mp4-bee_id_5541-56700-1.png,0,1,False,False,True
test/videos/2017-10-17_1-39-36/2017-10-17_1-39-36.mp4-bee_id_5542-56700-1.png,0,0,False,False,True
test/videos/2017-10-17_1-39-36/2017-10-17_1-39-36.mp4-bee_id_5545-56790-1.png,0,1,False,False,True
test/videos/2017-10-17_1-39-36/2017-10-17_1-39-36.mp4-bee_id_5546-56820-1.png,0,0,False,False,True
test/videos/2017-10-17_1-39-36/2017-10-17_1-39-36.mp4-bee_id_5547-56835-1.png,0,0,False,False,True
test/videos/2017-10-17_1-39-36/2017-10-17_1-39-36.mp4-bee_id_5548-56850-1.png,0,0,False,False,True
test/videos/2017-10-17_1-39-36/2017-10-17_1-39-36.mp4-bee_id_5549-56865-1.png,0,0,False,False,True
test/videos/2017-10-17_1-39-36/2017-10-17_1-39-36.mp4-bee_id_5550-56895-1.png,0,1,False,False,True
test/videos/2017-10-17_1-39-36/2017-10-17_1-39-36.mp4-bee_id_5551-56925-1.png,0,0,False,False,True
test/videos/2017-10-17_1-39-36/2017-10-17_1-39-36.mp4-bee_id_5552-57030-1.png,0,1,False,False,True
test/videos/2017-10-17_1-39-36/2017-10-17_1-39-36.mp4-bee_id_5553-57060-1.png,0,0,False,False,True
test/videos/2017-10-17_1-39-36/2017-10-17_1-39-36.mp4-bee_id_5558-57255-1.png,0,2,False,False,True
test/videos/2017-10-17_1-39-36/2017-10-17_1-39-36.mp4-bee_id_5559-57330-1.png,0,0,False,False,True
test/videos/2017-10-17_1-39-36/2017-10-17_1-39-36.mp4-bee_id_5560-57330-1.png,0,3,False,False,True
test/videos/2017-10-17_1-39-36/2017-10-17_1-39-36.mp4-bee_id_5561-57450-1.png,0,2,False,False,True
test/videos/2017-10-17_1-39-36/2017-10-17_1-39-36.mp4-bee_id_5562-57465-1.png,0,0,False,False,True
test/videos/2017-10-17_1-39-36/2017-10-17_1-39-36.mp4-bee_id_5563-57480-1.png,0,2,False,False,True
test/videos/2017-10-17_1-39-36/2017-10-17_1-39-36.mp4-bee_id_5564-57480-1.png,0,1,False,False,True
test/videos/2017-10-17_1-39-36/2017-10-17_1-39-36.mp4-bee_id_5565-57540-1.png,0,1,False,False,True
test/videos/2017-10-17_1-39-36/2017-10-17_1-39-36.mp4-bee_id_5566-57555-1.png,0,2,False,False,True
test/videos/2017-10-17_1-39-36/2017-10-17_1-39-36.mp4-bee_id_5567-57555-1.png,0,0,False,False,True
test/videos/2017-10-17_1-39-36/2017-10-17_1-39-36.mp4-bee_id_5569-57570-1.png,0,2,False,False,True
test/videos/2017-10-17_1-39-36/2017-10-17_1-39-36.mp4-bee_id_5570-57615-1.png,0,1,False,False,True
test/videos/2017-10-17_1-39-36/2017-10-17_1-39-36.mp4-bee_id_5571-57630-1.png,0,0,False,False,True
test/videos/2017-10-17_1-39-36/2017-10-17_1-39-36.mp4-bee_id_5572-57630-1.png,0,0,False,False,True
test/videos/2017-10-17_1-39-36/2017-10-17_1-39-36.mp4-bee_id_5573-57660-1.png,0,0,False,False,True
test/videos/2017-10-17_1-39-36/2017-10-17_1-39-36.mp4-bee_id_5575-57765-1.png,0,1,False,False,True
test/videos/2017-10-17_1-39-36/2017-10-17_1-39-36.mp4-bee_id_5576-57780-1.png,0,0,False,False,True
test/videos/2017-10-17_1-39-36/2017-10-17_1-39-36.mp4-bee_id_5577-57810-1.png,0,2,False,False,True
test/videos/2017-10-17_1-39-36/2017-10-17_1-39-36.mp4-bee_id_5578-57825-1.png,0,2,False,False,True
test/videos/2017-10-17_1-39-36/2017-10-17_1-39-36.mp4-bee_id_5579-57840-1.png,0,0,False,False,True
test/videos/2017-10-17_1-39-36/2017-10-17_1-39-36.mp4-bee_id_5580-57885-1.png,1,2,True,True,True
test/videos/2017-10-17_1-39-36/2017-10-17_1-39-36.mp4-bee_id_5581-57960-1.png,0,2,False,False,True
test/videos/2017-10-17_1-39-36/2017-10-17_1-39-36.mp4-bee_id_5582-57990-1.png,0,0,False,False,True
test/videos/2017-10-17_1-39-36/2017-10-17_1-39-36.mp4-bee_id_5585-58035-1.png,0,0,False,False,True
test/videos/2017-10-17_1-39-36/2017-10-17_1-39-36.mp4-bee_id_5586-58095-1.png,0,0,False,False,True
test/videos/2017-10-17_1-39-36/2017-10-17_1-39-36.mp4-bee_id_5587-58125-1.png,0,0,False,False,True
test/videos/2017-10-17_1-39-36/2017-10-17_1-39-36.mp4-bee_id_5588-58125-1.png,0,1,False,False,True
test/videos/2017-10-17_1-39-36/2017-10-17_1-39-36.mp4-bee_id_5589-58140-1.png,1,2,True,True,True
test/videos/2017-10-17_1-39-36/2017-10-17_1-39-36.mp4-bee_id_5590-58155-1.png,0,0,False,False,True
test/videos/2017-10-17_1-39-36/2017-10-17_1-39-36.mp4-bee_id_5591-58230-1.png,0,0,False,False,True
test/videos/2017-10-17_1-39-36/2017-10-17_1-39-36.mp4-bee_id_5592-58290-1.png,0,1,False,False,True
test/videos/2017-10-17_1-39-36/2017-10-17_1-39-36.mp4-bee_id_5593-58365-1.png,0,0,False,False,True
test/videos/2017-10-17_1-39-36/2017-10-17_1-39-36.mp4-bee_id_5596-58425-1.png,0,0,False,False,True
test/videos/2017-10-17_1-39-36/2017-10-17_1-39-36.mp4-bee_id_5597-58440-1.png,0,2,False,False,True
test/videos/2017-10-17_1-39-36/2017-10-17_1-39-36.mp4-bee_id_5598-58470-1.png,0,0,False,False,True
test/videos/2017-10-17_1-39-36/2017-10-17_1-39-36.mp4-bee_id_5599-58470-1.png,0,0,False,False,True
test/videos/2017-10-17_1-39-36/2017-10-17_1-39-36.mp4-bee_id_5600-58485-1.png,0,0,False,False,True
test/videos/2017-10-17_1-39-36/2017-10-17_1-39-36.mp4-bee_id_5601-58485-1.png,0,1,False,False,True
test/videos/2017-10-17_1-39-36/2017-10-17_1-39-36.mp4-bee_id_5603-58515-1.png,0,0,False,False,True
test/videos/2017-10-17_1-39-36/2017-10-17_1-39-36.mp4-bee_id_5604-58560-1.png,0,0,False,False,True
test/videos/2017-10-17_1-39-36/2017-10-17_1-39-36.mp4-bee_id_5605-58575-1.png,0,1,False,False,True
test/videos/2017-10-17_1-39-36/2017-10-17_1-39-36.mp4-bee_id_5606-58605-1.png,0,0,False,False,True
test/videos/2017-10-17_1-39-36/2017-10-17_1-39-36.mp4-bee_id_5607-58620-1.png,0,0,False,False,True
test/videos/2017-10-17_1-39-36/2017-10-17_1-39-36.mp4-bee_id_5608-58620-1.png,0,0,False,False,True
test/videos/2017-10-17_1-39-36/2017-10-17_1-39-36.mp4-bee_id_5609-58635-1.png,0,0,False,False,True
test/videos/2017-10-17_1-39-36/2017-10-17_1-39-36.mp4-bee_id_5610-58650-1.png,0,2,False,False,True
test/videos/2017-10-17_1-39-36/2017-10-17_1-39-36.mp4-bee_id_5611-58695-1.png,0,0,False,False,True
test/videos/2017-10-17_1-39-36/2017-10-17_1-39-36.mp4-bee_id_5612-58710-1.png,0,0,False,False,True
test/videos/2017-10-17_1-39-36/2017-10-17_1-39-36.mp4-bee_id_5613-58770-1.png,0,1,False,False,True
test/videos/2017-10-17_1-39-36/2017-10-17_1-39-36.mp4-bee_id_5614-58785-1.png,0,2,False,False,True
test/videos/2017-10-17_1-39-36/2017-10-17_1-39-36.mp4-bee_id_5615-58785-1.png,0,0,False,False,True
test/videos/2017-10-17_1-39-36/2017-10-17_1-39-36.mp4-bee_id_5616-58785-1.png,0,1,False,False,True
test/videos/2017-10-17_1-39-36/2017-10-17_1-39-36.mp4-bee_id_5617-58830-1.png,0,2,False,False,True
test/videos/2017-10-17_1-39-36/2017-10-17_1-39-36.mp4-bee_id_5618-58860-1.png,0,0,False,False,True
test/videos/2017-10-17_1-39-36/2017-10-17_1-39-36.mp4-bee_id_5619-58860-1.png,0,0,False,False,True
test/videos/2017-10-17_1-39-36/2017-10-17_1-39-36.mp4-bee_id_5620-58860-1.png,0,0,False,False,True
test/videos/2017-10-17_1-39-36/2017-10-17_1-39-36.mp4-bee_id_5621-58890-1.png,0,1,False,False,True
test/videos/2017-10-17_1-39-36/2017-10-17_1-39-36.mp4-bee_id_5622-58905-1.png,0,1,False,False,True
test/videos/2017-10-17_1-39-36/2017-10-17_1-39-36.mp4-bee_id_5623-58920-1.png,0,1,False,False,True
test/videos/2017-10-17_1-39-36/2017-10-17_1-39-36.mp4-bee_id_5625-59010-1.png,0,1,False,False,True
test/videos/2017-10-17_1-39-36/2017-10-17_1-39-36.mp4-bee_id_5626-59025-1.png,0,2,False,False,True
test/videos/2017-10-17_1-39-36/2017-10-17_1-39-36.mp4-bee_id_5627-59025-1.png,0,0,False,False,True
test/videos/2017-10-17_1-39-36/2017-10-17_1-39-36.mp4-bee_id_5628-59025-1.png,0,0,False,False,True
test/videos/2017-10-17_1-39-36/2017-10-17_1-39-36.mp4-bee_id_5629-59070-1.png,0,1,False,False,True
test/videos/2017-10-17_1-39-36/2017-10-17_1-39-36.mp4-bee_id_5630-59070-1.png,0,1,False,False,True
test/videos/2017-10-17_1-39-36/2017-10-17_1-39-36.mp4-bee_id_5633-59145-1.png,0,0,False,False,True
test/videos/2017-10-17_1-39-36/2017-10-17_1-39-36.mp4-bee_id_5634-59160-1.png,0,0,False,False,True
test/videos/2017-10-17_1-39-36/2017-10-17_1-39-36.mp4-bee_id_5635-59190-1.png,0,0,False,False,True
test/videos/2017-10-17_1-39-36/2017-10-17_1-39-36.mp4-bee_id_5637-59340-1.png,0,0,False,False,True
test/videos/2017-10-17_1-39-36/2017-10-17_1-39-36.mp4-bee_id_5638-59370-1.png,0,2,False,False,True
test/videos/2017-10-17_1-39-36/2017-10-17_1-39-36.mp4-bee_id_5639-59370-1.png,0,0,False,False,True
test/videos/2017-10-17_1-39-36/2017-10-17_1-39-36.mp4-bee_id_5640-59370-1.png,0,1,False,False,True
test/videos/2017-10-17_1-39-36/2017-10-17_1-39-36.mp4-bee_id_5642-59475-1.png,0,1,False,False,True
test/videos/2017-10-17_1-39-36/2017-10-17_1-39-36.mp4-bee_id_5644-59520-1.png,0,0,False,False,True
test/videos/2017-10-17_1-39-36/2017-10-17_1-39-36.mp4-bee_id_5645-59580-1.png,0,0,False,False,True
test/videos/2017-10-17_1-39-36/2017-10-17_1-39-36.mp4-bee_id_5647-59715-1.png,1,1,True,False,True
test/videos/2017-10-17_1-39-36/2017-10-17_1-39-36.mp4-bee_id_5648-59745-1.png,0,0,False,False,True
test/videos/2017-10-17_1-39-36/2017-10-17_1-39-36.mp4-bee_id_5649-59805-1.png,0,0,False,False,True
test/videos/2017-10-17_1-39-36/2017-10-17_1-39-36.mp4-bee_id_5650-59835-1.png,0,1,False,False,True
test/videos/2017-10-17_1-39-36/2017-10-17_1-39-36.mp4-bee_id_5651-59850-1.png,0,0,False,False,True
test/videos/2017-10-17_1-39-36/2017-10-17_1-39-36.mp4-bee_id_5652-59865-1.png,0,0,False,False,True
test/videos/2017-10-17_1-39-36/2017-10-17_1-39-36.mp4-bee_id_5653-59880-1.png,0,2,False,False,True
test/videos/2017-10-17_1-39-36/2017-10-17_1-39-36.mp4-bee_id_5654-59895-1.png,0,0,False,False,True
test/videos/2017-10-17_1-39-36/2017-10-17_1-39-36.mp4-bee_id_5655-59910-1.png,0,0,False,False,True
test/videos/2017-10-17_1-39-36/2017-10-17_1-39-36.mp4-bee_id_5657-59925-1.png,0,1,False,False,True
test/videos/2017-10-17_1-39-36/2017-10-17_1-39-36.mp4-bee_id_5658-59955-1.png,0,0,False,False,True
test/videos/2017-10-17_1-39-36/2017-10-17_1-39-36.mp4-bee_id_5660-60000-1.png,0,0,False,False,True
test/videos/2017-10-17_1-39-36/2017-10-17_1-39-36.mp4-bee_id_5661-60045-1.png,0,1,False,False,True
test/videos/2017-10-17_1-39-36/2017-10-17_1-39-36.mp4-bee_id_5662-60075-1.png,0,2,False,False,True
test/videos/2017-10-17_1-39-36/2017-10-17_1-39-36.mp4-bee_id_5663-60090-1.png,0,0,False,False,True
test/videos/2017-10-17_1-39-36/2017-10-17_1-39-36.mp4-bee_id_5664-60090-1.png,0,0,False,False,True
test/videos/2017-10-17_1-39-36/2017-10-17_1-39-36.mp4-bee_id_5665-60135-1.png,1,2,True,True,True
test/videos/2017-10-17_1-39-36/2017-10-17_1-39-36.mp4-bee_id_5668-60165-1.png,0,0,False,False,True
test/videos/2017-10-17_1-39-36/2017-10-17_1-39-36.mp4-bee_id_5669-60180-1.png,0,0,False,False,True
test/videos/2017-10-17_1-39-36/2017-10-17_1-39-36.mp4-bee_id_5670-60195-1.png,0,2,False,False,True
test/videos/2017-10-17_1-39-36/2017-10-17_1-39-36.mp4-bee_id_5671-60240-1.png,0,0,False,False,True
test/videos/2017-10-17_1-39-36/2017-10-17_1-39-36.mp4-bee_id_5673-60255-1.png,0,0,False,False,True
test/videos/2017-10-17_1-39-36/2017-10-17_1-39-36.mp4-bee_id_5674-60300-1.png,0,0,False,False,True
test/videos/2017-10-17_1-39-36/2017-10-17_1-39-36.mp4-bee_id_5676-60330-1.png,0,1,False,False,True
test/videos/2017-10-17_1-39-36/2017-10-17_1-39-36.mp4-bee_id_5678-60345-1.png,0,1,False,False,True
test/videos/2017-10-17_1-39-36/2017-10-17_1-39-36.mp4-bee_id_5679-60360-1.png,0,2,False,False,True
test/videos/2017-10-17_1-39-36/2017-10-17_1-39-36.mp4-bee_id_5680-60375-1.png,0,0,False,False,True
test/videos/2017-10-17_1-39-36/2017-10-17_1-39-36.mp4-bee_id_5681-60405-1.png,0,2,False,False,True
test/videos/2017-10-17_1-39-36/2017-10-17_1-39-36.mp4-bee_id_5682-60420-1.png,0,0,False,False,True
test/videos/2017-10-17_1-39-36/2017-10-17_1-39-36.mp4-bee_id_5683-60450-1.png,0,0,False,False,True
test/videos/2017-10-17_1-39-36/2017-10-17_1-39-36.mp4-bee_id_5684-60510-1.png,1,1,True,True,True
test/videos/2017-10-17_1-39-36/2017-10-17_1-39-36.mp4-bee_id_5686-60645-1.png,0,1,False,False,True
test/videos/2017-10-17_1-39-36/2017-10-17_1-39-36.mp4-bee_id_5687-60690-1.png,0,0,False,False,True
test/videos/2017-10-17_1-39-36/2017-10-17_1-39-36.mp4-bee_id_5688-60690-1.png,0,1,False,False,True
test/videos/2017-10-17_1-39-36/2017-10-17_1-39-36.mp4-bee_id_5690-60705-1.png,0,0,False,False,True
test/videos/2017-10-17_1-39-36/2017-10-17_1-39-36.mp4-bee_id_5691-60735-1.png,0,0,False,False,True
test/videos/2017-10-17_1-39-36/2017-10-17_1-39-36.mp4-bee_id_5692-60735-1.png,0,0,False,False,True
test/videos/2017-10-17_1-39-36/2017-10-17_1-39-36.mp4-bee_id_5694-60780-1.png,0,2,False,False,True
test/videos/2017-10-17_1-39-36/2017-10-17_1-39-36.mp4-bee_id_5695-60795-1.png,0,2,False,False,True
test/videos/2017-10-17_1-39-36/2017-10-17_1-39-36.mp4-bee_id_5696-60810-1.png,0,0,False,False,True
test/videos/2017-10-17_1-39-36/2017-10-17_1-39-36.mp4-bee_id_5697-60810-1.png,0,1,False,False,True
test/videos/2017-10-17_1-39-36/2017-10-17_1-39-36.mp4-bee_id_5698-60825-1.png,0,0,False,False,True
test/videos/2017-10-17_1-39-36/2017-10-17_1-39-36.mp4-bee_id_5699-60840-1.png,0,2,False,False,True
test/videos/2017-10-17_1-39-36/2017-10-17_1-39-36.mp4-bee_id_5700-60870-1.png,0,0,False,False,True
test/videos/2017-10-17_1-39-36/2017-10-17_1-39-36.mp4-bee_id_5701-60885-1.png,1,0,True,False,True
test/videos/2017-10-17_1-39-36/2017-10-17_1-39-36.mp4-bee_id_5702-60900-1.png,1,0,True,False,True
test/videos/2017-10-17_1-39-36/2017-10-17_1-39-36.mp4-bee_id_5703-60945-1.png,0,2,False,False,True
test/videos/2017-10-17_1-39-36/2017-10-17_1-39-36.mp4-bee_id_5704-60990-1.png,0,2,False,False,True
test/videos/2017-10-17_1-39-36/2017-10-17_1-39-36.mp4-bee_id_5706-61065-1.png,0,0,False,False,True
test/videos/2017-10-17_1-39-36/2017-10-17_1-39-36.mp4-bee_id_5707-61095-1.png,0,0,False,False,True
test/videos/2017-10-17_1-39-36/2017-10-17_1-39-36.mp4-bee_id_5708-61125-1.png,0,0,False,False,True
test/videos/2017-10-17_1-39-36/2017-10-17_1-39-36.mp4-bee_id_5709-61170-1.png,0,0,False,False,True
test/videos/2017-10-17_1-39-36/2017-10-17_1-39-36.mp4-bee_id_5711-61260-1.png,1,2,True,True,True
test/videos/2017-10-17_1-39-36/2017-10-17_1-39-36.mp4-bee_id_5712-61275-1.png,0,0,False,False,True
test/videos/2017-10-17_1-39-36/2017-10-17_1-39-36.mp4-bee_id_5714-61320-1.png,0,0,False,False,True
test/videos/2017-10-17_1-39-36/2017-10-17_1-39-36.mp4-bee_id_5715-61365-1.png,0,1,False,False,True
test/videos/2017-10-17_1-39-36/2017-10-17_1-39-36.mp4-bee_id_5716-61380-1.png,0,1,False,False,True
test/videos/2017-10-17_1-39-36/2017-10-17_1-39-36.mp4-bee_id_5717-61395-1.png,0,0,False,False,True
test/videos/2017-10-17_1-39-36/2017-10-17_1-39-36.mp4-bee_id_5719-61425-1.png,0,0,False,False,True
test/videos/2017-10-17_1-39-36/2017-10-17_1-39-36.mp4-bee_id_5720-61425-1.png,0,0,False,False,True
test/videos/2017-10-17_1-39-36/2017-10-17_1-39-36.mp4-bee_id_5721-61455-1.png,0,2,False,False,True
test/videos/2017-10-17_1-39-36/2017-10-17_1-39-36.mp4-bee_id_5722-61470-1.png,0,2,False,False,True
test/videos/2017-10-17_1-39-36/2017-10-17_1-39-36.mp4-bee_id_5723-61485-1.png,0,0,False,False,True
test/videos/2017-10-17_1-39-36/2017-10-17_1-39-36.mp4-bee_id_5724-61485-1.png,0,1,False,False,True
test/videos/2017-10-17_1-39-36/2017-10-17_1-39-36.mp4-bee_id_5728-61515-1.png,0,0,False,False,True
test/videos/2017-10-17_1-39-36/2017-10-17_1-39-36.mp4-bee_id_5729-61560-1.png,0,1,False,False,True
test/videos/2017-10-17_1-39-36/2017-10-17_1-39-36.mp4-bee_id_5730-61575-1.png,0,1,False,False,True
test/videos/2017-10-17_1-39-36/2017-10-17_1-39-36.mp4-bee_id_5732-61605-1.png,0,0,False,False,True
test/videos/2017-10-17_1-39-36/2017-10-17_1-39-36.mp4-bee_id_5734-61665-1.png,0,0,False,False,True
test/videos/2017-10-17_1-39-36/2017-10-17_1-39-36.mp4-bee_id_5736-61695-1.png,0,1,False,False,True
test/videos/2017-10-17_1-39-36/2017-10-17_1-39-36.mp4-bee_id_5738-61725-1.png,0,0,False,False,True
test/videos/2017-10-17_1-39-36/2017-10-17_1-39-36.mp4-bee_id_5739-61740-1.png,0,3,False,False,True
test/videos/2017-10-17_1-39-36/2017-10-17_1-39-36.mp4-bee_id_5740-61800-1.png,0,0,False,False,True
test/videos/2017-10-17_1-39-36/2017-10-17_1-39-36.mp4-bee_id_5741-61905-1.png,0,1,False,False,True
test/videos/2017-10-17_1-39-36/2017-10-17_1-39-36.mp4-bee_id_5744-62010-1.png,1,2,True,False,True
test/videos/2017-10-17_1-39-36/2017-10-17_1-39-36.mp4-bee_id_5745-62025-1.png,0,2,False,False,True
test/videos/2017-10-17_1-39-36/2017-10-17_1-39-36.mp4-bee_id_5746-62055-1.png,0,0,False,False,True
test/videos/2017-10-17_1-39-36/2017-10-17_1-39-36.mp4-bee_id_5748-62100-1.png,0,1,False,False,True
test/videos/2017-10-17_1-39-36/2017-10-17_1-39-36.mp4-bee_id_5749-62115-1.png,0,0,False,False,True
test/videos/2017-10-17_1-39-36/2017-10-17_1-39-36.mp4-bee_id_5750-62130-1.png,0,0,False,False,True
test/videos/2017-10-17_1-39-36/2017-10-17_1-39-36.mp4-bee_id_5751-62130-1.png,0,0,False,False,True
test/videos/2017-10-17_1-39-36/2017-10-17_1-39-36.mp4-bee_id_5753-62190-1.png,0,1,False,False,True
test/videos/2017-10-17_1-39-36/2017-10-17_1-39-36.mp4-bee_id_5754-62205-1.png,0,1,False,False,True
test/videos/2017-10-17_1-39-36/2017-10-17_1-39-36.mp4-bee_id_5755-62205-1.png,0,1,False,False,True
test/videos/2017-10-17_1-39-36/2017-10-17_1-39-36.mp4-bee_id_5756-62220-1.png,0,1,False,False,True
test/videos/2017-10-17_1-39-36/2017-10-17_1-39-36.mp4-bee_id_5757-62310-1.png,1,0,True,False,True
test/videos/2017-10-17_1-39-36/2017-10-17_1-39-36.mp4-bee_id_5760-62385-1.png,0,2,False,False,True
test/videos/2017-10-17_1-39-36/2017-10-17_1-39-36.mp4-bee_id_5762-62415-1.png,0,1,False,False,True
test/videos/2017-10-17_1-39-36/2017-10-17_1-39-36.mp4-bee_id_5764-62415-1.png,0,0,False,False,True
test/videos/2017-10-17_1-39-36/2017-10-17_1-39-36.mp4-bee_id_5765-62445-1.png,1,1,True,False,True
test/videos/2017-10-17_1-39-36/2017-10-17_1-39-36.mp4-bee_id_5768-62535-1.png,0,0,False,False,True
test/videos/2017-10-17_1-39-36/2017-10-17_1-39-36.mp4-bee_id_5770-62640-1.png,0,1,False,False,True
test/videos/2017-10-17_1-39-36/2017-10-17_1-39-36.mp4-bee_id_5771-62655-1.png,1,1,True,False,True
test/videos/2017-10-17_1-39-36/2017-10-17_1-39-36.mp4-bee_id_5772-62700-1.png,0,1,False,False,True
test/videos/2017-10-17_1-39-36/2017-10-17_1-39-36.mp4-bee_id_5773-62745-1.png,0,0,False,False,True
test/videos/2017-10-17_1-39-36/2017-10-17_1-39-36.mp4-bee_id_5774-62790-1.png,0,0,False,False,True
test/videos/2017-10-17_1-39-36/2017-10-17_1-39-36.mp4-bee_id_5777-62880-1.png,0,1,False,False,True
test/videos/2017-10-17_1-39-36/2017-10-17_1-39-36.mp4-bee_id_5778-62970-1.png,0,0,False,False,True
test/videos/2017-10-17_1-39-36/2017-10-17_1-39-36.mp4-bee_id_5779-62985-1.png,0,0,False,False,True
test/videos/2017-10-17_1-39-36/2017-10-17_1-39-36.mp4-bee_id_5780-62985-1.png,0,0,False,False,True
test/videos/2017-10-17_1-39-36/2017-10-17_1-39-36.mp4-bee_id_5781-63000-1.png,1,1,True,False,True
test/videos/2017-10-17_1-39-36/2017-10-17_1-39-36.mp4-bee_id_5782-63000-1.png,0,0,False,False,True
test/videos/2017-10-17_1-39-36/2017-10-17_1-39-36.mp4-bee_id_5783-63030-1.png,0,2,False,False,True
test/videos/2017-10-17_1-39-36/2017-10-17_1-39-36.mp4-bee_id_5784-63030-1.png,0,0,False,False,True
test/videos/2017-10-17_1-39-36/2017-10-17_1-39-36.mp4-bee_id_5787-63105-1.png,0,2,False,False,True
test/videos/2017-10-17_1-39-36/2017-10-17_1-39-36.mp4-bee_id_5788-63210-1.png,1,3,True,False,True
test/videos/2017-10-17_1-39-36/2017-10-17_1-39-36.mp4-bee_id_5789-63285-1.png,0,2,False,False,True
test/videos/2017-10-17_1-39-36/2017-10-17_1-39-36.mp4-bee_id_5790-63315-1.png,0,1,False,False,True
test/videos/2017-10-17_1-39-36/2017-10-17_1-39-36.mp4-bee_id_5791-63330-1.png,0,0,False,False,True
test/videos/2017-10-17_1-39-36/2017-10-17_1-39-36.mp4-bee_id_5792-63330-1.png,0,0,False,False,True
test/videos/2017-10-17_1-39-36/2017-10-17_1-39-36.mp4-bee_id_5793-63375-1.png,0,0,False,False,True
test/videos/2017-10-17_1-39-36/2017-10-17_1-39-36.mp4-bee_id_5794-63390-1.png,0,0,False,False,True
test/videos/2017-10-17_1-39-36/2017-10-17_1-39-36.mp4-bee_id_5795-63450-1.png,0,0,False,False,True
test/videos/2017-10-17_1-39-36/2017-10-17_1-39-36.mp4-bee_id_5796-63450-1.png,1,1,True,True,True
test/videos/2017-10-17_1-39-36/2017-10-17_1-39-36.mp4-bee_id_5797-63480-1.png,0,0,False,False,True
test/videos/2017-10-17_1-39-36/2017-10-17_1-39-36.mp4-bee_id_5798-63495-1.png,0,0,False,False,True
test/videos/2017-10-17_1-39-36/2017-10-17_1-39-36.mp4-bee_id_5799-63555-1.png,0,1,False,False,True
test/videos/2017-10-17_1-39-36/2017-10-17_1-39-36.mp4-bee_id_5800-63585-1.png,0,0,False,False,True
test/videos/2017-10-17_1-39-36/2017-10-17_1-39-36.mp4-bee_id_5801-63585-1.png,0,1,False,False,True
test/videos/2017-10-17_1-39-36/2017-10-17_1-39-36.mp4-bee_id_5802-63600-1.png,0,0,False,False,True
test/videos/2017-10-17_1-39-36/2017-10-17_1-39-36.mp4-bee_id_5803-63600-1.png,0,0,False,False,True
test/videos/2017-10-17_1-39-36/2017-10-17_1-39-36.mp4-bee_id_5804-63615-1.png,0,1,False,False,True
test/videos/2017-10-17_1-39-36/2017-10-17_1-39-36.mp4-bee_id_5805-63645-1.png,0,1,False,False,True
test/videos/2017-10-17_1-39-36/2017-10-17_1-39-36.mp4-bee_id_5806-63660-1.png,0,1,False,False,True
test/videos/2017-10-17_1-39-36/2017-10-17_1-39-36.mp4-bee_id_5807-63675-1.png,0,0,False,False,True
test/videos/2017-10-17_1-39-36/2017-10-17_1-39-36.mp4-bee_id_5809-63690-1.png,0,0,False,False,True
test/videos/2017-10-17_1-39-36/2017-10-17_1-39-36.mp4-bee_id_5810-63705-1.png,0,2,False,False,True
test/videos/2017-10-17_1-39-36/2017-10-17_1-39-36.mp4-bee_id_5811-63705-1.png,0,1,False,False,True
test/videos/2017-10-17_1-39-36/2017-10-17_1-39-36.mp4-bee_id_5812-63780-1.png,0,0,False,False,True
test/videos/2017-10-17_1-39-36/2017-10-17_1-39-36.mp4-bee_id_5814-63855-1.png,0,0,False,False,True
test/videos/2017-10-17_1-39-36/2017-10-17_1-39-36.mp4-bee_id_5815-63900-1.png,0,1,False,False,True
test/videos/2017-10-17_1-39-36/2017-10-17_1-39-36.mp4-bee_id_5816-63915-1.png,0,0,False,False,True
test/videos/2017-10-17_1-39-36/2017-10-17_1-39-36.mp4-bee_id_5817-63930-1.png,0,0,False,False,True
test/videos/2017-10-17_1-39-36/2017-10-17_1-39-36.mp4-bee_id_5818-63975-1.png,0,0,False,False,True
test/videos/2017-10-17_1-39-36/2017-10-17_1-39-36.mp4-bee_id_5819-63975-1.png,0,2,False,False,True
test/videos/2017-10-17_1-39-36/2017-10-17_1-39-36.mp4-bee_id_5820-64020-1.png,0,0,False,False,True
test/videos/2017-10-17_1-39-36/2017-10-17_1-39-36.mp4-bee_id_5821-64065-1.png,0,0,False,False,True
test/videos/2017-10-17_1-39-36/2017-10-17_1-39-36.mp4-bee_id_5822-64095-1.png,0,0,False,False,True
test/videos/2017-10-17_1-39-36/2017-10-17_1-39-36.mp4-bee_id_5823-64110-1.png,0,0,False,False,True
test/videos/2017-10-17_1-39-36/2017-10-17_1-39-36.mp4-bee_id_5824-64110-1.png,0,0,False,False,True
test/videos/2017-10-17_1-39-36/2017-10-17_1-39-36.mp4-bee_id_5825-64125-1.png,0,1,False,False,True
test/videos/2017-10-17_1-39-36/2017-10-17_1-39-36.mp4-bee_id_5826-64170-1.png,0,0,False,False,True
test/videos/2017-10-17_1-39-36/2017-10-17_1-39-36.mp4-bee_id_5827-64215-1.png,0,1,False,False,True
test/videos/2017-10-17_1-39-36/2017-10-17_1-39-36.mp4-bee_id_5828-64245-1.png,1,1,True,True,True
test/videos/2017-10-17_1-39-36/2017-10-17_1-39-36.mp4-bee_id_5829-64275-1.png,0,1,False,False,True
test/videos/2017-10-17_1-39-36/2017-10-17_1-39-36.mp4-bee_id_5830-64305-1.png,0,0,False,False,True
test/videos/2017-10-17_1-39-36/2017-10-17_1-39-36.mp4-bee_id_5831-64305-1.png,0,2,False,False,True
test/videos/2017-10-17_1-39-36/2017-10-17_1-39-36.mp4-bee_id_5834-64380-1.png,0,1,False,False,True
test/videos/2017-10-17_1-39-36/2017-10-17_1-39-36.mp4-bee_id_5835-64380-1.png,0,0,False,False,True
test/videos/2017-10-17_1-39-36/2017-10-17_1-39-36.mp4-bee_id_5836-64380-1.png,0,1,False,False,True
test/videos/2017-10-17_1-39-36/2017-10-17_1-39-36.mp4-bee_id_5837-64395-1.png,0,0,False,False,True
test/videos/2017-10-17_1-39-36/2017-10-17_1-39-36.mp4-bee_id_5838-64395-1.png,0,0,False,False,True
test/videos/2017-10-17_1-39-36/2017-10-17_1-39-36.mp4-bee_id_5840-64515-1.png,0,0,False,False,True
test/videos/2017-10-17_1-39-36/2017-10-17_1-39-36.mp4-bee_id_5841-64530-1.png,0,0,False,False,True
test/videos/2017-10-17_1-39-36/2017-10-17_1-39-36.mp4-bee_id_5844-64560-1.png,0,0,False,False,True
test/videos/2017-10-17_1-39-36/2017-10-17_1-39-36.mp4-bee_id_5845-64560-1.png,1,3,True,True,True
test/videos/2017-10-17_1-39-36/2017-10-17_1-39-36.mp4-bee_id_5846-64575-1.png,1,0,True,False,True
test/videos/2017-10-17_1-39-36/2017-10-17_1-39-36.mp4-bee_id_5848-64590-1.png,0,1,False,False,True
test/videos/2017-10-17_1-39-36/2017-10-17_1-39-36.mp4-bee_id_5849-64590-1.png,0,2,False,False,True
test/videos/2017-10-17_1-39-36/2017-10-17_1-39-36.mp4-bee_id_5850-64590-1.png,0,0,False,False,True
test/videos/2017-10-17_1-39-36/2017-10-17_1-39-36.mp4-bee_id_5851-64605-1.png,1,0,True,False,True
test/videos/2017-10-17_1-39-36/2017-10-17_1-39-36.mp4-bee_id_5852-64680-1.png,0,3,False,False,True
test/videos/2017-10-17_1-39-36/2017-10-17_1-39-36.mp4-bee_id_5853-64740-1.png,0,0,False,False,True
test/videos/2017-10-17_1-39-36/2017-10-17_1-39-36.mp4-bee_id_5854-64770-1.png,1,0,True,False,True
test/videos/2017-10-17_1-39-36/2017-10-17_1-39-36.mp4-bee_id_5855-64845-1.png,0,2,False,False,True
test/videos/2017-10-17_1-39-36/2017-10-17_1-39-36.mp4-bee_id_5856-64845-1.png,0,0,False,False,True
test/videos/2017-10-17_1-39-36/2017-10-17_1-39-36.mp4-bee_id_5857-64875-1.png,0,0,False,False,True
test/videos/2017-10-17_1-39-36/2017-10-17_1-39-36.mp4-bee_id_5858-64890-1.png,0,1,False,False,True
test/videos/2017-10-17_1-39-36/2017-10-17_1-39-36.mp4-bee_id_5859-64890-1.png,1,0,True,False,True
test/videos/2017-10-17_1-39-36/2017-10-17_1-39-36.mp4-bee_id_5860-64905-1.png,0,1,False,False,True
test/videos/2017-10-17_1-39-36/2017-10-17_1-39-36.mp4-bee_id_5861-64965-1.png,0,1,False,False,True
test/videos/2017-10-17_1-39-36/2017-10-17_1-39-36.mp4-bee_id_5864-65055-1.png,0,1,False,False,True
test/videos/2017-10-17_1-39-36/2017-10-17_1-39-36.mp4-bee_id_5865-65085-1.png,1,2,True,False,True
test/videos/2017-10-17_1-39-36/2017-10-17_1-39-36.mp4-bee_id_5866-65115-1.png,0,0,False,False,True
test/videos/2017-10-17_1-39-36/2017-10-17_1-39-36.mp4-bee_id_5867-65115-1.png,0,1,False,False,True
test/videos/2017-10-17_1-39-36/2017-10-17_1-39-36.mp4-bee_id_5868-65145-1.png,1,1,True,False,True
test/videos/2017-10-17_1-39-36/2017-10-17_1-39-36.mp4-bee_id_5869-65160-1.png,0,0,False,False,True
test/videos/2017-10-17_1-39-36/2017-10-17_1-39-36.mp4-bee_id_5870-65175-1.png,0,1,False,False,True
test/videos/2017-10-17_1-39-36/2017-10-17_1-39-36.mp4-bee_id_5871-65175-1.png,0,0,False,False,True
test/videos/2017-10-17_1-39-36/2017-10-17_1-39-36.mp4-bee_id_5872-65190-1.png,1,2,True,True,True
test/videos/2017-10-17_1-39-36/2017-10-17_1-39-36.mp4-bee_id_5873-65190-1.png,0,0,False,False,True
test/videos/2017-10-17_1-39-36/2017-10-17_1-39-36.mp4-bee_id_5874-65235-1.png,0,0,False,False,True
test/videos/2017-10-17_1-39-36/2017-10-17_1-39-36.mp4-bee_id_5875-65250-1.png,0,0,False,False,True
test/videos/2017-10-17_1-39-36/2017-10-17_1-39-36.mp4-bee_id_5876-65310-1.png,0,3,False,False,True
test/videos/2017-10-17_1-39-36/2017-10-17_1-39-36.mp4-bee_id_5877-65340-1.png,0,2,False,False,True
test/videos/2017-10-17_1-39-36/2017-10-17_1-39-36.mp4-bee_id_5879-65370-1.png,0,2,False,False,True
test/videos/2017-10-17_1-39-36/2017-10-17_1-39-36.mp4-bee_id_5880-65370-1.png,0,1,False,False,True
test/videos/2017-10-17_1-39-36/2017-10-17_1-39-36.mp4-bee_id_5882-65400-1.png,1,1,True,True,True
test/videos/2017-10-17_1-39-36/2017-10-17_1-39-36.mp4-bee_id_5883-65415-1.png,0,0,False,False,True
test/videos/2017-10-17_1-39-36/2017-10-17_1-39-36.mp4-bee_id_5884-65415-1.png,0,0,False,False,True
test/videos/2017-10-17_1-39-36/2017-10-17_1-39-36.mp4-bee_id_5890-65490-1.png,0,0,False,False,True
test/videos/2017-10-17_1-39-36/2017-10-17_1-39-36.mp4-bee_id_5892-65550-1.png,0,1,False,False,True
test/videos/2017-10-17_1-39-36/2017-10-17_1-39-36.mp4-bee_id_5894-65595-1.png,0,1,False,False,True
test/videos/2017-10-17_1-39-36/2017-10-17_1-39-36.mp4-bee_id_5896-65640-1.png,0,0,False,False,True
test/videos/2017-10-17_1-39-36/2017-10-17_1-39-36.mp4-bee_id_5897-65655-1.png,0,1,False,False,True
test/videos/2017-10-17_1-39-36/2017-10-17_1-39-36.mp4-bee_id_5899-65715-1.png,0,0,False,False,True
test/videos/2017-10-17_1-39-36/2017-10-17_1-39-36.mp4-bee_id_5900-65760-1.png,0,1,False,False,True
test/videos/2017-10-17_1-39-36/2017-10-17_1-39-36.mp4-bee_id_5902-65760-1.png,0,0,False,False,True
test/videos/2017-10-17_1-39-36/2017-10-17_1-39-36.mp4-bee_id_5903-65805-1.png,0,1,False,False,True
test/videos/2017-10-17_1-39-36/2017-10-17_1-39-36.mp4-bee_id_5904-65805-1.png,0,1,False,False,True
test/videos/2017-10-17_1-39-36/2017-10-17_1-39-36.mp4-bee_id_5905-65820-1.png,0,1,False,False,True
test/videos/2017-10-17_1-39-36/2017-10-17_1-39-36.mp4-bee_id_5906-65835-1.png,0,1,False,False,True
test/videos/2017-10-17_1-39-36/2017-10-17_1-39-36.mp4-bee_id_5907-65925-1.png,0,2,False,False,True
test/videos/2017-10-17_1-39-36/2017-10-17_1-39-36.mp4-bee_id_5908-65985-1.png,1,2,True,False,True
test/videos/2017-10-17_1-39-36/2017-10-17_1-39-36.mp4-bee_id_5909-65985-1.png,0,1,False,False,True
test/videos/2017-10-17_1-39-36/2017-10-17_1-39-36.mp4-bee_id_5912-66135-1.png,0,2,False,False,True
test/videos/2017-10-17_1-39-36/2017-10-17_1-39-36.mp4-bee_id_5913-66150-1.png,0,0,False,False,True
test/videos/2017-10-17_1-39-36/2017-10-17_1-39-36.mp4-bee_id_5916-66195-1.png,0,2,False,False,True
test/videos/2017-10-17_1-39-36/2017-10-17_1-39-36.mp4-bee_id_5918-66300-1.png,0,0,False,False,True
test/videos/2017-10-17_1-39-36/2017-10-17_1-39-36.mp4-bee_id_5922-66375-1.png,0,0,False,False,True
test/videos/2017-10-17_1-39-36/2017-10-17_1-39-36.mp4-bee_id_5923-66390-1.png,0,2,False,False,True
test/videos/2017-10-17_1-39-36/2017-10-17_1-39-36.mp4-bee_id_5924-66420-1.png,0,0,False,False,True
test/videos/2017-10-17_1-39-36/2017-10-17_1-39-36.mp4-bee_id_5925-66450-1.png,0,1,False,False,True
test/videos/2017-10-17_1-39-36/2017-10-17_1-39-36.mp4-bee_id_5926-66480-1.png,0,2,False,False,True
test/videos/2017-10-17_1-39-36/2017-10-17_1-39-36.mp4-bee_id_5927-66525-1.png,0,0,False,False,True
test/videos/2017-10-17_1-39-36/2017-10-17_1-39-36.mp4-bee_id_5928-66525-1.png,0,2,False,False,True
test/videos/2017-10-17_1-39-36/2017-10-17_1-39-36.mp4-bee_id_5929-66540-1.png,0,0,False,False,True
test/videos/2017-10-17_1-39-36/2017-10-17_1-39-36.mp4-bee_id_5930-66600-1.png,0,0,False,False,True
test/videos/2017-10-17_1-39-36/2017-10-17_1-39-36.mp4-bee_id_5934-66630-1.png,0,0,False,False,True
test/videos/2017-10-17_1-39-36/2017-10-17_1-39-36.mp4-bee_id_5935-66660-1.png,1,0,True,False,True
test/videos/2017-10-17_1-39-36/2017-10-17_1-39-36.mp4-bee_id_5937-66705-1.png,1,0,True,False,True
test/videos/2017-10-17_1-39-36/2017-10-17_1-39-36.mp4-bee_id_5939-66735-1.png,0,0,False,False,True
test/videos/2017-10-17_1-39-36/2017-10-17_1-39-36.mp4-bee_id_5940-66795-1.png,0,1,False,False,True
test/videos/2017-10-17_1-39-36/2017-10-17_1-39-36.mp4-bee_id_5941-66810-1.png,1,1,True,True,True
test/videos/2017-10-17_1-39-36/2017-10-17_1-39-36.mp4-bee_id_5942-66825-1.png,0,1,False,False,True
test/videos/2017-10-17_1-39-36/2017-10-17_1-39-36.mp4-bee_id_5948-66945-1.png,0,0,False,False,True
test/videos/2017-10-17_1-39-36/2017-10-17_1-39-36.mp4-bee_id_5950-67005-1.png,0,0,False,False,True
test/videos/2017-10-17_1-39-36/2017-10-17_1-39-36.mp4-bee_id_5951-67005-1.png,1,0,True,False,True
test/videos/2017-10-17_1-39-36/2017-10-17_1-39-36.mp4-bee_id_5953-67065-1.png,0,0,False,False,True
test/videos/2017-10-17_1-39-36/2017-10-17_1-39-36.mp4-bee_id_5954-67080-1.png,0,1,False,False,True
test/videos/2017-10-17_1-39-36/2017-10-17_1-39-36.mp4-bee_id_5956-67125-1.png,0,0,False,False,True
test/videos/2017-10-17_1-39-36/2017-10-17_1-39-36.mp4-bee_id_5957-67140-1.png,0,0,False,False,True
test/videos/2017-10-17_1-39-36/2017-10-17_1-39-36.mp4-bee_id_5958-67245-1.png,0,0,False,False,True
test/videos/2017-10-17_1-39-36/2017-10-17_1-39-36.mp4-bee_id_5959-67245-1.png,0,1,False,False,True
test/videos/2017-10-17_1-39-36/2017-10-17_1-39-36.mp4-bee_id_5960-67260-1.png,0,0,False,False,True
test/videos/2017-10-17_1-39-36/2017-10-17_1-39-36.mp4-bee_id_5961-67260-1.png,1,0,True,False,True
test/videos/2017-10-17_1-39-36/2017-10-17_1-39-36.mp4-bee_id_5962-67335-1.png,1,0,True,False,True
test/videos/2017-10-17_1-39-36/2017-10-17_1-39-36.mp4-bee_id_5966-67380-1.png,0,1,False,False,True
test/videos/2017-10-17_1-39-36/2017-10-17_1-39-36.mp4-bee_id_5967-67395-1.png,0,1,False,False,True
test/videos/2017-10-17_1-39-36/2017-10-17_1-39-36.mp4-bee_id_5968-67410-1.png,0,0,False,False,True
test/videos/2017-10-17_1-39-36/2017-10-17_1-39-36.mp4-bee_id_5969-67425-1.png,0,0,False,False,True
test/videos/2017-10-17_1-39-36/2017-10-17_1-39-36.mp4-bee_id_5970-67440-1.png,0,1,False,False,True
test/videos/2017-10-17_1-39-36/2017-10-17_1-39-36.mp4-bee_id_5971-67515-1.png,0,0,False,False,True
test/videos/2017-10-17_1-39-36/2017-10-17_1-39-36.mp4-bee_id_5974-67620-1.png,0,1,False,False,True
test/videos/2017-10-17_1-39-36/2017-10-17_1-39-36.mp4-bee_id_5975-67650-1.png,0,1,False,False,True
test/videos/2017-10-17_1-39-36/2017-10-17_1-39-36.mp4-bee_id_5976-67650-1.png,0,0,False,False,True
test/videos/2017-10-17_1-39-36/2017-10-17_1-39-36.mp4-bee_id_5977-67665-1.png,0,0,False,False,True
test/videos/2017-10-17_1-39-36/2017-10-17_1-39-36.mp4-bee_id_5978-67680-1.png,0,2,False,False,True
test/videos/2017-10-17_1-39-36/2017-10-17_1-39-36.mp4-bee_id_5979-67695-1.png,0,0,False,False,True
test/videos/2017-10-17_1-39-36/2017-10-17_1-39-36.mp4-bee_id_5980-67695-1.png,0,0,False,False,True
test/videos/2017-10-17_1-39-36/2017-10-17_1-39-36.mp4-bee_id_5981-67710-1.png,0,0,False,False,True
test/videos/2017-10-17_1-39-36/2017-10-17_1-39-36.mp4-bee_id_5982-67725-1.png,0,1,False,False,True
test/videos/2017-10-17_1-39-36/2017-10-17_1-39-36.mp4-bee_id_5983-67770-1.png,0,0,False,False,True
test/videos/2017-10-17_1-39-36/2017-10-17_1-39-36.mp4-bee_id_5984-67800-1.png,0,0,False,False,True
test/videos/2017-10-17_1-39-36/2017-10-17_1-39-36.mp4-bee_id_5987-67860-1.png,1,0,True,False,True
test/videos/2017-10-17_1-39-36/2017-10-17_1-39-36.mp4-bee_id_5988-67905-1.png,0,1,False,False,True
test/videos/2017-10-17_1-39-36/2017-10-17_1-39-36.mp4-bee_id_5990-67965-1.png,1,2,True,True,True
test/videos/2017-10-17_1-39-36/2017-10-17_1-39-36.mp4-bee_id_5991-67980-1.png,0,0,False,False,True
test/videos/2017-10-17_1-39-36/2017-10-17_1-39-36.mp4-bee_id_5993-68025-1.png,1,0,True,False,True
test/videos/2017-10-17_1-39-36/2017-10-17_1-39-36.mp4-bee_id_5995-68145-1.png,0,1,False,False,True
test/videos/2017-10-17_1-39-36/2017-10-17_1-39-36.mp4-bee_id_5997-68205-1.png,1,1,True,True,True
test/videos/2017-10-17_1-39-36/2017-10-17_1-39-36.mp4-bee_id_6000-68250-1.png,0,0,False,False,True
test/videos/2017-10-17_1-39-36/2017-10-17_1-39-36.mp4-bee_id_6001-68265-1.png,0,2,False,False,True
test/videos/2017-10-17_1-39-36/2017-10-17_1-39-36.mp4-bee_id_6002-68265-1.png,0,1,False,False,True
test/videos/2017-10-17_1-39-36/2017-10-17_1-39-36.mp4-bee_id_6005-68280-1.png,0,2,False,False,True
test/videos/2017-10-17_1-39-36/2017-10-17_1-39-36.mp4-bee_id_6007-68295-1.png,0,2,False,False,True
test/videos/2017-10-17_1-39-36/2017-10-17_1-39-36.mp4-bee_id_6009-68355-1.png,0,1,False,False,True
test/videos/2017-10-17_1-39-36/2017-10-17_1-39-36.mp4-bee_id_6010-68370-1.png,0,1,False,False,True
test/videos/2017-10-17_1-39-36/2017-10-17_1-39-36.mp4-bee_id_6012-68415-1.png,0,0,False,False,True
test/videos/2017-10-17_1-39-36/2017-10-17_1-39-36.mp4-bee_id_6016-68550-1.png,0,0,False,False,True
test/videos/2017-10-17_1-39-36/2017-10-17_1-39-36.mp4-bee_id_6019-68595-1.png,1,1,True,False,True
test/videos/2017-10-17_1-39-36/2017-10-17_1-39-36.mp4-bee_id_6021-68625-1.png,1,2,True,True,True
train/videos/2017-08-28_09-30-00-1_500_dirty_glass/2017-08-28_09-30-00-1_500_dirty_glass.mp4-bee_id_6695-15-1.png,0,0,False,False,True
train/videos/2017-08-28_09-30-00-1_500_dirty_glass/2017-08-28_09-30-00-1_500_dirty_glass.mp4-bee_id_6696-15-1.png,1,0,True,False,True
train/videos/2017-08-28_09-30-00-1_500_dirty_glass/2017-08-28_09-30-00-1_500_dirty_glass.mp4-bee_id_6697-30-1.png,0,0,False,False,True
train/videos/2017-08-28_09-30-00-1_500_dirty_glass/2017-08-28_09-30-00-1_500_dirty_glass.mp4-bee_id_6698-165-1.png,1,0,True,False,True
train/videos/2017-08-28_09-30-00-1_500_dirty_glass/2017-08-28_09-30-00-1_500_dirty_glass.mp4-bee_id_6699-180-1.png,0,0,False,False,True
train/videos/2017-08-28_09-30-00-1_500_dirty_glass/2017-08-28_09-30-00-1_500_dirty_glass.mp4-bee_id_6700-180-1.png,1,0,True,False,True
train/videos/2017-08-28_09-30-00-1_500_dirty_glass/2017-08-28_09-30-00-1_500_dirty_glass.mp4-bee_id_6701-420-1.png,1,0,True,False,True
train/videos/2017-08-28_09-30-00-1_500_dirty_glass/2017-08-28_09-30-00-1_500_dirty_glass.mp4-bee_id_6702-450-1.png,0,0,False,False,True
train/videos/2017-08-28_09-30-00-1_500_dirty_glass/2017-08-28_09-30-00-1_500_dirty_glass.mp4-bee_id_6703-525-1.png,1,0,True,False,True
train/videos/2017-08-28_09-30-00-1_500_dirty_glass/2017-08-28_09-30-00-1_500_dirty_glass.mp4-bee_id_6704-735-1.png,0,0,False,False,True
train/videos/2017-08-28_09-30-00-1_500_dirty_glass/2017-08-28_09-30-00-1_500_dirty_glass.mp4-bee_id_6705-915-1.png,0,1,False,False,True
train/videos/2017-08-28_09-30-00-1_500_dirty_glass/2017-08-28_09-30-00-1_500_dirty_glass.mp4-bee_id_6706-1110-1.png,0,0,False,False,True
train/videos/2017-08-28_09-30-00-1_500_dirty_glass/2017-08-28_09-30-00-1_500_dirty_glass.mp4-bee_id_6707-1155-1.png,0,0,False,False,True
train/videos/2017-08-28_09-30-00-1_500_dirty_glass/2017-08-28_09-30-00-1_500_dirty_glass.mp4-bee_id_6708-1170-1.png,0,0,False,False,True
train/videos/2017-08-28_09-30-00-1_500_dirty_glass/2017-08-28_09-30-00-1_500_dirty_glass.mp4-bee_id_6709-1350-1.png,0,0,False,False,True
train/videos/2017-08-28_09-30-00-1_500_dirty_glass/2017-08-28_09-30-00-1_500_dirty_glass.mp4-bee_id_6710-1365-1.png,1,0,True,False,True
train/videos/2017-08-28_09-30-00-1_500_dirty_glass/2017-08-28_09-30-00-1_500_dirty_glass.mp4-bee_id_6711-1380-1.png,1,0,True,False,True
train/videos/2017-08-28_09-30-00-1_500_dirty_glass/2017-08-28_09-30-00-1_500_dirty_glass.mp4-bee_id_6712-1410-1.png,1,1,True,True,True
train/videos/2017-08-28_09-30-00-1_500_dirty_glass/2017-08-28_09-30-00-1_500_dirty_glass.mp4-bee_id_6713-1425-1.png,0,0,False,False,True
train/videos/2017-08-28_09-30-00-1_500_dirty_glass/2017-08-28_09-30-00-1_500_dirty_glass.mp4-bee_id_6714-1620-1.png,0,0,False,False,True
train/videos/2017-08-28_09-30-00-1_500_dirty_glass/2017-08-28_09-30-00-1_500_dirty_glass.mp4-bee_id_6715-1725-1.png,0,0,False,False,True
train/videos/2017-08-28_09-30-00-1_500_dirty_glass/2017-08-28_09-30-00-1_500_dirty_glass.mp4-bee_id_6716-1740-1.png,0,0,False,False,True
train/videos/2017-08-28_09-30-00-1_500_dirty_glass/2017-08-28_09-30-00-1_500_dirty_glass.mp4-bee_id_6717-2130-1.png,1,1,True,True,True
train/videos/2017-08-28_09-30-00-1_500_dirty_glass/2017-08-28_09-30-00-1_500_dirty_glass.mp4-bee_id_6718-2130-1.png,0,2,False,False,True
train/videos/2017-08-28_09-30-00-1_500_dirty_glass/2017-08-28_09-30-00-1_500_dirty_glass.mp4-bee_id_6719-3780-1.png,0,0,False,False,True
train/videos/2017-08-28_09-30-00-1_500_dirty_glass/2017-08-28_09-30-00-1_500_dirty_glass.mp4-bee_id_6720-3885-1.png,0,1,False,False,True
train/videos/2017-08-28_09-30-00-1_500_dirty_glass/2017-08-28_09-30-00-1_500_dirty_glass.mp4-bee_id_6721-3945-1.png,0,0,False,False,True
train/videos/2017-08-28_09-30-00-1_500_dirty_glass/2017-08-28_09-30-00-1_500_dirty_glass.mp4-bee_id_6722-4035-1.png,0,0,False,False,True
train/videos/2017-08-28_09-30-00-1_500_dirty_glass/2017-08-28_09-30-00-1_500_dirty_glass.mp4-bee_id_6723-4065-1.png,0,0,False,False,True
train/videos/2017-08-28_09-30-00-1_500_dirty_glass/2017-08-28_09-30-00-1_500_dirty_glass.mp4-bee_id_6724-4275-1.png,0,0,False,False,True
train/videos/2017-08-28_09-30-00-1_500_dirty_glass/2017-08-28_09-30-00-1_500_dirty_glass.mp4-bee_id_6725-4290-1.png,0,0,False,False,True
train/videos/2017-08-28_09-30-00-1_500_dirty_glass/2017-08-28_09-30-00-1_500_dirty_glass.mp4-bee_id_6726-4305-1.png,0,0,False,False,True
train/videos/2017-08-28_09-30-00-1_500_dirty_glass/2017-08-28_09-30-00-1_500_dirty_glass.mp4-bee_id_6727-5700-1.png,1,1,True,True,True
train/videos/2017-08-28_09-30-00-1_500_dirty_glass/2017-08-28_09-30-00-1_500_dirty_glass.mp4-bee_id_6728-5835-1.png,1,2,True,True,True
train/videos/2017-08-28_09-30-00-1_500_dirty_glass/2017-08-28_09-30-00-1_500_dirty_glass.mp4-bee_id_6729-5880-1.png,1,0,True,False,True
train/videos/2017-08-28_09-30-00-1_500_dirty_glass/2017-08-28_09-30-00-1_500_dirty_glass.mp4-bee_id_6730-7005-1.png,1,1,True,True,True
train/videos/2017-08-28_09-30-00-1_500_dirty_glass/2017-08-28_09-30-00-1_500_dirty_glass.mp4-bee_id_6731-7050-1.png,1,1,True,True,True
train/videos/2017-08-28_09-30-00-1_500_dirty_glass/2017-08-28_09-30-00-1_500_dirty_glass.mp4-bee_id_6732-9270-1.png,0,0,False,False,True
train/videos/2017-08-28_09-30-00-1_500_dirty_glass/2017-08-28_09-30-00-1_500_dirty_glass.mp4-bee_id_6733-10020-1.png,1,0,True,False,True
train/videos/2017-08-28_09-30-00-1_500_dirty_glass/2017-08-28_09-30-00-1_500_dirty_glass.mp4-bee_id_6735-10365-1.png,0,0,False,False,True
train/videos/2017-08-28_09-30-00-1_500_dirty_glass/2017-08-28_09-30-00-1_500_dirty_glass.mp4-bee_id_6736-10635-1.png,1,1,True,False,True
train/videos/2017-08-28_09-30-00-1_500_dirty_glass/2017-08-28_09-30-00-1_500_dirty_glass.mp4-bee_id_6737-10650-1.png,0,0,False,False,True
train/videos/2017-08-28_09-30-00-1_500_dirty_glass/2017-08-28_09-30-00-1_500_dirty_glass.mp4-bee_id_6738-10785-1.png,0,0,False,False,True
train/videos/2017-08-28_09-30-00-1_500_dirty_glass/2017-08-28_09-30-00-1_500_dirty_glass.mp4-bee_id_6739-10800-1.png,0,0,False,False,True
train/videos/2017-08-28_09-30-00-1_500_dirty_glass/2017-08-28_09-30-00-1_500_dirty_glass.mp4-bee_id_6740-10815-1.png,0,0,False,False,True
train/videos/2017-08-28_09-30-00-1_500_dirty_glass/2017-08-28_09-30-00-1_500_dirty_glass.mp4-bee_id_6741-10890-1.png,0,0,False,False,True
train/videos/2017-08-28_09-30-00-1_500_dirty_glass/2017-08-28_09-30-00-1_500_dirty_glass.mp4-bee_id_6742-10980-1.png,0,0,False,False,True
train/videos/2017-08-28_09-30-00-1_500_dirty_glass/2017-08-28_09-30-00-1_500_dirty_glass.mp4-bee_id_6743-11040-1.png,1,0,True,False,True
train/videos/2017-08-28_09-30-00-1_500_dirty_glass/2017-08-28_09-30-00-1_500_dirty_glass.mp4-bee_id_6744-11055-1.png,0,0,False,False,True
train/videos/2017-08-28_09-30-00-1_500_dirty_glass/2017-08-28_09-30-00-1_500_dirty_glass.mp4-bee_id_6745-11070-1.png,0,0,False,False,True
train/videos/2017-08-28_09-30-00-1_500_dirty_glass/2017-08-28_09-30-00-1_500_dirty_glass.mp4-bee_id_6746-11085-1.png,0,0,False,False,True
train/videos/2017-08-28_09-30-00-1_500_dirty_glass/2017-08-28_09-30-00-1_500_dirty_glass.mp4-bee_id_6747-11145-1.png,1,1,True,False,True
train/videos/2017-08-28_09-30-00-1_500_dirty_glass/2017-08-28_09-30-00-1_500_dirty_glass.mp4-bee_id_6748-11205-1.png,0,0,False,False,True
train/videos/2017-08-28_09-30-00-1_500_dirty_glass/2017-08-28_09-30-00-1_500_dirty_glass.mp4-bee_id_6749-11235-1.png,0,0,False,False,True
train/videos/2017-08-28_09-30-00-1_500_dirty_glass/2017-08-28_09-30-00-1_500_dirty_glass.mp4-bee_id_6750-11250-1.png,0,0,False,False,True
train/videos/2017-08-28_09-30-00-1_500_dirty_glass/2017-08-28_09-30-00-1_500_dirty_glass.mp4-bee_id_6751-11265-1.png,0,0,False,False,True
train/videos/2017-08-28_09-30-00-1_500_dirty_glass/2017-08-28_09-30-00-1_500_dirty_glass.mp4-bee_id_6752-11400-1.png,0,0,False,False,True
train/videos/2017-08-28_09-30-00-1_500_dirty_glass/2017-08-28_09-30-00-1_500_dirty_glass.mp4-bee_id_6753-11415-1.png,0,0,False,False,True
train/videos/2017-08-28_09-30-00-1_500_dirty_glass/2017-08-28_09-30-00-1_500_dirty_glass.mp4-bee_id_6754-11655-1.png,0,0,False,False,True
train/videos/2017-08-28_09-30-00-1_500_dirty_glass/2017-08-28_09-30-00-1_500_dirty_glass.mp4-bee_id_6755-11685-1.png,0,0,False,False,True
train/videos/2017-08-28_09-30-00-1_500_dirty_glass/2017-08-28_09-30-00-1_500_dirty_glass.mp4-bee_id_6756-11700-1.png,0,0,False,False,True
train/videos/2017-08-28_09-30-00-1_500_dirty_glass/2017-08-28_09-30-00-1_500_dirty_glass.mp4-bee_id_6757-11715-1.png,0,0,False,False,True
train/videos/2017-08-28_09-30-00-1_500_dirty_glass/2017-08-28_09-30-00-1_500_dirty_glass.mp4-bee_id_6758-11730-1.png,0,0,False,False,True
train/videos/2017-08-28_09-30-00-1_500_dirty_glass/2017-08-28_09-30-00-1_500_dirty_glass.mp4-bee_id_6759-11745-1.png,0,0,False,False,True
train/videos/2017-08-28_09-30-00-1_500_dirty_glass/2017-08-28_09-30-00-1_500_dirty_glass.mp4-bee_id_6760-11790-1.png,0,0,False,False,True
train/videos/2017-08-28_09-30-00-1_500_dirty_glass/2017-08-28_09-30-00-1_500_dirty_glass.mp4-bee_id_6761-11820-1.png,0,0,False,False,True
train/videos/2017-08-28_09-30-00-1_500_dirty_glass/2017-08-28_09-30-00-1_500_dirty_glass.mp4-bee_id_6762-12000-1.png,1,1,True,True,True
train/videos/2017-08-28_09-30-00-1_500_dirty_glass/2017-08-28_09-30-00-1_500_dirty_glass.mp4-bee_id_6763-12405-1.png,0,0,False,False,True
train/videos/2017-08-28_09-30-00-1_500_dirty_glass/2017-08-28_09-30-00-1_500_dirty_glass.mp4-bee_id_6764-12450-1.png,1,0,True,False,True
train/videos/2017-08-28_09-30-00-1_500_dirty_glass/2017-08-28_09-30-00-1_500_dirty_glass.mp4-bee_id_6765-12450-1.png,0,0,False,False,True
train/videos/2017-08-28_09-30-00-1_500_dirty_glass/2017-08-28_09-30-00-1_500_dirty_glass.mp4-bee_id_6766-12480-1.png,0,0,False,False,True
train/videos/2017-08-28_09-30-00-1_500_dirty_glass/2017-08-28_09-30-00-1_500_dirty_glass.mp4-bee_id_6767-12480-1.png,0,0,False,False,True
train/videos/2017-08-28_09-30-00-1_500_dirty_glass/2017-08-28_09-30-00-1_500_dirty_glass.mp4-bee_id_6768-12495-1.png,1,0,True,False,True
train/videos/2017-08-28_09-30-00-1_500_dirty_glass/2017-08-28_09-30-00-1_500_dirty_glass.mp4-bee_id_6769-12510-1.png,1,1,True,True,True
train/videos/2017-08-28_09-30-00-1_500_dirty_glass/2017-08-28_09-30-00-1_500_dirty_glass.mp4-bee_id_6770-12525-1.png,1,0,True,False,True
train/videos/2017-08-28_09-30-00-1_500_dirty_glass/2017-08-28_09-30-00-1_500_dirty_glass.mp4-bee_id_6771-12555-1.png,1,1,True,True,True
train/videos/2017-08-28_09-30-00-1_500_dirty_glass/2017-08-28_09-30-00-1_500_dirty_glass.mp4-bee_id_6772-12570-1.png,1,1,True,True,True
train/videos/2017-08-28_09-30-00-1_500_dirty_glass/2017-08-28_09-30-00-1_500_dirty_glass.mp4-bee_id_6773-12585-1.png,1,0,True,False,True
train/videos/2017-08-28_09-30-00-1_500_dirty_glass/2017-08-28_09-30-00-1_500_dirty_glass.mp4-bee_id_6774-12600-1.png,1,0,True,False,True
train/videos/2017-08-28_09-30-00-1_500_dirty_glass/2017-08-28_09-30-00-1_500_dirty_glass.mp4-bee_id_6775-12645-1.png,1,1,True,False,True
train/videos/2017-08-28_09-30-00-1_500_dirty_glass/2017-08-28_09-30-00-1_500_dirty_glass.mp4-bee_id_6776-12900-1.png,1,0,True,False,True
train/videos/2017-08-28_09-30-00-1_500_dirty_glass/2017-08-28_09-30-00-1_500_dirty_glass.mp4-bee_id_6777-12915-1.png,1,0,True,False,True
train/videos/2017-08-28_09-30-00-1_500_dirty_glass/2017-08-28_09-30-00-1_500_dirty_glass.mp4-bee_id_6778-13290-1.png,1,1,True,True,True
train/videos/2017-08-28_09-30-00-1_500_dirty_glass/2017-08-28_09-30-00-1_500_dirty_glass.mp4-bee_id_6779-13305-1.png,1,1,True,True,True
train/videos/2017-08-28_09-30-00-1_500_dirty_glass/2017-08-28_09-30-00-1_500_dirty_glass.mp4-bee_id_6780-13320-1.png,1,1,True,True,True
train/videos/2017-08-28_09-30-00-1_500_dirty_glass/2017-08-28_09-30-00-1_500_dirty_glass.mp4-bee_id_6781-13335-1.png,1,0,True,False,True
train/videos/2017-08-28_09-30-00-1_500_dirty_glass/2017-08-28_09-30-00-1_500_dirty_glass.mp4-bee_id_6782-13440-1.png,1,0,True,False,True
train/videos/2017-08-28_09-30-00-1_500_dirty_glass/2017-08-28_09-30-00-1_500_dirty_glass.mp4-bee_id_6783-13635-1.png,0,0,False,False,True
train/videos/2017-08-28_09-30-00-1_500_dirty_glass/2017-08-28_09-30-00-1_500_dirty_glass.mp4-bee_id_6784-13650-1.png,0,0,False,False,True
train/videos/2017-08-28_09-30-00-1_500_dirty_glass/2017-08-28_09-30-00-1_500_dirty_glass.mp4-bee_id_6785-13665-1.png,0,0,False,False,True
train/videos/2017-08-28_09-30-00-1_500_dirty_glass/2017-08-28_09-30-00-1_500_dirty_glass.mp4-bee_id_6786-13680-1.png,0,0,False,False,True
train/videos/2017-08-28_09-30-00-1_500_dirty_glass/2017-08-28_09-30-00-1_500_dirty_glass.mp4-bee_id_6787-13740-1.png,0,0,False,False,True
train/videos/2017-08-28_09-30-00-1_500_dirty_glass/2017-08-28_09-30-00-1_500_dirty_glass.mp4-bee_id_6788-13755-1.png,0,0,False,False,True
train/videos/2017-08-28_09-30-00-1_500_dirty_glass/2017-08-28_09-30-00-1_500_dirty_glass.mp4-bee_id_6789-13770-1.png,0,0,False,False,True
train/videos/2017-08-28_09-30-00-1_500_dirty_glass/2017-08-28_09-30-00-1_500_dirty_glass.mp4-bee_id_6790-13785-1.png,0,0,False,False,True
train/videos/2017-08-28_09-30-00-1_500_dirty_glass/2017-08-28_09-30-00-1_500_dirty_glass.mp4-bee_id_6791-13845-1.png,1,1,True,False,True
train/videos/2017-08-28_09-30-00-1_500_dirty_glass/2017-08-28_09-30-00-1_500_dirty_glass.mp4-bee_id_6792-13875-1.png,1,0,True,False,True
train/videos/2017-08-28_09-30-00-1_500_dirty_glass/2017-08-28_09-30-00-1_500_dirty_glass.mp4-bee_id_6793-13890-1.png,0,0,False,False,True
train/videos/2017-08-28_09-30-00-1_500_dirty_glass/2017-08-28_09-30-00-1_500_dirty_glass.mp4-bee_id_6794-13905-1.png,1,0,True,False,True
train/videos/2017-08-28_09-30-00-1_500_dirty_glass/2017-08-28_09-30-00-1_500_dirty_glass.mp4-bee_id_6795-13905-1.png,0,0,False,False,True
train/videos/2017-08-28_09-30-00-1_500_dirty_glass/2017-08-28_09-30-00-1_500_dirty_glass.mp4-bee_id_6796-13920-1.png,0,0,False,False,True
train/videos/2017-08-28_09-30-00-1_500_dirty_glass/2017-08-28_09-30-00-1_500_dirty_glass.mp4-bee_id_6797-13935-1.png,0,0,False,False,True
train/videos/2017-08-28_09-30-00-1_500_dirty_glass/2017-08-28_09-30-00-1_500_dirty_glass.mp4-bee_id_6798-13950-1.png,0,0,False,False,True
train/videos/2017-08-28_09-30-00-1_500_dirty_glass/2017-08-28_09-30-00-1_500_dirty_glass.mp4-bee_id_6799-14010-1.png,0,0,False,False,True
train/videos/2017-08-28_09-30-00-1_500_dirty_glass/2017-08-28_09-30-00-1_500_dirty_glass.mp4-bee_id_6800-14205-1.png,1,1,True,True,True
train/videos/2017-08-28_09-30-00-1_500_dirty_glass/2017-08-28_09-30-00-1_500_dirty_glass.mp4-bee_id_6801-14265-1.png,1,0,True,False,True
train/videos/2017-08-28_09-30-00-1_500_dirty_glass/2017-08-28_09-30-00-1_500_dirty_glass.mp4-bee_id_6802-14280-1.png,0,0,False,False,True
train/videos/2017-08-28_09-30-00-1_500_dirty_glass/2017-08-28_09-30-00-1_500_dirty_glass.mp4-bee_id_6803-14295-1.png,0,0,False,False,True
train/videos/2017-08-28_09-30-00-1_500_dirty_glass/2017-08-28_09-30-00-1_500_dirty_glass.mp4-bee_id_6804-14310-1.png,0,0,False,False,True
train/videos/2017-08-28_09-30-00-1_500_dirty_glass/2017-08-28_09-30-00-1_500_dirty_glass.mp4-bee_id_6805-14325-1.png,0,0,False,False,True
train/videos/2017-08-28_09-30-00-1_500_dirty_glass/2017-08-28_09-30-00-1_500_dirty_glass.mp4-bee_id_6806-14445-1.png,1,0,True,False,True
train/videos/2017-08-28_09-30-00-1_500_dirty_glass/2017-08-28_09-30-00-1_500_dirty_glass.mp4-bee_id_6807-14460-1.png,1,1,True,True,True
train/videos/2017-08-28_09-30-00-1_500_dirty_glass/2017-08-28_09-30-00-1_500_dirty_glass.mp4-bee_id_6808-14475-1.png,0,0,False,False,True
train/videos/2017-08-28_09-30-00-1_500_dirty_glass/2017-08-28_09-30-00-1_500_dirty_glass.mp4-bee_id_6809-14640-1.png,0,0,False,False,True
train/videos/2017-08-28_09-30-00-1_500_dirty_glass/2017-08-28_09-30-00-1_500_dirty_glass.mp4-bee_id_6810-14685-1.png,0,0,False,False,True
train/videos/2017-08-28_09-30-00-1_500_dirty_glass/2017-08-28_09-30-00-1_500_dirty_glass.mp4-bee_id_6811-14700-1.png,1,0,True,False,True
train/videos/2017-08-28_09-30-00-1_500_dirty_glass/2017-08-28_09-30-00-1_500_dirty_glass.mp4-bee_id_6812-14700-1.png,1,1,True,False,True
train/videos/2017-08-28_09-30-00-1_500_dirty_glass/2017-08-28_09-30-00-1_500_dirty_glass.mp4-bee_id_6813-14715-1.png,1,0,True,False,True
train/videos/2017-08-28_09-30-00-1_500_dirty_glass/2017-08-28_09-30-00-1_500_dirty_glass.mp4-bee_id_6814-14745-1.png,0,0,False,False,True
train/videos/2017-08-28_09-30-00-1_500_dirty_glass/2017-08-28_09-30-00-1_500_dirty_glass.mp4-bee_id_6815-14745-1.png,0,0,False,False,True
train/videos/2017-08-28_09-30-00-1_500_dirty_glass/2017-08-28_09-30-00-1_500_dirty_glass.mp4-bee_id_6816-14790-1.png,0,0,False,False,True
train/videos/2017-08-28_09-30-00-1_500_dirty_glass/2017-08-28_09-30-00-1_500_dirty_glass.mp4-bee_id_6817-14805-1.png,0,0,False,False,True
train/videos/2017-08-28_09-30-00-1_500_dirty_glass/2017-08-28_09-30-00-1_500_dirty_glass.mp4-bee_id_6818-14805-1.png,0,0,False,False,True
train/videos/2017-08-28_09-30-00-1_500_dirty_glass/2017-08-28_09-30-00-1_500_dirty_glass.mp4-bee_id_6819-14820-1.png,1,0,True,False,True
train/videos/2017-08-28_09-30-00-1_500_dirty_glass/2017-08-28_09-30-00-1_500_dirty_glass.mp4-bee_id_6820-14835-1.png,1,0,True,False,True
train/videos/2017-08-28_09-30-00-1_500_dirty_glass/2017-08-28_09-30-00-1_500_dirty_glass.mp4-bee_id_6821-14850-1.png,1,1,True,True,True
train/videos/2017-08-28_09-30-00-1_500_dirty_glass/2017-08-28_09-30-00-1_500_dirty_glass.mp4-bee_id_6822-14910-1.png,1,1,True,True,True
train/videos/2017-08-28_09-30-00-1_500_dirty_glass/2017-08-28_09-30-00-1_500_dirty_glass.mp4-bee_id_6823-14940-1.png,1,1,True,True,True
train/videos/2017-08-28_09-30-00-1_500_dirty_glass/2017-08-28_09-30-00-1_500_dirty_glass.mp4-bee_id_6824-14940-1.png,1,0,True,False,True
train/videos/2017-08-28_09-30-00-1_500_dirty_glass/2017-08-28_09-30-00-1_500_dirty_glass.mp4-bee_id_6825-15000-1.png,1,0,True,False,True
train/videos/2017-08-28_09-30-00-1_500_dirty_glass/2017-08-28_09-30-00-1_500_dirty_glass.mp4-bee_id_6826-15030-1.png,0,0,False,False,True
train/videos/2017-08-28_09-30-00-1_500_dirty_glass/2017-08-28_09-30-00-1_500_dirty_glass.mp4-bee_id_6827-15060-1.png,0,0,False,False,True
train/videos/2017-08-28_09-30-00-1_500_dirty_glass/2017-08-28_09-30-00-1_500_dirty_glass.mp4-bee_id_6828-15075-1.png,0,0,False,False,True
train/videos/2017-08-28_09-30-00-1_500_dirty_glass/2017-08-28_09-30-00-1_500_dirty_glass.mp4-bee_id_6829-15090-1.png,0,2,False,False,True
train/videos/2017-08-28_09-30-00-1_500_dirty_glass/2017-08-28_09-30-00-1_500_dirty_glass.mp4-bee_id_6830-15120-1.png,0,0,False,False,True
train/videos/2017-08-28_09-30-00-1_500_dirty_glass/2017-08-28_09-30-00-1_500_dirty_glass.mp4-bee_id_6831-15270-1.png,0,0,False,False,True
train/videos/2017-08-28_09-30-00-1_500_dirty_glass/2017-08-28_09-30-00-1_500_dirty_glass.mp4-bee_id_6832-15300-1.png,1,0,True,False,True
train/videos/2017-08-28_09-30-00-1_500_dirty_glass/2017-08-28_09-30-00-1_500_dirty_glass.mp4-bee_id_6833-15315-1.png,1,1,True,True,True
train/videos/2017-08-28_09-30-00-1_500_dirty_glass/2017-08-28_09-30-00-1_500_dirty_glass.mp4-bee_id_6834-15345-1.png,1,1,True,True,True
train/videos/2017-08-28_09-30-00-1_500_dirty_glass/2017-08-28_09-30-00-1_500_dirty_glass.mp4-bee_id_6835-15345-1.png,1,1,True,True,True
train/videos/2017-08-28_09-30-00-1_500_dirty_glass/2017-08-28_09-30-00-1_500_dirty_glass.mp4-bee_id_6836-15360-1.png,0,0,False,False,True
train/videos/2017-08-28_09-30-00-1_500_dirty_glass/2017-08-28_09-30-00-1_500_dirty_glass.mp4-bee_id_6837-15420-1.png,0,0,False,False,True
train/videos/2017-08-28_09-30-00-1_500_dirty_glass/2017-08-28_09-30-00-1_500_dirty_glass.mp4-bee_id_6838-15420-1.png,1,1,True,True,True
train/videos/2017-08-28_09-30-00-1_500_dirty_glass/2017-08-28_09-30-00-1_500_dirty_glass.mp4-bee_id_6839-15450-1.png,1,0,True,False,True
train/videos/2017-08-28_09-30-00-1_500_dirty_glass/2017-08-28_09-30-00-1_500_dirty_glass.mp4-bee_id_6840-15450-1.png,0,0,False,False,True
train/videos/2017-08-28_09-30-00-1_500_dirty_glass/2017-08-28_09-30-00-1_500_dirty_glass.mp4-bee_id_6841-15450-1.png,0,0,False,False,True
train/videos/2017-08-28_09-30-00-1_500_dirty_glass/2017-08-28_09-30-00-1_500_dirty_glass.mp4-bee_id_6842-15675-1.png,0,0,False,False,True
train/videos/2017-08-28_09-30-00-1_500_dirty_glass/2017-08-28_09-30-00-1_500_dirty_glass.mp4-bee_id_6843-15735-1.png,1,1,True,True,True
train/videos/2017-08-28_09-30-00-1_500_dirty_glass/2017-08-28_09-30-00-1_500_dirty_glass.mp4-bee_id_6844-15750-1.png,0,0,False,False,True
train/videos/2017-08-28_09-30-00-1_500_dirty_glass/2017-08-28_09-30-00-1_500_dirty_glass.mp4-bee_id_6845-15750-1.png,1,1,True,False,True
train/videos/2017-08-28_09-30-00-1_500_dirty_glass/2017-08-28_09-30-00-1_500_dirty_glass.mp4-bee_id_6846-15765-1.png,0,0,False,False,True
train/videos/2017-08-28_09-30-00-1_500_dirty_glass/2017-08-28_09-30-00-1_500_dirty_glass.mp4-bee_id_6847-15765-1.png,1,0,True,False,True
train/videos/2017-08-28_09-30-00-1_500_dirty_glass/2017-08-28_09-30-00-1_500_dirty_glass.mp4-bee_id_6848-15780-1.png,0,0,False,False,True
train/videos/2017-08-28_09-30-00-1_500_dirty_glass/2017-08-28_09-30-00-1_500_dirty_glass.mp4-bee_id_6849-15780-1.png,0,0,False,False,True
train/videos/2017-08-28_09-30-00-1_500_dirty_glass/2017-08-28_09-30-00-1_500_dirty_glass.mp4-bee_id_6850-15810-1.png,0,0,False,False,True
train/videos/2017-08-28_09-30-00-1_500_dirty_glass/2017-08-28_09-30-00-1_500_dirty_glass.mp4-bee_id_6851-15930-1.png,0,0,False,False,True
train/videos/2017-08-28_09-30-00-1_500_dirty_glass/2017-08-28_09-30-00-1_500_dirty_glass.mp4-bee_id_6852-15945-1.png,0,0,False,False,True
train/videos/2017-08-28_09-30-00-1_500_dirty_glass/2017-08-28_09-30-00-1_500_dirty_glass.mp4-bee_id_6853-15945-1.png,0,0,False,False,True
train/videos/2017-08-28_09-30-00-1_500_dirty_glass/2017-08-28_09-30-00-1_500_dirty_glass.mp4-bee_id_6854-15975-1.png,0,0,False,False,True
train/videos/2017-08-28_09-30-00-1_500_dirty_glass/2017-08-28_09-30-00-1_500_dirty_glass.mp4-bee_id_6855-16080-1.png,1,0,True,False,True
train/videos/2017-08-28_09-30-00-1_500_dirty_glass/2017-08-28_09-30-00-1_500_dirty_glass.mp4-bee_id_6856-16080-1.png,0,0,False,False,True
train/videos/2017-08-28_09-30-00-1_500_dirty_glass/2017-08-28_09-30-00-1_500_dirty_glass.mp4-bee_id_6857-16125-1.png,1,0,True,False,True
train/videos/2017-08-28_09-30-00-1_500_dirty_glass/2017-08-28_09-30-00-1_500_dirty_glass.mp4-bee_id_6858-16140-1.png,0,0,False,False,True
train/videos/2017-08-28_09-30-00-1_500_dirty_glass/2017-08-28_09-30-00-1_500_dirty_glass.mp4-bee_id_6859-16170-1.png,1,1,True,True,True
train/videos/2017-08-28_09-30-00-1_500_dirty_glass/2017-08-28_09-30-00-1_500_dirty_glass.mp4-bee_id_6860-16200-1.png,0,0,False,False,True
train/videos/2017-08-28_09-30-00-1_500_dirty_glass/2017-08-28_09-30-00-1_500_dirty_glass.mp4-bee_id_6861-16260-1.png,0,0,False,False,True
train/videos/2017-08-28_09-30-00-1_500_dirty_glass/2017-08-28_09-30-00-1_500_dirty_glass.mp4-bee_id_6862-16290-1.png,1,0,True,False,True
train/videos/2017-08-28_09-30-00-1_500_dirty_glass/2017-08-28_09-30-00-1_500_dirty_glass.mp4-bee_id_6863-16410-1.png,0,1,False,False,True
train/videos/2017-08-28_09-30-00-1_500_dirty_glass/2017-08-28_09-30-00-1_500_dirty_glass.mp4-bee_id_6864-16425-1.png,0,0,False,False,True
train/videos/2017-08-28_09-30-00-1_500_dirty_glass/2017-08-28_09-30-00-1_500_dirty_glass.mp4-bee_id_6865-16440-1.png,0,0,False,False,True
train/videos/2017-08-28_09-30-00-1_500_dirty_glass/2017-08-28_09-30-00-1_500_dirty_glass.mp4-bee_id_6866-16470-1.png,1,1,True,False,True
train/videos/2017-08-28_09-30-00-1_500_dirty_glass/2017-08-28_09-30-00-1_500_dirty_glass.mp4-bee_id_6867-16485-1.png,0,0,False,False,True
train/videos/2017-08-28_09-30-00-1_500_dirty_glass/2017-08-28_09-30-00-1_500_dirty_glass.mp4-bee_id_6868-16500-1.png,0,0,False,False,True
train/videos/2017-08-28_09-30-00-1_500_dirty_glass/2017-08-28_09-30-00-1_500_dirty_glass.mp4-bee_id_6869-16605-1.png,0,0,False,False,True
train/videos/2017-08-28_09-30-00-1_500_dirty_glass/2017-08-28_09-30-00-1_500_dirty_glass.mp4-bee_id_6870-16635-1.png,1,0,True,False,True
train/videos/2017-08-28_09-30-00-1_500_dirty_glass/2017-08-28_09-30-00-1_500_dirty_glass.mp4-bee_id_6871-16710-1.png,1,0,True,False,True
train/videos/2017-08-28_09-30-00-1_500_dirty_glass/2017-08-28_09-30-00-1_500_dirty_glass.mp4-bee_id_6872-17055-1.png,0,0,False,False,True
train/videos/2017-08-28_09-30-00-1_500_dirty_glass/2017-08-28_09-30-00-1_500_dirty_glass.mp4-bee_id_6873-17175-1.png,0,0,False,False,True
train/videos/2017-08-28_09-30-00-1_500_dirty_glass/2017-08-28_09-30-00-1_500_dirty_glass.mp4-bee_id_6874-17205-1.png,1,1,True,True,True
train/videos/2017-08-28_09-30-00-1_500_dirty_glass/2017-08-28_09-30-00-1_500_dirty_glass.mp4-bee_id_6875-17535-1.png,0,0,False,False,True
train/videos/2017-08-28_09-30-00-1_500_dirty_glass/2017-08-28_09-30-00-1_500_dirty_glass.mp4-bee_id_6876-17550-1.png,0,0,False,False,True
train/videos/2017-08-28_09-30-00-1_500_dirty_glass/2017-08-28_09-30-00-1_500_dirty_glass.mp4-bee_id_6877-17580-1.png,0,1,False,False,True
train/videos/2017-08-28_09-30-00-1_500_dirty_glass/2017-08-28_09-30-00-1_500_dirty_glass.mp4-bee_id_6878-17595-1.png,1,0,True,False,True
train/videos/2017-08-28_09-30-00-1_500_dirty_glass/2017-08-28_09-30-00-1_500_dirty_glass.mp4-bee_id_6879-17610-1.png,1,1,True,False,True
train/videos/2017-08-28_09-30-00-1_500_dirty_glass/2017-08-28_09-30-00-1_500_dirty_glass.mp4-bee_id_6880-17700-1.png,0,0,False,False,True
train/videos/2017-08-28_09-30-00-1_500_dirty_glass/2017-08-28_09-30-00-1_500_dirty_glass.mp4-bee_id_6881-17730-1.png,0,0,False,False,True
train/videos/2017-08-28_09-30-00-1_500_dirty_glass/2017-08-28_09-30-00-1_500_dirty_glass.mp4-bee_id_6882-17910-1.png,0,0,False,False,True
train/videos/2017-08-28_09-30-00-1_500_dirty_glass/2017-08-28_09-30-00-1_500_dirty_glass.mp4-bee_id_6883-18375-1.png,1,0,True,False,True
train/videos/2017-08-28_09-30-00-1_500_dirty_glass/2017-08-28_09-30-00-1_500_dirty_glass.mp4-bee_id_6884-18420-1.png,0,0,False,False,True
train/videos/2017-08-28_09-30-00-1_500_dirty_glass/2017-08-28_09-30-00-1_500_dirty_glass.mp4-bee_id_6885-18645-1.png,0,0,False,False,True
train/videos/2017-08-28_09-30-00-1_500_dirty_glass/2017-08-28_09-30-00-1_500_dirty_glass.mp4-bee_id_6886-18660-1.png,0,0,False,False,True
train/videos/2017-08-28_09-30-00-1_500_dirty_glass/2017-08-28_09-30-00-1_500_dirty_glass.mp4-bee_id_6887-18720-1.png,0,0,False,False,True
train/videos/2017-08-28_09-30-00-1_500_dirty_glass/2017-08-28_09-30-00-1_500_dirty_glass.mp4-bee_id_6888-18765-1.png,0,0,False,False,True
train/videos/2017-08-28_09-30-00-1_500_dirty_glass/2017-08-28_09-30-00-1_500_dirty_glass.mp4-bee_id_6889-18780-1.png,1,0,True,False,True
train/videos/2017-08-28_09-30-00-1_500_dirty_glass/2017-08-28_09-30-00-1_500_dirty_glass.mp4-bee_id_6890-18795-1.png,0,0,False,False,True
train/videos/2017-08-28_09-30-00-1_500_dirty_glass/2017-08-28_09-30-00-1_500_dirty_glass.mp4-bee_id_6892-18870-1.png,1,0,True,False,True
train/videos/2017-08-28_09-30-00-1_500_dirty_glass/2017-08-28_09-30-00-1_500_dirty_glass.mp4-bee_id_6893-18915-1.png,0,0,False,False,True
train/videos/2017-08-28_09-30-00-1_500_dirty_glass/2017-08-28_09-30-00-1_500_dirty_glass.mp4-bee_id_6894-18930-1.png,0,0,False,False,True
train/videos/2017-08-28_09-30-00-1_500_dirty_glass/2017-08-28_09-30-00-1_500_dirty_glass.mp4-bee_id_6895-18945-1.png,1,0,True,False,True
train/videos/2017-08-28_09-30-00-1_500_dirty_glass/2017-08-28_09-30-00-1_500_dirty_glass.mp4-bee_id_6896-18945-1.png,0,0,False,False,True
train/videos/2017-08-28_09-30-00-1_500_dirty_glass/2017-08-28_09-30-00-1_500_dirty_glass.mp4-bee_id_6897-18960-1.png,1,0,True,False,True
train/videos/2017-08-28_09-30-00-1_500_dirty_glass/2017-08-28_09-30-00-1_500_dirty_glass.mp4-bee_id_6898-19005-1.png,0,0,False,False,True
train/videos/2017-08-28_09-30-00-1_500_dirty_glass/2017-08-28_09-30-00-1_500_dirty_glass.mp4-bee_id_6899-19035-1.png,0,0,False,False,True
train/videos/2017-08-28_09-30-00-1_500_dirty_glass/2017-08-28_09-30-00-1_500_dirty_glass.mp4-bee_id_6900-19050-1.png,0,0,False,False,True
train/videos/2017-08-28_09-30-00-1_500_dirty_glass/2017-08-28_09-30-00-1_500_dirty_glass.mp4-bee_id_6901-19095-1.png,0,0,False,False,True
train/videos/2017-08-28_09-30-00-1_500_dirty_glass/2017-08-28_09-30-00-1_500_dirty_glass.mp4-bee_id_6902-19185-1.png,0,0,False,False,True
train/videos/2017-08-28_09-30-00-1_500_dirty_glass/2017-08-28_09-30-00-1_500_dirty_glass.mp4-bee_id_6903-19200-1.png,0,0,False,False,True
train/videos/2017-08-28_09-30-00-1_500_dirty_glass/2017-08-28_09-30-00-1_500_dirty_glass.mp4-bee_id_6904-19215-1.png,0,0,False,False,True
train/videos/2017-08-28_09-30-00-1_500_dirty_glass/2017-08-28_09-30-00-1_500_dirty_glass.mp4-bee_id_6905-19230-1.png,0,0,False,False,True
train/videos/2017-08-28_09-30-00-1_500_dirty_glass/2017-08-28_09-30-00-1_500_dirty_glass.mp4-bee_id_6906-19305-1.png,0,0,False,False,True
train/videos/2017-08-28_09-30-00-1_500_dirty_glass/2017-08-28_09-30-00-1_500_dirty_glass.mp4-bee_id_6907-19305-1.png,0,1,False,False,True
train/videos/2017-08-28_09-30-00-1_500_dirty_glass/2017-08-28_09-30-00-1_500_dirty_glass.mp4-bee_id_6908-19320-1.png,0,0,False,False,True
train/videos/2017-08-28_09-30-00-1_500_dirty_glass/2017-08-28_09-30-00-1_500_dirty_glass.mp4-bee_id_6909-19395-1.png,0,0,False,False,True
train/videos/2017-08-28_09-30-00-1_500_dirty_glass/2017-08-28_09-30-00-1_500_dirty_glass.mp4-bee_id_6910-19575-1.png,0,0,False,False,True
train/videos/2017-08-28_09-30-00-1_500_dirty_glass/2017-08-28_09-30-00-1_500_dirty_glass.mp4-bee_id_6911-19590-1.png,1,0,True,False,True
train/videos/2017-08-28_09-30-00-1_500_dirty_glass/2017-08-28_09-30-00-1_500_dirty_glass.mp4-bee_id_6912-19800-1.png,1,0,True,False,True
train/videos/2017-08-28_09-30-00-1_500_dirty_glass/2017-08-28_09-30-00-1_500_dirty_glass.mp4-bee_id_6913-19890-1.png,1,0,True,False,True
train/videos/2017-08-28_09-30-00-1_500_dirty_glass/2017-08-28_09-30-00-1_500_dirty_glass.mp4-bee_id_6914-20010-1.png,0,0,False,False,True
train/videos/2017-08-28_09-30-00-1_500_dirty_glass/2017-08-28_09-30-00-1_500_dirty_glass.mp4-bee_id_6915-20010-1.png,1,1,True,True,True
train/videos/2017-08-28_09-30-00-1_500_dirty_glass/2017-08-28_09-30-00-1_500_dirty_glass.mp4-bee_id_6916-20025-1.png,0,0,False,False,True
train/videos/2017-08-28_09-30-00-1_500_dirty_glass/2017-08-28_09-30-00-1_500_dirty_glass.mp4-bee_id_6917-20025-1.png,0,0,False,False,True
train/videos/2017-08-28_09-30-00-1_500_dirty_glass/2017-08-28_09-30-00-1_500_dirty_glass.mp4-bee_id_6918-20205-1.png,1,0,True,False,True
train/videos/2017-08-28_09-30-00-1_500_dirty_glass/2017-08-28_09-30-00-1_500_dirty_glass.mp4-bee_id_6919-20220-1.png,1,0,True,False,True
train/videos/2017-08-28_09-30-00-1_500_dirty_glass/2017-08-28_09-30-00-1_500_dirty_glass.mp4-bee_id_6920-20250-1.png,1,0,True,False,True
train/videos/2017-08-28_09-30-00-1_500_dirty_glass/2017-08-28_09-30-00-1_500_dirty_glass.mp4-bee_id_6921-20265-1.png,0,0,False,False,True
train/videos/2017-08-28_09-30-00-1_500_dirty_glass/2017-08-28_09-30-00-1_500_dirty_glass.mp4-bee_id_6924-20505-1.png,1,1,True,False,True
train/videos/2017-08-28_09-30-00-1_500_dirty_glass/2017-08-28_09-30-00-1_500_dirty_glass.mp4-bee_id_6927-20640-1.png,0,0,False,False,True
train/videos/2017-08-28_09-30-00-1_500_dirty_glass/2017-08-28_09-30-00-1_500_dirty_glass.mp4-bee_id_6929-20670-1.png,0,0,False,False,True
train/videos/2017-08-28_09-30-00-1_500_dirty_glass/2017-08-28_09-30-00-1_500_dirty_glass.mp4-bee_id_6931-20775-1.png,0,1,False,False,True
train/videos/2017-08-28_09-30-00-1_500_dirty_glass/2017-08-28_09-30-00-1_500_dirty_glass.mp4-bee_id_6932-20820-1.png,0,2,False,False,True
train/videos/2017-08-28_09-30-00-1_500_dirty_glass/2017-08-28_09-30-00-1_500_dirty_glass.mp4-bee_id_6933-20865-1.png,0,0,False,False,True
train/videos/2017-08-28_09-30-00-1_500_dirty_glass/2017-08-28_09-30-00-1_500_dirty_glass.mp4-bee_id_6934-20880-1.png,0,0,False,False,True
train/videos/2017-08-28_09-30-00-1_500_dirty_glass/2017-08-28_09-30-00-1_500_dirty_glass.mp4-bee_id_6935-20895-1.png,1,0,True,False,True
train/videos/2017-08-28_09-30-00-1_500_dirty_glass/2017-08-28_09-30-00-1_500_dirty_glass.mp4-bee_id_6936-20910-1.png,0,0,False,False,True
train/videos/2017-08-28_09-30-00-1_500_dirty_glass/2017-08-28_09-30-00-1_500_dirty_glass.mp4-bee_id_6937-20910-1.png,1,0,True,False,True
train/videos/2017-08-28_09-30-00-1_500_dirty_glass/2017-08-28_09-30-00-1_500_dirty_glass.mp4-bee_id_6938-20940-1.png,0,0,False,False,True
train/videos/2017-08-28_09-30-00-1_500_dirty_glass/2017-08-28_09-30-00-1_500_dirty_glass.mp4-bee_id_6939-20985-1.png,1,0,True,False,True
train/videos/2017-08-28_09-30-00-1_500_dirty_glass/2017-08-28_09-30-00-1_500_dirty_glass.mp4-bee_id_6940-21030-1.png,1,1,True,False,True
train/videos/2017-08-28_09-30-00-1_500_dirty_glass/2017-08-28_09-30-00-1_500_dirty_glass.mp4-bee_id_6941-21045-1.png,1,1,True,True,True
train/videos/2017-08-28_09-30-00-1_500_dirty_glass/2017-08-28_09-30-00-1_500_dirty_glass.mp4-bee_id_6942-21060-1.png,0,0,False,False,True
train/videos/2017-08-28_09-30-00-1_500_dirty_glass/2017-08-28_09-30-00-1_500_dirty_glass.mp4-bee_id_6943-21075-1.png,0,2,False,False,True
train/videos/2017-08-28_09-30-00-1_500_dirty_glass/2017-08-28_09-30-00-1_500_dirty_glass.mp4-bee_id_6944-21090-1.png,0,0,False,False,True
train/videos/2017-08-28_09-30-00-1_500_dirty_glass/2017-08-28_09-30-00-1_500_dirty_glass.mp4-bee_id_6945-21105-1.png,0,0,False,False,True
train/videos/2017-08-28_09-30-00-1_500_dirty_glass/2017-08-28_09-30-00-1_500_dirty_glass.mp4-bee_id_6946-21135-1.png,1,0,True,False,True
train/videos/2017-08-28_09-30-00-1_500_dirty_glass/2017-08-28_09-30-00-1_500_dirty_glass.mp4-bee_id_6947-21150-1.png,1,0,True,False,True
train/videos/2017-08-28_09-30-00-1_500_dirty_glass/2017-08-28_09-30-00-1_500_dirty_glass.mp4-bee_id_6948-21240-1.png,0,0,False,False,True
train/videos/2017-08-28_09-30-00-1_500_dirty_glass/2017-08-28_09-30-00-1_500_dirty_glass.mp4-bee_id_6949-21240-1.png,1,0,True,False,True
train/videos/2017-08-28_09-30-00-1_500_dirty_glass/2017-08-28_09-30-00-1_500_dirty_glass.mp4-bee_id_6950-21255-1.png,0,0,False,False,True
train/videos/2017-08-28_09-30-00-1_500_dirty_glass/2017-08-28_09-30-00-1_500_dirty_glass.mp4-bee_id_6951-21300-1.png,0,0,False,False,True
train/videos/2017-08-28_09-30-00-1_500_dirty_glass/2017-08-28_09-30-00-1_500_dirty_glass.mp4-bee_id_6952-21315-1.png,0,0,False,False,True
train/videos/2017-08-28_09-30-00-1_500_dirty_glass/2017-08-28_09-30-00-1_500_dirty_glass.mp4-bee_id_6953-21330-1.png,0,0,False,False,True
train/videos/2017-08-28_09-30-00-1_500_dirty_glass/2017-08-28_09-30-00-1_500_dirty_glass.mp4-bee_id_6954-21345-1.png,1,0,True,False,True
train/videos/2017-08-28_09-30-00-1_500_dirty_glass/2017-08-28_09-30-00-1_500_dirty_glass.mp4-bee_id_6955-21360-1.png,1,0,True,False,True
train/videos/2017-08-28_09-30-00-1_500_dirty_glass/2017-08-28_09-30-00-1_500_dirty_glass.mp4-bee_id_6956-21420-1.png,0,0,False,False,True
train/videos/2017-08-28_09-30-00-1_500_dirty_glass/2017-08-28_09-30-00-1_500_dirty_glass.mp4-bee_id_6957-21540-1.png,0,0,False,False,True
train/videos/2017-08-28_09-30-00-1_500_dirty_glass/2017-08-28_09-30-00-1_500_dirty_glass.mp4-bee_id_6958-21555-1.png,0,0,False,False,True
train/videos/2017-08-28_09-30-00-1_500_dirty_glass/2017-08-28_09-30-00-1_500_dirty_glass.mp4-bee_id_6959-21570-1.png,1,1,True,True,True
train/videos/2017-08-28_09-30-00-1_500_dirty_glass/2017-08-28_09-30-00-1_500_dirty_glass.mp4-bee_id_6960-21600-1.png,0,0,False,False,True
train/videos/2017-08-28_09-30-00-1_500_dirty_glass/2017-08-28_09-30-00-1_500_dirty_glass.mp4-bee_id_6961-21615-1.png,0,0,False,False,True
train/videos/2017-08-28_09-30-00-1_500_dirty_glass/2017-08-28_09-30-00-1_500_dirty_glass.mp4-bee_id_6962-21660-1.png,0,0,False,False,True
train/videos/2017-08-28_09-30-00-1_500_dirty_glass/2017-08-28_09-30-00-1_500_dirty_glass.mp4-bee_id_6963-21690-1.png,1,0,True,False,True
train/videos/2017-08-28_09-30-00-1_500_dirty_glass/2017-08-28_09-30-00-1_500_dirty_glass.mp4-bee_id_6964-21705-1.png,0,0,False,False,True
train/videos/2017-08-28_09-30-00-1_500_dirty_glass/2017-08-28_09-30-00-1_500_dirty_glass.mp4-bee_id_6965-21705-1.png,1,0,True,False,True
train/videos/2017-08-28_09-30-00-1_500_dirty_glass/2017-08-28_09-30-00-1_500_dirty_glass.mp4-bee_id_6966-21720-1.png,0,0,False,False,True
train/videos/2017-08-28_09-30-00-1_500_dirty_glass/2017-08-28_09-30-00-1_500_dirty_glass.mp4-bee_id_6967-21735-1.png,0,0,False,False,True
train/videos/2017-08-28_09-30-00-1_500_dirty_glass/2017-08-28_09-30-00-1_500_dirty_glass.mp4-bee_id_6968-21750-1.png,0,0,False,False,True
train/videos/2017-08-28_09-30-00-1_500_dirty_glass/2017-08-28_09-30-00-1_500_dirty_glass.mp4-bee_id_6969-21825-1.png,0,0,False,False,True
train/videos/2017-08-28_09-30-00-1_500_dirty_glass/2017-08-28_09-30-00-1_500_dirty_glass.mp4-bee_id_6970-21855-1.png,1,0,True,False,True
train/videos/2017-08-28_09-30-00-1_500_dirty_glass/2017-08-28_09-30-00-1_500_dirty_glass.mp4-bee_id_6971-21900-1.png,0,0,False,False,True
train/videos/2017-08-28_09-30-00-1_500_dirty_glass/2017-08-28_09-30-00-1_500_dirty_glass.mp4-bee_id_6972-21975-1.png,0,0,False,False,True
train/videos/2017-08-28_09-30-00-1_500_dirty_glass/2017-08-28_09-30-00-1_500_dirty_glass.mp4-bee_id_6973-21990-1.png,1,0,True,False,True
train/videos/2017-08-28_09-30-00-1_500_dirty_glass/2017-08-28_09-30-00-1_500_dirty_glass.mp4-bee_id_6974-21990-1.png,0,0,False,False,True
train/videos/2017-08-28_09-30-00-1_500_dirty_glass/2017-08-28_09-30-00-1_500_dirty_glass.mp4-bee_id_6976-22140-1.png,1,0,True,False,True
train/videos/2017-08-28_09-30-00-1_500_dirty_glass/2017-08-28_09-30-00-1_500_dirty_glass.mp4-bee_id_6977-22140-1.png,1,0,True,False,True
train/videos/2017-08-28_09-30-00-1_500_dirty_glass/2017-08-28_09-30-00-1_500_dirty_glass.mp4-bee_id_6978-22155-1.png,1,0,True,False,True
train/videos/2017-08-28_09-30-00-1_500_dirty_glass/2017-08-28_09-30-00-1_500_dirty_glass.mp4-bee_id_6979-22155-1.png,1,1,True,False,True
train/videos/2017-08-28_09-30-00-1_500_dirty_glass/2017-08-28_09-30-00-1_500_dirty_glass.mp4-bee_id_6981-22200-1.png,0,0,False,False,True
train/videos/2017-08-28_09-30-00-1_500_dirty_glass/2017-08-28_09-30-00-1_500_dirty_glass.mp4-bee_id_6982-22245-1.png,0,0,False,False,True
train/videos/2017-08-28_09-30-00-1_500_dirty_glass/2017-08-28_09-30-00-1_500_dirty_glass.mp4-bee_id_6983-22260-1.png,0,0,False,False,True
train/videos/2017-08-28_09-30-00-1_500_dirty_glass/2017-08-28_09-30-00-1_500_dirty_glass.mp4-bee_id_6984-22290-1.png,1,0,True,False,True
train/videos/2017-08-28_09-30-00-1_500_dirty_glass/2017-08-28_09-30-00-1_500_dirty_glass.mp4-bee_id_6985-22440-1.png,1,0,True,False,True
train/videos/2017-08-28_09-30-00-1_500_dirty_glass/2017-08-28_09-30-00-1_500_dirty_glass.mp4-bee_id_6986-22440-1.png,0,0,False,False,True
train/videos/2017-08-28_09-30-00-1_500_dirty_glass/2017-08-28_09-30-00-1_500_dirty_glass.mp4-bee_id_6987-22485-1.png,0,1,False,False,True
train/videos/2017-08-28_09-30-00-1_500_dirty_glass/2017-08-28_09-30-00-1_500_dirty_glass.mp4-bee_id_6988-22500-1.png,1,0,True,False,True
train/videos/2017-08-28_09-30-00-1_500_dirty_glass/2017-08-28_09-30-00-1_500_dirty_glass.mp4-bee_id_6989-22515-1.png,0,0,False,False,True
train/videos/2017-08-28_09-30-00-1_500_dirty_glass/2017-08-28_09-30-00-1_500_dirty_glass.mp4-bee_id_6990-22530-1.png,1,0,True,False,True
train/videos/2017-08-28_09-30-00-1_500_dirty_glass/2017-08-28_09-30-00-1_500_dirty_glass.mp4-bee_id_6991-22530-1.png,1,0,True,False,True
train/videos/2017-08-28_09-30-00-1_500_dirty_glass/2017-08-28_09-30-00-1_500_dirty_glass.mp4-bee_id_6992-22545-1.png,1,0,True,False,True
train/videos/2017-08-28_09-30-00-1_500_dirty_glass/2017-08-28_09-30-00-1_500_dirty_glass.mp4-bee_id_6993-22560-1.png,0,1,False,False,True
train/videos/2017-08-28_09-30-00-1_500_dirty_glass/2017-08-28_09-30-00-1_500_dirty_glass.mp4-bee_id_6994-22560-1.png,1,0,True,False,True
train/videos/2017-08-28_09-30-00-1_500_dirty_glass/2017-08-28_09-30-00-1_500_dirty_glass.mp4-bee_id_6995-22590-1.png,0,0,False,False,True
train/videos/2017-08-28_09-30-00-1_500_dirty_glass/2017-08-28_09-30-00-1_500_dirty_glass.mp4-bee_id_6996-22605-1.png,0,0,False,False,True
train/videos/2017-08-28_09-30-00-1_500_dirty_glass/2017-08-28_09-30-00-1_500_dirty_glass.mp4-bee_id_6997-22650-1.png,0,0,False,False,True
train/videos/2017-08-28_09-30-00-1_500_dirty_glass/2017-08-28_09-30-00-1_500_dirty_glass.mp4-bee_id_6998-22665-1.png,1,0,True,False,True
train/videos/2017-08-28_09-30-00-1_500_dirty_glass/2017-08-28_09-30-00-1_500_dirty_glass.mp4-bee_id_6999-22680-1.png,1,0,True,False,True
train/videos/2017-08-28_09-30-00-1_500_dirty_glass/2017-08-28_09-30-00-1_500_dirty_glass.mp4-bee_id_7000-22740-1.png,0,1,False,False,True
train/videos/2017-08-28_09-30-00-1_500_dirty_glass/2017-08-28_09-30-00-1_500_dirty_glass.mp4-bee_id_7001-22770-1.png,0,0,False,False,True
train/videos/2017-08-28_09-30-00-1_500_dirty_glass/2017-08-28_09-30-00-1_500_dirty_glass.mp4-bee_id_7002-22800-1.png,1,0,True,False,True
train/videos/2017-08-28_09-30-00-1_500_dirty_glass/2017-08-28_09-30-00-1_500_dirty_glass.mp4-bee_id_7003-22815-1.png,0,0,False,False,True
train/videos/2017-08-28_09-30-00-1_500_dirty_glass/2017-08-28_09-30-00-1_500_dirty_glass.mp4-bee_id_7004-22860-1.png,0,0,False,False,True
train/videos/2017-08-28_09-30-00-1_500_dirty_glass/2017-08-28_09-30-00-1_500_dirty_glass.mp4-bee_id_7005-22875-1.png,0,0,False,False,True
train/videos/2017-08-28_09-30-00-1_500_dirty_glass/2017-08-28_09-30-00-1_500_dirty_glass.mp4-bee_id_7006-22875-1.png,0,0,False,False,True
train/videos/2017-08-28_09-30-00-1_500_dirty_glass/2017-08-28_09-30-00-1_500_dirty_glass.mp4-bee_id_7007-22890-1.png,0,0,False,False,True
train/videos/2017-08-28_09-30-00-1_500_dirty_glass/2017-08-28_09-30-00-1_500_dirty_glass.mp4-bee_id_7008-22935-1.png,0,0,False,False,True
train/videos/2017-08-28_09-30-00-1_500_dirty_glass/2017-08-28_09-30-00-1_500_dirty_glass.mp4-bee_id_7009-22965-1.png,0,0,False,False,True
train/videos/2017-08-28_09-30-00-1_500_dirty_glass/2017-08-28_09-30-00-1_500_dirty_glass.mp4-bee_id_7010-22980-1.png,1,0,True,False,True
train/videos/2017-08-28_09-30-00-1_500_dirty_glass/2017-08-28_09-30-00-1_500_dirty_glass.mp4-bee_id_7011-22980-1.png,1,0,True,False,True
train/videos/2017-08-28_09-30-00-1_500_dirty_glass/2017-08-28_09-30-00-1_500_dirty_glass.mp4-bee_id_7012-23085-1.png,1,0,True,False,True
train/videos/2017-08-28_09-30-00-1_500_dirty_glass/2017-08-28_09-30-00-1_500_dirty_glass.mp4-bee_id_7013-23100-1.png,0,0,False,False,True
train/videos/2017-08-28_09-30-00-1_500_dirty_glass/2017-08-28_09-30-00-1_500_dirty_glass.mp4-bee_id_7014-23115-1.png,1,0,True,False,True
train/videos/2017-08-28_09-30-00-1_500_dirty_glass/2017-08-28_09-30-00-1_500_dirty_glass.mp4-bee_id_7015-23130-1.png,0,0,False,False,True
train/videos/2017-08-28_09-30-00-1_500_dirty_glass/2017-08-28_09-30-00-1_500_dirty_glass.mp4-bee_id_7016-23145-1.png,0,0,False,False,True
train/videos/2017-08-28_09-30-00-1_500_dirty_glass/2017-08-28_09-30-00-1_500_dirty_glass.mp4-bee_id_7017-23250-1.png,0,1,False,False,True
train/videos/2017-08-28_09-30-00-1_500_dirty_glass/2017-08-28_09-30-00-1_500_dirty_glass.mp4-bee_id_7018-23310-1.png,0,0,False,False,True
train/videos/2017-08-28_09-30-00-1_500_dirty_glass/2017-08-28_09-30-00-1_500_dirty_glass.mp4-bee_id_7019-23520-1.png,0,0,False,False,True
train/videos/2017-08-28_09-30-00-1_500_dirty_glass/2017-08-28_09-30-00-1_500_dirty_glass.mp4-bee_id_7020-23565-1.png,1,1,True,True,True
train/videos/2017-08-28_09-30-00-1_500_dirty_glass/2017-08-28_09-30-00-1_500_dirty_glass.mp4-bee_id_7021-23580-1.png,1,0,True,False,True
train/videos/2017-08-28_09-30-00-1_500_dirty_glass/2017-08-28_09-30-00-1_500_dirty_glass.mp4-bee_id_7022-23610-1.png,0,0,False,False,True
train/videos/2017-08-28_09-30-00-1_500_dirty_glass/2017-08-28_09-30-00-1_500_dirty_glass.mp4-bee_id_7023-23625-1.png,0,0,False,False,True
train/videos/2017-08-28_09-30-00-1_500_dirty_glass/2017-08-28_09-30-00-1_500_dirty_glass.mp4-bee_id_7024-23730-1.png,0,0,False,False,True
train/videos/2017-08-28_09-30-00-1_500_dirty_glass/2017-08-28_09-30-00-1_500_dirty_glass.mp4-bee_id_7025-23745-1.png,1,0,True,False,True
train/videos/2017-08-28_09-30-00-1_500_dirty_glass/2017-08-28_09-30-00-1_500_dirty_glass.mp4-bee_id_7026-23760-1.png,1,1,True,False,True
train/videos/2017-08-28_09-30-00-1_500_dirty_glass/2017-08-28_09-30-00-1_500_dirty_glass.mp4-bee_id_7027-23775-1.png,1,0,True,False,True
train/videos/2017-08-28_09-30-00-1_500_dirty_glass/2017-08-28_09-30-00-1_500_dirty_glass.mp4-bee_id_7028-23835-1.png,1,0,True,False,True
train/videos/2017-08-28_09-30-00-1_500_dirty_glass/2017-08-28_09-30-00-1_500_dirty_glass.mp4-bee_id_7029-23850-1.png,1,2,True,False,True
train/videos/2017-08-28_09-30-00-1_500_dirty_glass/2017-08-28_09-30-00-1_500_dirty_glass.mp4-bee_id_7030-23865-1.png,1,0,True,False,True
train/videos/2017-08-28_09-30-00-1_500_dirty_glass/2017-08-28_09-30-00-1_500_dirty_glass.mp4-bee_id_7031-23880-1.png,1,0,True,False,True
train/videos/2017-08-28_09-30-00-1_500_dirty_glass/2017-08-28_09-30-00-1_500_dirty_glass.mp4-bee_id_7032-23895-1.png,1,0,True,False,True
train/videos/2017-08-28_09-30-00-1_500_dirty_glass/2017-08-28_09-30-00-1_500_dirty_glass.mp4-bee_id_7033-23970-1.png,1,0,True,False,True
train/videos/2017-08-28_09-30-00-1_500_dirty_glass/2017-08-28_09-30-00-1_500_dirty_glass.mp4-bee_id_7034-23985-1.png,0,0,False,False,True
train/videos/2017-08-28_09-30-00-1_500_dirty_glass/2017-08-28_09-30-00-1_500_dirty_glass.mp4-bee_id_7035-24000-1.png,0,0,False,False,True
train/videos/2017-08-28_09-30-00-1_500_dirty_glass/2017-08-28_09-30-00-1_500_dirty_glass.mp4-bee_id_7036-24015-1.png,0,0,False,False,True
train/videos/2017-08-28_09-30-00-1_500_dirty_glass/2017-08-28_09-30-00-1_500_dirty_glass.mp4-bee_id_7037-24060-1.png,0,0,False,False,True
train/videos/2017-08-28_09-30-00-1_500_dirty_glass/2017-08-28_09-30-00-1_500_dirty_glass.mp4-bee_id_7038-24075-1.png,1,2,True,True,True
train/videos/2017-08-28_09-30-00-1_500_dirty_glass/2017-08-28_09-30-00-1_500_dirty_glass.mp4-bee_id_7039-24105-1.png,1,1,True,False,True
train/videos/2017-08-28_09-30-00-1_500_dirty_glass/2017-08-28_09-30-00-1_500_dirty_glass.mp4-bee_id_7040-27015-1.png,1,0,True,False,True
train/videos/2017-08-28_09-30-00-1_500_dirty_glass/2017-08-28_09-30-00-1_500_dirty_glass.mp4-bee_id_7041-27675-1.png,1,1,True,True,True
train/videos/2017-08-28_09-30-00-1_500_dirty_glass/2017-08-28_09-30-00-1_500_dirty_glass.mp4-bee_id_7042-28305-1.png,0,0,False,False,True
train/videos/2017-08-28_09-30-00-1_500_dirty_glass/2017-08-28_09-30-00-1_500_dirty_glass.mp4-bee_id_7043-28350-1.png,0,0,False,False,True
train/videos/2017-08-28_09-30-00-1_500_dirty_glass/2017-08-28_09-30-00-1_500_dirty_glass.mp4-bee_id_7044-28365-1.png,0,0,False,False,True
train/videos/2017-08-28_09-30-00-1_500_dirty_glass/2017-08-28_09-30-00-1_500_dirty_glass.mp4-bee_id_7045-28380-1.png,0,1,False,False,True
train/videos/2017-08-28_09-30-00-1_500_dirty_glass/2017-08-28_09-30-00-1_500_dirty_glass.mp4-bee_id_7046-28515-1.png,0,0,False,False,True
train/videos/2017-08-28_09-30-00-1_500_dirty_glass/2017-08-28_09-30-00-1_500_dirty_glass.mp4-bee_id_7048-28560-1.png,0,1,False,False,True
train/videos/2017-08-28_09-30-00-1_500_dirty_glass/2017-08-28_09-30-00-1_500_dirty_glass.mp4-bee_id_7049-28650-1.png,1,0,True,False,True
train/videos/2017-08-28_09-30-00-1_500_dirty_glass/2017-08-28_09-30-00-1_500_dirty_glass.mp4-bee_id_7050-28665-1.png,1,0,True,False,True
train/videos/2017-08-28_09-30-00-1_500_dirty_glass/2017-08-28_09-30-00-1_500_dirty_glass.mp4-bee_id_7051-28695-1.png,0,0,False,False,True
train/videos/2017-08-28_09-30-00-1_500_dirty_glass/2017-08-28_09-30-00-1_500_dirty_glass.mp4-bee_id_7052-28710-1.png,0,0,False,False,True
train/videos/2017-08-28_09-30-00-1_500_dirty_glass/2017-08-28_09-30-00-1_500_dirty_glass.mp4-bee_id_7053-28755-1.png,0,0,False,False,True
train/videos/2017-08-28_09-30-00-1_500_dirty_glass/2017-08-28_09-30-00-1_500_dirty_glass.mp4-bee_id_7054-28770-1.png,1,2,True,False,True
train/videos/2017-08-28_09-30-00-1_500_dirty_glass/2017-08-28_09-30-00-1_500_dirty_glass.mp4-bee_id_7055-28770-1.png,0,0,False,False,True
train/videos/2017-08-28_09-30-00-1_500_dirty_glass/2017-08-28_09-30-00-1_500_dirty_glass.mp4-bee_id_7056-28785-1.png,0,0,False,False,True
train/videos/2017-08-28_09-30-00-1_500_dirty_glass/2017-08-28_09-30-00-1_500_dirty_glass.mp4-bee_id_7057-29010-1.png,1,0,True,False,True
train/videos/2017-08-28_09-30-00-1_500_dirty_glass/2017-08-28_09-30-00-1_500_dirty_glass.mp4-bee_id_7058-29025-1.png,0,0,False,False,True
train/videos/2017-08-28_09-30-00-1_500_dirty_glass/2017-08-28_09-30-00-1_500_dirty_glass.mp4-bee_id_7059-29310-1.png,1,0,True,False,True
train/videos/2017-08-28_09-30-00-1_500_dirty_glass/2017-08-28_09-30-00-1_500_dirty_glass.mp4-bee_id_7060-29310-1.png,0,0,False,False,True
train/videos/2017-08-28_09-30-00-1_500_dirty_glass/2017-08-28_09-30-00-1_500_dirty_glass.mp4-bee_id_7061-29325-1.png,0,0,False,False,True
train/videos/2017-08-28_09-30-00-1_500_dirty_glass/2017-08-28_09-30-00-1_500_dirty_glass.mp4-bee_id_7062-29355-1.png,0,0,False,False,True
train/videos/2017-08-28_09-30-00-1_500_dirty_glass/2017-08-28_09-30-00-1_500_dirty_glass.mp4-bee_id_7063-29505-1.png,0,1,False,False,True
train/videos/2017-08-28_09-30-00-1_500_dirty_glass/2017-08-28_09-30-00-1_500_dirty_glass.mp4-bee_id_7064-29595-1.png,0,0,False,False,True
train/videos/2017-08-28_09-30-00-1_500_dirty_glass/2017-08-28_09-30-00-1_500_dirty_glass.mp4-bee_id_7065-29625-1.png,0,0,False,False,True
train/videos/2017-08-28_09-30-00-1_500_dirty_glass/2017-08-28_09-30-00-1_500_dirty_glass.mp4-bee_id_7066-29640-1.png,0,0,False,False,True
train/videos/2017-08-28_09-30-00-1_500_dirty_glass/2017-08-28_09-30-00-1_500_dirty_glass.mp4-bee_id_7067-29730-1.png,0,0,False,False,True
train/videos/2017-08-28_09-30-00-1_500_dirty_glass/2017-08-28_09-30-00-1_500_dirty_glass.mp4-bee_id_7068-29775-1.png,0,0,False,False,True
train/videos/2017-08-28_09-30-00-1_500_dirty_glass/2017-08-28_09-30-00-1_500_dirty_glass.mp4-bee_id_7069-29790-1.png,0,0,False,False,True
train/videos/2017-08-28_09-30-00-1_500_dirty_glass/2017-08-28_09-30-00-1_500_dirty_glass.mp4-bee_id_7070-29805-1.png,0,0,False,False,True
train/videos/2017-08-28_09-30-00-1_500_dirty_glass/2017-08-28_09-30-00-1_500_dirty_glass.mp4-bee_id_7071-29820-1.png,0,0,False,False,True
train/videos/2017-08-28_09-30-00-1_500_dirty_glass/2017-08-28_09-30-00-1_500_dirty_glass.mp4-bee_id_7072-29835-1.png,0,0,False,False,True
train/videos/2017-08-28_09-30-00-1_500_dirty_glass/2017-08-28_09-30-00-1_500_dirty_glass.mp4-bee_id_7073-29985-1.png,1,0,True,False,True
train/videos/2017-08-28_09-30-00-1_500_dirty_glass/2017-08-28_09-30-00-1_500_dirty_glass.mp4-bee_id_7074-29985-1.png,0,0,False,False,True
train/videos/2017-08-28_09-30-00-1_500_dirty_glass/2017-08-28_09-30-00-1_500_dirty_glass.mp4-bee_id_7075-30015-1.png,1,0,True,False,True
train/videos/2017-08-28_09-30-00-1_500_dirty_glass/2017-08-28_09-30-00-1_500_dirty_glass.mp4-bee_id_7076-30120-1.png,1,0,True,False,True
train/videos/2017-08-28_09-30-00-1_500_dirty_glass/2017-08-28_09-30-00-1_500_dirty_glass.mp4-bee_id_7077-30135-1.png,0,0,False,False,True
train/videos/2017-08-28_09-30-00-1_500_dirty_glass/2017-08-28_09-30-00-1_500_dirty_glass.mp4-bee_id_7078-30150-1.png,0,0,False,False,True
train/videos/2017-08-28_09-30-00-1_500_dirty_glass/2017-08-28_09-30-00-1_500_dirty_glass.mp4-bee_id_7079-30165-1.png,0,1,False,False,True
train/videos/2017-08-28_09-30-00-1_500_dirty_glass/2017-08-28_09-30-00-1_500_dirty_glass.mp4-bee_id_7080-30225-1.png,1,1,True,True,True
train/videos/2017-08-28_09-30-00-1_500_dirty_glass/2017-08-28_09-30-00-1_500_dirty_glass.mp4-bee_id_7081-30240-1.png,1,1,True,True,True
train/videos/2017-08-28_09-30-00-1_500_dirty_glass/2017-08-28_09-30-00-1_500_dirty_glass.mp4-bee_id_7082-30240-1.png,0,1,False,False,True
train/videos/2017-08-28_09-30-00-1_500_dirty_glass/2017-08-28_09-30-00-1_500_dirty_glass.mp4-bee_id_7083-30345-1.png,1,0,True,False,True
train/videos/2017-08-28_09-30-00-1_500_dirty_glass/2017-08-28_09-30-00-1_500_dirty_glass.mp4-bee_id_7084-30495-1.png,0,0,False,False,True
train/videos/2017-08-28_09-30-00-1_500_dirty_glass/2017-08-28_09-30-00-1_500_dirty_glass.mp4-bee_id_7085-30525-1.png,0,0,False,False,True
train/videos/2017-08-28_09-30-00-1_500_dirty_glass/2017-08-28_09-30-00-1_500_dirty_glass.mp4-bee_id_7086-30690-1.png,0,0,False,False,True
train/videos/2017-08-28_09-30-00-1_500_dirty_glass/2017-08-28_09-30-00-1_500_dirty_glass.mp4-bee_id_7087-30705-1.png,0,0,False,False,True
train/videos/2017-08-28_09-30-00-1_500_dirty_glass/2017-08-28_09-30-00-1_500_dirty_glass.mp4-bee_id_7088-30750-1.png,1,0,True,False,False
train/videos/2017-08-28_09-30-00-1_500_dirty_glass/2017-08-28_09-30-00-1_500_dirty_glass.mp4-bee_id_7089-30780-1.png,1,0,True,False,True
train/videos/2017-08-28_09-30-00-1_500_dirty_glass/2017-08-28_09-30-00-1_500_dirty_glass.mp4-bee_id_7090-30795-1.png,1,0,True,False,True
train/videos/2017-08-28_09-30-00-1_500_dirty_glass/2017-08-28_09-30-00-1_500_dirty_glass.mp4-bee_id_7091-30795-1.png,0,0,False,False,True
train/videos/2017-08-28_09-30-00-1_500_dirty_glass/2017-08-28_09-30-00-1_500_dirty_glass.mp4-bee_id_7092-30825-1.png,1,0,True,False,True
train/videos/2017-08-28_09-30-00-1_500_dirty_glass/2017-08-28_09-30-00-1_500_dirty_glass.mp4-bee_id_7094-30915-1.png,1,0,True,False,True
train/videos/2017-08-28_09-30-00-1_500_dirty_glass/2017-08-28_09-30-00-1_500_dirty_glass.mp4-bee_id_7095-30990-1.png,0,0,False,False,True
train/videos/2017-08-28_09-30-00-1_500_dirty_glass/2017-08-28_09-30-00-1_500_dirty_glass.mp4-bee_id_7096-31110-1.png,1,0,True,False,True
train/videos/2017-08-28_09-30-00-1_500_dirty_glass/2017-08-28_09-30-00-1_500_dirty_glass.mp4-bee_id_7097-31140-1.png,1,0,True,False,True
train/videos/2017-08-28_09-30-00-1_500_dirty_glass/2017-08-28_09-30-00-1_500_dirty_glass.mp4-bee_id_7098-31155-1.png,1,0,True,False,True
train/videos/2017-08-28_09-30-00-1_500_dirty_glass/2017-08-28_09-30-00-1_500_dirty_glass.mp4-bee_id_7099-31170-1.png,1,0,True,False,True
train/videos/2017-08-28_09-30-00-1_500_dirty_glass/2017-08-28_09-30-00-1_500_dirty_glass.mp4-bee_id_7100-31185-1.png,0,0,False,False,True
train/videos/2017-08-28_09-30-00-1_500_dirty_glass/2017-08-28_09-30-00-1_500_dirty_glass.mp4-bee_id_7101-31200-1.png,0,0,False,False,True
train/videos/2017-08-28_09-30-00-1_500_dirty_glass/2017-08-28_09-30-00-1_500_dirty_glass.mp4-bee_id_7102-31215-1.png,1,1,True,False,True
train/videos/2017-08-28_09-30-00-1_500_dirty_glass/2017-08-28_09-30-00-1_500_dirty_glass.mp4-bee_id_7105-31320-1.png,1,1,True,True,True
train/videos/2017-08-28_09-30-00-1_500_dirty_glass/2017-08-28_09-30-00-1_500_dirty_glass.mp4-bee_id_7106-31335-1.png,1,0,True,False,True
train/videos/2017-08-28_09-30-00-1_500_dirty_glass/2017-08-28_09-30-00-1_500_dirty_glass.mp4-bee_id_7107-31380-1.png,1,1,True,True,True
train/videos/2017-08-28_09-30-00-1_500_dirty_glass/2017-08-28_09-30-00-1_500_dirty_glass.mp4-bee_id_7108-31425-1.png,0,0,False,False,True
train/videos/2017-08-28_09-30-00-1_500_dirty_glass/2017-08-28_09-30-00-1_500_dirty_glass.mp4-bee_id_7110-31440-1.png,0,0,False,False,True
train/videos/2017-08-28_09-30-00-1_500_dirty_glass/2017-08-28_09-30-00-1_500_dirty_glass.mp4-bee_id_7111-31470-1.png,0,0,False,False,True
train/videos/2017-08-28_09-30-00-1_500_dirty_glass/2017-08-28_09-30-00-1_500_dirty_glass.mp4-bee_id_7113-31530-1.png,0,0,False,False,True
train/videos/2017-08-28_09-30-00-1_500_dirty_glass/2017-08-28_09-30-00-1_500_dirty_glass.mp4-bee_id_7114-31545-1.png,0,0,False,False,True
train/videos/2017-08-28_09-30-00-1_500_dirty_glass/2017-08-28_09-30-00-1_500_dirty_glass.mp4-bee_id_7115-31560-1.png,0,0,False,False,True
train/videos/2017-08-28_09-30-00-1_500_dirty_glass/2017-08-28_09-30-00-1_500_dirty_glass.mp4-bee_id_7116-31695-1.png,0,0,False,False,True
train/videos/2017-08-28_09-30-00-1_500_dirty_glass/2017-08-28_09-30-00-1_500_dirty_glass.mp4-bee_id_7117-31710-1.png,1,0,True,False,True
train/videos/2017-08-28_09-30-00-1_500_dirty_glass/2017-08-28_09-30-00-1_500_dirty_glass.mp4-bee_id_7119-31785-1.png,0,1,False,False,True
train/videos/2017-08-28_09-30-00-1_500_dirty_glass/2017-08-28_09-30-00-1_500_dirty_glass.mp4-bee_id_7121-31875-1.png,0,0,False,False,True
train/videos/2017-08-28_09-30-00-1_500_dirty_glass/2017-08-28_09-30-00-1_500_dirty_glass.mp4-bee_id_7122-31890-1.png,0,0,False,False,True
train/videos/2017-08-28_09-30-00-1_500_dirty_glass/2017-08-28_09-30-00-1_500_dirty_glass.mp4-bee_id_7123-31890-1.png,0,0,False,False,True
train/videos/2017-08-28_09-30-00-1_500_dirty_glass/2017-08-28_09-30-00-1_500_dirty_glass.mp4-bee_id_7124-31905-1.png,1,0,True,False,True
train/videos/2017-08-28_09-30-00-1_500_dirty_glass/2017-08-28_09-30-00-1_500_dirty_glass.mp4-bee_id_7125-31920-1.png,1,0,True,False,True
train/videos/2017-08-28_09-30-00-1_500_dirty_glass/2017-08-28_09-30-00-1_500_dirty_glass.mp4-bee_id_7126-31935-1.png,0,0,False,False,True
train/videos/2017-08-28_09-30-00-1_500_dirty_glass/2017-08-28_09-30-00-1_500_dirty_glass.mp4-bee_id_7127-31995-1.png,1,0,True,False,True
train/videos/2017-08-28_09-30-00-1_500_dirty_glass/2017-08-28_09-30-00-1_500_dirty_glass.mp4-bee_id_7128-32010-1.png,1,0,True,False,True
train/videos/2017-08-28_09-30-00-1_500_dirty_glass/2017-08-28_09-30-00-1_500_dirty_glass.mp4-bee_id_7129-32025-1.png,1,0,True,False,True
train/videos/2017-08-28_09-30-00-1_500_dirty_glass/2017-08-28_09-30-00-1_500_dirty_glass.mp4-bee_id_7130-32085-1.png,1,1,True,True,True
train/videos/2017-08-28_09-30-00-1_500_dirty_glass/2017-08-28_09-30-00-1_500_dirty_glass.mp4-bee_id_7131-32100-1.png,1,0,True,False,True
train/videos/2017-08-28_09-30-00-1_500_dirty_glass/2017-08-28_09-30-00-1_500_dirty_glass.mp4-bee_id_7132-32115-1.png,0,0,False,False,True
train/videos/2017-08-28_09-30-00-1_500_dirty_glass/2017-08-28_09-30-00-1_500_dirty_glass.mp4-bee_id_7134-32160-1.png,0,0,False,False,True
train/videos/2017-08-28_09-30-00-1_500_dirty_glass/2017-08-28_09-30-00-1_500_dirty_glass.mp4-bee_id_7135-32175-1.png,0,0,False,False,True
train/videos/2017-08-28_09-30-00-1_500_dirty_glass/2017-08-28_09-30-00-1_500_dirty_glass.mp4-bee_id_7136-32250-1.png,1,0,True,False,True
train/videos/2017-08-28_09-30-00-1_500_dirty_glass/2017-08-28_09-30-00-1_500_dirty_glass.mp4-bee_id_7137-32280-1.png,0,0,False,False,True
train/videos/2017-08-28_09-30-00-1_500_dirty_glass/2017-08-28_09-30-00-1_500_dirty_glass.mp4-bee_id_7138-32310-1.png,0,0,False,False,True
train/videos/2017-08-28_09-30-00-1_500_dirty_glass/2017-08-28_09-30-00-1_500_dirty_glass.mp4-bee_id_7139-32325-1.png,1,0,True,False,True
train/videos/2017-08-28_09-30-00-1_500_dirty_glass/2017-08-28_09-30-00-1_500_dirty_glass.mp4-bee_id_7140-32325-1.png,1,1,True,True,True
train/videos/2017-08-28_09-30-00-1_500_dirty_glass/2017-08-28_09-30-00-1_500_dirty_glass.mp4-bee_id_7141-32340-1.png,1,0,True,False,True
train/videos/2017-08-28_09-30-00-1_500_dirty_glass/2017-08-28_09-30-00-1_500_dirty_glass.mp4-bee_id_7143-32490-1.png,0,1,False,False,True
train/videos/2017-08-28_09-30-00-1_500_dirty_glass/2017-08-28_09-30-00-1_500_dirty_glass.mp4-bee_id_7144-32505-1.png,0,0,False,False,True
train/videos/2017-08-28_09-30-00-1_500_dirty_glass/2017-08-28_09-30-00-1_500_dirty_glass.mp4-bee_id_7145-32505-1.png,0,0,False,False,True
train/videos/2017-08-28_09-30-00-1_500_dirty_glass/2017-08-28_09-30-00-1_500_dirty_glass.mp4-bee_id_7146-32520-1.png,0,0,False,False,True
train/videos/2017-08-28_09-30-00-1_500_dirty_glass/2017-08-28_09-30-00-1_500_dirty_glass.mp4-bee_id_7147-32550-1.png,0,0,False,False,True
train/videos/2017-08-28_09-30-00-1_500_dirty_glass/2017-08-28_09-30-00-1_500_dirty_glass.mp4-bee_id_7148-32580-1.png,0,0,False,False,True
train/videos/2017-08-28_09-30-00-1_500_dirty_glass/2017-08-28_09-30-00-1_500_dirty_glass.mp4-bee_id_7149-32670-1.png,0,0,False,False,True
train/videos/2017-08-28_09-30-00-1_500_dirty_glass/2017-08-28_09-30-00-1_500_dirty_glass.mp4-bee_id_7150-32700-1.png,1,1,True,True,False
train/videos/2017-08-28_09-30-00-1_500_dirty_glass/2017-08-28_09-30-00-1_500_dirty_glass.mp4-bee_id_7151-32730-1.png,1,1,True,True,True
train/videos/2017-08-28_09-30-00-1_500_dirty_glass/2017-08-28_09-30-00-1_500_dirty_glass.mp4-bee_id_7152-32745-1.png,1,0,True,False,True
train/videos/2017-08-28_09-30-00-1_500_dirty_glass/2017-08-28_09-30-00-1_500_dirty_glass.mp4-bee_id_7153-32760-1.png,0,0,False,False,True
train/videos/2017-08-28_09-30-00-1_500_dirty_glass/2017-08-28_09-30-00-1_500_dirty_glass.mp4-bee_id_7155-32835-1.png,1,0,True,False,True
train/videos/2017-08-28_09-30-00-1_500_dirty_glass/2017-08-28_09-30-00-1_500_dirty_glass.mp4-bee_id_7156-32865-1.png,0,0,False,False,True
train/videos/2017-08-28_09-30-00-1_500_dirty_glass/2017-08-28_09-30-00-1_500_dirty_glass.mp4-bee_id_7157-32880-1.png,0,0,False,False,True
train/videos/2017-08-28_09-30-00-1_500_dirty_glass/2017-08-28_09-30-00-1_500_dirty_glass.mp4-bee_id_7158-32910-1.png,0,0,False,False,True
train/videos/2017-08-28_09-30-00-1_500_dirty_glass/2017-08-28_09-30-00-1_500_dirty_glass.mp4-bee_id_7159-32940-1.png,0,0,False,False,True
train/videos/2017-08-28_09-30-00-1_500_dirty_glass/2017-08-28_09-30-00-1_500_dirty_glass.mp4-bee_id_7160-32955-1.png,0,0,False,False,True
train/videos/2017-08-28_09-30-00-1_500_dirty_glass/2017-08-28_09-30-00-1_500_dirty_glass.mp4-bee_id_7161-32970-1.png,0,0,False,False,True
train/videos/2017-08-28_09-30-00-1_500_dirty_glass/2017-08-28_09-30-00-1_500_dirty_glass.mp4-bee_id_7162-32985-1.png,0,0,False,False,True
train/videos/2017-08-28_09-30-00-1_500_dirty_glass/2017-08-28_09-30-00-1_500_dirty_glass.mp4-bee_id_7164-33045-1.png,0,0,False,False,True
train/videos/2017-08-28_09-30-00-1_500_dirty_glass/2017-08-28_09-30-00-1_500_dirty_glass.mp4-bee_id_7165-33165-1.png,0,0,False,False,True
train/videos/2017-08-28_09-30-00-1_500_dirty_glass/2017-08-28_09-30-00-1_500_dirty_glass.mp4-bee_id_7166-33195-1.png,0,0,False,False,True
train/videos/2017-08-28_09-30-00-1_500_dirty_glass/2017-08-28_09-30-00-1_500_dirty_glass.mp4-bee_id_7167-33210-1.png,1,0,True,False,True
train/videos/2017-08-28_09-30-00-1_500_dirty_glass/2017-08-28_09-30-00-1_500_dirty_glass.mp4-bee_id_7168-33225-1.png,0,0,False,False,True
train/videos/2017-08-28_09-30-00-1_500_dirty_glass/2017-08-28_09-30-00-1_500_dirty_glass.mp4-bee_id_7170-33285-1.png,0,0,False,False,True
train/videos/2017-08-28_09-30-00-1_500_dirty_glass/2017-08-28_09-30-00-1_500_dirty_glass.mp4-bee_id_7171-33405-1.png,0,0,False,False,True
train/videos/2017-08-28_09-30-00-1_500_dirty_glass/2017-08-28_09-30-00-1_500_dirty_glass.mp4-bee_id_7172-33465-1.png,0,0,False,False,True
train/videos/2017-08-28_09-30-00-1_500_dirty_glass/2017-08-28_09-30-00-1_500_dirty_glass.mp4-bee_id_7173-33465-1.png,0,0,False,False,True
train/videos/2017-08-28_09-30-00-1_500_dirty_glass/2017-08-28_09-30-00-1_500_dirty_glass.mp4-bee_id_7175-33480-1.png,0,1,False,False,True
train/videos/2017-08-28_09-30-00-1_500_dirty_glass/2017-08-28_09-30-00-1_500_dirty_glass.mp4-bee_id_7176-33555-1.png,0,0,False,False,True
train/videos/2017-08-28_09-30-00-1_500_dirty_glass/2017-08-28_09-30-00-1_500_dirty_glass.mp4-bee_id_7177-33615-1.png,0,0,False,False,True
train/videos/2017-08-28_09-30-00-1_500_dirty_glass/2017-08-28_09-30-00-1_500_dirty_glass.mp4-bee_id_7178-33630-1.png,0,1,False,False,True
train/videos/2017-08-28_09-30-00-1_500_dirty_glass/2017-08-28_09-30-00-1_500_dirty_glass.mp4-bee_id_7180-33705-1.png,0,0,False,False,True
train/videos/2017-08-28_09-30-00-1_500_dirty_glass/2017-08-28_09-30-00-1_500_dirty_glass.mp4-bee_id_7182-33870-1.png,0,0,False,False,True
train/videos/2017-08-28_09-30-00-1_500_dirty_glass/2017-08-28_09-30-00-1_500_dirty_glass.mp4-bee_id_7183-33945-1.png,0,0,False,False,True
train/videos/2017-08-28_09-30-00-1_500_dirty_glass/2017-08-28_09-30-00-1_500_dirty_glass.mp4-bee_id_7184-34020-1.png,0,0,False,False,True
train/videos/2017-08-28_09-30-00-1_500_dirty_glass/2017-08-28_09-30-00-1_500_dirty_glass.mp4-bee_id_7185-34035-1.png,1,0,True,False,True
train/videos/2017-08-28_09-30-00-1_500_dirty_glass/2017-08-28_09-30-00-1_500_dirty_glass.mp4-bee_id_7186-34095-1.png,0,0,False,False,True
train/videos/2017-08-28_09-30-00-1_500_dirty_glass/2017-08-28_09-30-00-1_500_dirty_glass.mp4-bee_id_7187-34125-1.png,0,0,False,False,True
train/videos/2017-08-28_09-30-00-1_500_dirty_glass/2017-08-28_09-30-00-1_500_dirty_glass.mp4-bee_id_7188-34155-1.png,1,1,True,True,True
train/videos/2017-08-28_09-30-00-1_500_dirty_glass/2017-08-28_09-30-00-1_500_dirty_glass.mp4-bee_id_7189-34230-1.png,1,1,True,True,True
train/videos/2017-08-28_09-30-00-1_500_dirty_glass/2017-08-28_09-30-00-1_500_dirty_glass.mp4-bee_id_7190-34410-1.png,0,0,False,False,True
train/videos/2017-08-28_09-30-00-1_500_dirty_glass/2017-08-28_09-30-00-1_500_dirty_glass.mp4-bee_id_7191-34425-1.png,0,0,False,False,True
train/videos/2017-08-28_09-30-00-1_500_dirty_glass/2017-08-28_09-30-00-1_500_dirty_glass.mp4-bee_id_7193-34500-1.png,1,0,True,False,True
train/videos/2017-08-28_09-30-00-1_500_dirty_glass/2017-08-28_09-30-00-1_500_dirty_glass.mp4-bee_id_7195-34515-1.png,0,0,False,False,True
train/videos/2017-08-28_09-30-00-1_500_dirty_glass/2017-08-28_09-30-00-1_500_dirty_glass.mp4-bee_id_7196-34530-1.png,1,1,True,True,True
train/videos/2017-08-28_09-30-00-1_500_dirty_glass/2017-08-28_09-30-00-1_500_dirty_glass.mp4-bee_id_7197-34590-1.png,0,0,False,False,True
train/videos/2017-08-28_09-30-00-1_500_dirty_glass/2017-08-28_09-30-00-1_500_dirty_glass.mp4-bee_id_7198-34590-1.png,0,1,False,False,True
train/videos/2017-08-28_09-30-00-1_500_dirty_glass/2017-08-28_09-30-00-1_500_dirty_glass.mp4-bee_id_7199-34635-1.png,0,0,False,False,True
train/videos/2017-08-28_09-30-00-1_500_dirty_glass/2017-08-28_09-30-00-1_500_dirty_glass.mp4-bee_id_7201-34740-1.png,1,1,True,True,True
train/videos/2017-08-28_09-30-00-1_500_dirty_glass/2017-08-28_09-30-00-1_500_dirty_glass.mp4-bee_id_7202-34770-1.png,1,0,True,False,True
train/videos/2017-08-28_09-30-00-1_500_dirty_glass/2017-08-28_09-30-00-1_500_dirty_glass.mp4-bee_id_7203-34785-1.png,1,0,True,False,True
train/videos/2017-08-28_09-30-00-1_500_dirty_glass/2017-08-28_09-30-00-1_500_dirty_glass.mp4-bee_id_7205-34830-1.png,0,0,False,False,True
train/videos/2017-08-28_09-30-00-1_500_dirty_glass/2017-08-28_09-30-00-1_500_dirty_glass.mp4-bee_id_7206-34875-1.png,1,1,True,True,True
train/videos/2017-08-28_09-30-00-1_500_dirty_glass/2017-08-28_09-30-00-1_500_dirty_glass.mp4-bee_id_7207-35055-1.png,0,0,False,False,True
train/videos/2017-08-28_09-30-00-1_500_dirty_glass/2017-08-28_09-30-00-1_500_dirty_glass.mp4-bee_id_7209-35070-1.png,1,0,True,False,True
train/videos/2017-08-28_09-30-00-1_500_dirty_glass/2017-08-28_09-30-00-1_500_dirty_glass.mp4-bee_id_7210-35085-1.png,1,1,True,True,True
train/videos/2017-08-28_09-30-00-1_500_dirty_glass/2017-08-28_09-30-00-1_500_dirty_glass.mp4-bee_id_7211-35100-1.png,1,1,True,True,True
train/videos/2017-08-28_09-30-00-1_500_dirty_glass/2017-08-28_09-30-00-1_500_dirty_glass.mp4-bee_id_7212-35145-1.png,0,0,False,False,True
train/videos/2017-08-28_09-30-00-1_500_dirty_glass/2017-08-28_09-30-00-1_500_dirty_glass.mp4-bee_id_7213-35340-1.png,0,0,False,False,True
train/videos/2017-08-28_09-30-00-1_500_dirty_glass/2017-08-28_09-30-00-1_500_dirty_glass.mp4-bee_id_7214-35355-1.png,1,0,True,False,True
train/videos/2017-08-28_09-30-00-1_500_dirty_glass/2017-08-28_09-30-00-1_500_dirty_glass.mp4-bee_id_7216-35550-1.png,1,1,True,False,True
train/videos/2017-08-28_09-30-00-1_500_dirty_glass/2017-08-28_09-30-00-1_500_dirty_glass.mp4-bee_id_7217-35565-1.png,1,0,True,False,True
train/videos/2017-08-28_09-30-00-1_500_dirty_glass/2017-08-28_09-30-00-1_500_dirty_glass.mp4-bee_id_7219-35640-1.png,0,0,False,False,True
train/videos/2017-08-28_09-30-00-1_500_dirty_glass/2017-08-28_09-30-00-1_500_dirty_glass.mp4-bee_id_7220-35655-1.png,1,1,True,True,True
train/videos/2017-08-28_09-30-00-1_500_dirty_glass/2017-08-28_09-30-00-1_500_dirty_glass.mp4-bee_id_7221-35670-1.png,1,1,True,True,True
train/videos/2017-08-28_09-30-00-1_500_dirty_glass/2017-08-28_09-30-00-1_500_dirty_glass.mp4-bee_id_7222-37245-1.png,1,1,True,True,True
train/videos/2017-08-28_09-30-00-1_500_dirty_glass/2017-08-28_09-30-00-1_500_dirty_glass.mp4-bee_id_7223-37350-1.png,1,1,True,True,True
train/videos/2017-08-28_09-30-00-1_500_dirty_glass/2017-08-28_09-30-00-1_500_dirty_glass.mp4-bee_id_7224-37710-1.png,1,0,True,False,True
train/videos/2017-08-28_09-30-00-1_500_dirty_glass/2017-08-28_09-30-00-1_500_dirty_glass.mp4-bee_id_7225-38100-1.png,1,0,True,False,True
train/videos/2017-08-28_09-30-00-1_500_dirty_glass/2017-08-28_09-30-00-1_500_dirty_glass.mp4-bee_id_7226-38265-1.png,1,0,True,False,True
train/videos/2017-08-28_09-30-00-1_500_dirty_glass/2017-08-28_09-30-00-1_500_dirty_glass.mp4-bee_id_7227-38310-1.png,1,0,True,False,True
train/videos/2017-08-28_09-30-00-1_500_dirty_glass/2017-08-28_09-30-00-1_500_dirty_glass.mp4-bee_id_7228-38325-1.png,1,1,True,True,True
train/videos/2017-08-28_09-30-00-1_500_dirty_glass/2017-08-28_09-30-00-1_500_dirty_glass.mp4-bee_id_7229-38370-1.png,0,0,False,False,True
train/videos/2017-08-28_09-30-00-1_500_dirty_glass/2017-08-28_09-30-00-1_500_dirty_glass.mp4-bee_id_7230-38445-1.png,1,0,True,False,True
train/videos/2017-08-28_09-30-00-1_500_dirty_glass/2017-08-28_09-30-00-1_500_dirty_glass.mp4-bee_id_7231-38610-1.png,1,1,True,True,True
train/videos/2017-08-28_09-30-00-1_500_dirty_glass/2017-08-28_09-30-00-1_500_dirty_glass.mp4-bee_id_7232-38685-1.png,1,0,True,False,True
train/videos/2017-08-28_09-30-00-1_500_dirty_glass/2017-08-28_09-30-00-1_500_dirty_glass.mp4-bee_id_7233-38700-1.png,0,0,False,False,True
train/videos/2017-08-28_09-30-00-1_500_dirty_glass/2017-08-28_09-30-00-1_500_dirty_glass.mp4-bee_id_7235-38715-1.png,0,0,False,False,True
train/videos/2017-08-28_09-30-00-1_500_dirty_glass/2017-08-28_09-30-00-1_500_dirty_glass.mp4-bee_id_7236-38760-1.png,1,1,True,False,True
train/videos/2017-08-28_09-30-00-1_500_dirty_glass/2017-08-28_09-30-00-1_500_dirty_glass.mp4-bee_id_7237-38775-1.png,1,0,True,False,True
train/videos/2017-08-28_09-30-00-1_500_dirty_glass/2017-08-28_09-30-00-1_500_dirty_glass.mp4-bee_id_7238-38835-1.png,0,0,False,False,True
train/videos/2017-08-28_09-30-00-1_500_dirty_glass/2017-08-28_09-30-00-1_500_dirty_glass.mp4-bee_id_7239-38850-1.png,0,0,False,False,True
train/videos/2017-08-28_09-30-00-1_500_dirty_glass/2017-08-28_09-30-00-1_500_dirty_glass.mp4-bee_id_7240-38865-1.png,1,1,True,False,True
train/videos/2017-08-28_09-30-00-1_500_dirty_glass/2017-08-28_09-30-00-1_500_dirty_glass.mp4-bee_id_7241-38940-1.png,0,0,False,False,True
train/videos/2017-08-28_09-30-00-1_500_dirty_glass/2017-08-28_09-30-00-1_500_dirty_glass.mp4-bee_id_7242-39015-1.png,1,0,True,False,True
train/videos/2017-08-28_09-30-00-1_500_dirty_glass/2017-08-28_09-30-00-1_500_dirty_glass.mp4-bee_id_7243-39030-1.png,1,0,True,False,True
train/videos/2017-08-28_09-30-00-1_500_dirty_glass/2017-08-28_09-30-00-1_500_dirty_glass.mp4-bee_id_7244-39045-1.png,1,0,True,False,True
train/videos/2017-08-28_09-30-00-1_500_dirty_glass/2017-08-28_09-30-00-1_500_dirty_glass.mp4-bee_id_7245-39135-1.png,1,0,True,False,True
train/videos/2017-08-28_09-30-00-1_500_dirty_glass/2017-08-28_09-30-00-1_500_dirty_glass.mp4-bee_id_7246-39135-1.png,0,0,False,False,True
train/videos/2017-08-28_09-30-00-1_500_dirty_glass/2017-08-28_09-30-00-1_500_dirty_glass.mp4-bee_id_7248-39180-1.png,1,0,True,False,True
train/videos/2017-08-28_09-30-00-1_500_dirty_glass/2017-08-28_09-30-00-1_500_dirty_glass.mp4-bee_id_7250-39225-1.png,1,0,True,False,True
train/videos/2017-08-28_09-30-00-1_500_dirty_glass/2017-08-28_09-30-00-1_500_dirty_glass.mp4-bee_id_7251-39240-1.png,1,2,True,True,True
train/videos/2017-08-28_09-30-00-1_500_dirty_glass/2017-08-28_09-30-00-1_500_dirty_glass.mp4-bee_id_7252-39255-1.png,0,0,False,False,True
train/videos/2017-08-28_09-30-00-1_500_dirty_glass/2017-08-28_09-30-00-1_500_dirty_glass.mp4-bee_id_7253-39570-1.png,0,2,False,False,True
train/videos/2017-08-28_09-30-00-1_500_dirty_glass/2017-08-28_09-30-00-1_500_dirty_glass.mp4-bee_id_7255-39600-1.png,1,0,True,False,True
train/videos/2017-08-28_09-30-00-1_500_dirty_glass/2017-08-28_09-30-00-1_500_dirty_glass.mp4-bee_id_7256-39690-1.png,1,0,True,False,True
train/videos/2017-08-28_09-30-00-1_500_dirty_glass/2017-08-28_09-30-00-1_500_dirty_glass.mp4-bee_id_7258-39735-1.png,0,0,False,False,True
train/videos/2017-08-28_09-30-00-1_500_dirty_glass/2017-08-28_09-30-00-1_500_dirty_glass.mp4-bee_id_7259-39750-1.png,0,0,False,False,True
train/videos/2017-08-28_09-30-00-1_500_dirty_glass/2017-08-28_09-30-00-1_500_dirty_glass.mp4-bee_id_7260-39765-1.png,0,0,False,False,True
train/videos/2017-08-28_09-30-00-1_500_dirty_glass/2017-08-28_09-30-00-1_500_dirty_glass.mp4-bee_id_7261-40230-1.png,0,0,False,False,True
train/videos/2017-08-28_09-30-00-1_500_dirty_glass/2017-08-28_09-30-00-1_500_dirty_glass.mp4-bee_id_7262-40425-1.png,0,0,False,False,False
train/videos/2017-08-28_09-30-00-1_500_dirty_glass/2017-08-28_09-30-00-1_500_dirty_glass.mp4-bee_id_7263-40440-1.png,0,0,False,False,True
train/videos/2017-08-28_09-30-00-1_500_dirty_glass/2017-08-28_09-30-00-1_500_dirty_glass.mp4-bee_id_7265-40470-1.png,0,0,False,False,True
train/videos/2017-08-28_09-30-00-1_500_dirty_glass/2017-08-28_09-30-00-1_500_dirty_glass.mp4-bee_id_7266-40500-1.png,0,0,False,False,True
train/videos/2017-08-28_09-30-00-1_500_dirty_glass/2017-08-28_09-30-00-1_500_dirty_glass.mp4-bee_id_7267-40725-1.png,0,0,False,False,True
train/videos/2017-08-28_09-30-00-1_500_dirty_glass/2017-08-28_09-30-00-1_500_dirty_glass.mp4-bee_id_7268-40740-1.png,0,0,False,False,True
train/videos/2017-08-28_09-30-00-1_500_dirty_glass/2017-08-28_09-30-00-1_500_dirty_glass.mp4-bee_id_7269-40800-1.png,0,1,False,False,True
train/videos/2017-08-28_09-30-00-1_500_dirty_glass/2017-08-28_09-30-00-1_500_dirty_glass.mp4-bee_id_7270-41085-1.png,0,0,False,False,True
train/videos/2017-08-28_09-30-00-1_500_dirty_glass/2017-08-28_09-30-00-1_500_dirty_glass.mp4-bee_id_7271-41100-1.png,0,0,False,False,True
train/videos/2017-08-28_09-30-00-1_500_dirty_glass/2017-08-28_09-30-00-1_500_dirty_glass.mp4-bee_id_7272-41115-1.png,0,0,False,False,True
train/videos/2017-08-28_09-30-00-1_500_dirty_glass/2017-08-28_09-30-00-1_500_dirty_glass.mp4-bee_id_7274-41310-1.png,0,0,False,False,True
train/videos/2017-08-28_09-30-00-1_500_dirty_glass/2017-08-28_09-30-00-1_500_dirty_glass.mp4-bee_id_7275-41385-1.png,0,0,False,False,True
train/videos/2017-08-28_09-30-00-1_500_dirty_glass/2017-08-28_09-30-00-1_500_dirty_glass.mp4-bee_id_7276-41400-1.png,0,0,False,False,True
train/videos/2017-08-28_09-30-00-1_500_dirty_glass/2017-08-28_09-30-00-1_500_dirty_glass.mp4-bee_id_7277-41415-1.png,0,0,False,False,True
train/videos/2017-08-28_09-30-00-1_500_dirty_glass/2017-08-28_09-30-00-1_500_dirty_glass.mp4-bee_id_7278-41475-1.png,0,0,False,False,True
train/videos/2017-08-28_09-30-00-1_500_dirty_glass/2017-08-28_09-30-00-1_500_dirty_glass.mp4-bee_id_7279-41490-1.png,0,0,False,False,True
train/videos/2017-08-28_09-30-00-1_500_dirty_glass/2017-08-28_09-30-00-1_500_dirty_glass.mp4-bee_id_7280-41505-1.png,0,0,False,False,True
train/videos/2017-08-28_09-30-00-1_500_dirty_glass/2017-08-28_09-30-00-1_500_dirty_glass.mp4-bee_id_7281-41535-1.png,0,0,False,False,True
train/videos/2017-08-28_09-30-00-1_500_dirty_glass/2017-08-28_09-30-00-1_500_dirty_glass.mp4-bee_id_7282-41610-1.png,0,0,False,False,True
train/videos/2017-08-28_09-30-00-1_500_dirty_glass/2017-08-28_09-30-00-1_500_dirty_glass.mp4-bee_id_7283-41820-1.png,1,0,True,False,True
train/videos/2017-08-28_09-30-00-1_500_dirty_glass/2017-08-28_09-30-00-1_500_dirty_glass.mp4-bee_id_7285-42135-1.png,0,0,False,False,True
train/videos/2017-08-28_09-30-00-1_500_dirty_glass/2017-08-28_09-30-00-1_500_dirty_glass.mp4-bee_id_7286-42150-1.png,0,0,False,False,True
train/videos/2017-08-28_09-30-00-1_500_dirty_glass/2017-08-28_09-30-00-1_500_dirty_glass.mp4-bee_id_7287-42210-1.png,0,1,False,False,True
train/videos/2017-08-28_09-30-00-1_500_dirty_glass/2017-08-28_09-30-00-1_500_dirty_glass.mp4-bee_id_7288-42420-1.png,0,0,False,False,True
train/videos/2017-08-28_09-30-00-1_500_dirty_glass/2017-08-28_09-30-00-1_500_dirty_glass.mp4-bee_id_7289-42645-1.png,0,0,False,False,True
train/videos/2017-08-28_09-30-00-1_500_dirty_glass/2017-08-28_09-30-00-1_500_dirty_glass.mp4-bee_id_7290-42795-1.png,1,0,True,False,True
train/videos/2017-08-28_09-30-00-1_500_dirty_glass/2017-08-28_09-30-00-1_500_dirty_glass.mp4-bee_id_7291-42810-1.png,0,0,False,False,True
train/videos/2017-08-28_09-30-00-1_500_dirty_glass/2017-08-28_09-30-00-1_500_dirty_glass.mp4-bee_id_7292-42825-1.png,0,0,False,False,True
train/videos/2017-08-28_09-30-00-1_500_dirty_glass/2017-08-28_09-30-00-1_500_dirty_glass.mp4-bee_id_7293-42840-1.png,0,0,False,False,True
train/videos/2017-08-28_09-30-00-1_500_dirty_glass/2017-08-28_09-30-00-1_500_dirty_glass.mp4-bee_id_7294-43110-1.png,0,0,False,False,True
train/videos/2017-08-28_09-30-00-1_500_dirty_glass/2017-08-28_09-30-00-1_500_dirty_glass.mp4-bee_id_7295-43125-1.png,0,0,False,False,True
train/videos/2017-08-28_09-30-00-1_500_dirty_glass/2017-08-28_09-30-00-1_500_dirty_glass.mp4-bee_id_7296-43170-1.png,0,0,False,False,True
train/videos/2017-08-28_09-30-00-1_500_dirty_glass/2017-08-28_09-30-00-1_500_dirty_glass.mp4-bee_id_7297-43200-1.png,1,1,True,True,True
train/videos/2017-08-28_09-30-00-1_500_dirty_glass/2017-08-28_09-30-00-1_500_dirty_glass.mp4-bee_id_7298-43485-1.png,0,0,False,False,True
train/videos/2017-08-28_09-30-00-1_500_dirty_glass/2017-08-28_09-30-00-1_500_dirty_glass.mp4-bee_id_7299-43575-1.png,0,0,False,False,True
train/videos/2017-08-28_09-30-00-1_500_dirty_glass/2017-08-28_09-30-00-1_500_dirty_glass.mp4-bee_id_7300-43590-1.png,1,0,True,False,True
train/videos/2017-08-28_09-30-00-1_500_dirty_glass/2017-08-28_09-30-00-1_500_dirty_glass.mp4-bee_id_7302-43620-1.png,0,0,False,False,True
train/videos/2017-08-28_09-30-00-1_500_dirty_glass/2017-08-28_09-30-00-1_500_dirty_glass.mp4-bee_id_7303-43635-1.png,0,1,False,False,True
train/videos/2017-08-28_09-30-00-1_500_dirty_glass/2017-08-28_09-30-00-1_500_dirty_glass.mp4-bee_id_7304-43650-1.png,0,1,False,False,True
train/videos/2017-08-28_09-30-00-1_500_dirty_glass/2017-08-28_09-30-00-1_500_dirty_glass.mp4-bee_id_7305-43680-1.png,0,0,False,False,True
train/videos/2017-08-28_09-30-00-1_500_dirty_glass/2017-08-28_09-30-00-1_500_dirty_glass.mp4-bee_id_7308-43890-1.png,0,1,False,False,True
train/videos/2017-08-28_09-30-00-1_500_dirty_glass/2017-08-28_09-30-00-1_500_dirty_glass.mp4-bee_id_7311-44025-1.png,0,0,False,False,True
train/videos/2017-08-28_09-30-00-1_500_dirty_glass/2017-08-28_09-30-00-1_500_dirty_glass.mp4-bee_id_7312-44115-1.png,0,0,False,False,True
train/videos/2017-08-28_09-30-00-1_500_dirty_glass/2017-08-28_09-30-00-1_500_dirty_glass.mp4-bee_id_7313-44160-1.png,0,1,False,False,True
train/videos/2017-08-28_09-30-00-1_500_dirty_glass/2017-08-28_09-30-00-1_500_dirty_glass.mp4-bee_id_7314-44265-1.png,0,0,False,False,True
train/videos/2017-08-28_09-30-00-1_500_dirty_glass/2017-08-28_09-30-00-1_500_dirty_glass.mp4-bee_id_7315-44280-1.png,1,0,True,False,True
train/videos/2017-08-28_09-30-00-1_500_dirty_glass/2017-08-28_09-30-00-1_500_dirty_glass.mp4-bee_id_7316-44295-1.png,0,0,False,False,True
train/videos/2017-08-28_09-30-00-1_500_dirty_glass/2017-08-28_09-30-00-1_500_dirty_glass.mp4-bee_id_7317-44310-1.png,1,0,True,False,True
train/videos/2017-08-28_09-30-00-1_500_dirty_glass/2017-08-28_09-30-00-1_500_dirty_glass.mp4-bee_id_7319-44370-1.png,1,0,True,False,True
train/videos/2017-08-28_09-30-00-1_500_dirty_glass/2017-08-28_09-30-00-1_500_dirty_glass.mp4-bee_id_7320-44400-1.png,1,0,True,False,True
train/videos/2017-08-28_09-30-00-1_500_dirty_glass/2017-08-28_09-30-00-1_500_dirty_glass.mp4-bee_id_7321-44430-1.png,0,0,False,False,True
train/videos/2017-08-28_09-30-00-1_500_dirty_glass/2017-08-28_09-30-00-1_500_dirty_glass.mp4-bee_id_7322-44490-1.png,0,0,False,False,True
train/videos/2017-08-28_09-30-00-1_500_dirty_glass/2017-08-28_09-30-00-1_500_dirty_glass.mp4-bee_id_7323-44505-1.png,0,0,False,False,True
train/videos/2017-08-28_09-30-00-1_500_dirty_glass/2017-08-28_09-30-00-1_500_dirty_glass.mp4-bee_id_7325-44610-1.png,0,0,False,False,True
train/videos/2017-08-28_09-30-00-1_500_dirty_glass/2017-08-28_09-30-00-1_500_dirty_glass.mp4-bee_id_7326-44655-1.png,0,0,False,False,True
train/videos/2017-08-28_09-30-00-1_500_dirty_glass/2017-08-28_09-30-00-1_500_dirty_glass.mp4-bee_id_7327-44670-1.png,0,0,False,False,True
train/videos/2017-08-28_09-30-00-1_500_dirty_glass/2017-08-28_09-30-00-1_500_dirty_glass.mp4-bee_id_7328-44700-1.png,0,0,False,False,True
train/videos/2017-08-28_09-30-00-1_500_dirty_glass/2017-08-28_09-30-00-1_500_dirty_glass.mp4-bee_id_7329-44715-1.png,0,0,False,False,True
train/videos/2017-08-28_09-30-00-1_500_dirty_glass/2017-08-28_09-30-00-1_500_dirty_glass.mp4-bee_id_7330-44715-1.png,0,0,False,False,True
train/videos/2017-08-28_09-30-00-1_500_dirty_glass/2017-08-28_09-30-00-1_500_dirty_glass.mp4-bee_id_7331-44730-1.png,0,0,False,False,True
train/videos/2017-08-28_09-30-00-1_500_dirty_glass/2017-08-28_09-30-00-1_500_dirty_glass.mp4-bee_id_7333-44850-1.png,0,0,False,False,True
train/videos/2017-08-28_09-30-00-1_500_dirty_glass/2017-08-28_09-30-00-1_500_dirty_glass.mp4-bee_id_7334-44940-1.png,0,0,False,False,True
train/videos/2017-08-28_09-30-00-1_500_dirty_glass/2017-08-28_09-30-00-1_500_dirty_glass.mp4-bee_id_7335-44955-1.png,0,0,False,False,True
train/videos/2017-08-28_09-30-00-1_500_dirty_glass/2017-08-28_09-30-00-1_500_dirty_glass.mp4-bee_id_7337-45030-1.png,0,0,False,False,True
train/videos/2017-08-28_09-30-00-1_500_dirty_glass/2017-08-28_09-30-00-1_500_dirty_glass.mp4-bee_id_7338-45060-1.png,1,0,True,False,True
train/videos/2017-08-28_09-30-00-1_500_dirty_glass/2017-08-28_09-30-00-1_500_dirty_glass.mp4-bee_id_7339-45075-1.png,1,0,True,False,True
train/videos/2017-08-28_09-30-00-1_500_dirty_glass/2017-08-28_09-30-00-1_500_dirty_glass.mp4-bee_id_7341-45120-1.png,0,0,False,False,True
train/videos/2017-08-28_09-30-00-1_500_dirty_glass/2017-08-28_09-30-00-1_500_dirty_glass.mp4-bee_id_7342-45135-1.png,1,0,True,False,True
train/videos/2017-08-28_09-30-00-1_500_dirty_glass/2017-08-28_09-30-00-1_500_dirty_glass.mp4-bee_id_7343-45165-1.png,1,0,True,False,True
train/videos/2017-08-28_09-30-00-1_500_dirty_glass/2017-08-28_09-30-00-1_500_dirty_glass.mp4-bee_id_7344-45345-1.png,0,0,False,False,True
train/videos/2017-08-28_09-30-00-1_500_dirty_glass/2017-08-28_09-30-00-1_500_dirty_glass.mp4-bee_id_7345-45360-1.png,0,0,False,False,True
train/videos/2017-08-28_09-30-00-1_500_dirty_glass/2017-08-28_09-30-00-1_500_dirty_glass.mp4-bee_id_7347-45540-1.png,0,0,False,False,True
train/videos/2017-08-28_09-30-00-1_500_dirty_glass/2017-08-28_09-30-00-1_500_dirty_glass.mp4-bee_id_7348-45555-1.png,0,0,False,False,True
train/videos/2017-08-28_09-30-00-1_500_dirty_glass/2017-08-28_09-30-00-1_500_dirty_glass.mp4-bee_id_7349-45600-1.png,0,0,False,False,True
train/videos/2017-08-28_09-30-00-1_500_dirty_glass/2017-08-28_09-30-00-1_500_dirty_glass.mp4-bee_id_7350-45615-1.png,0,0,False,False,True
train/videos/2017-08-28_09-30-00-1_500_dirty_glass/2017-08-28_09-30-00-1_500_dirty_glass.mp4-bee_id_7351-45735-1.png,0,0,False,False,True
train/videos/2017-08-28_09-30-00-1_500_dirty_glass/2017-08-28_09-30-00-1_500_dirty_glass.mp4-bee_id_7352-45795-1.png,0,0,False,False,True
train/videos/2017-08-28_09-30-00-1_500_dirty_glass/2017-08-28_09-30-00-1_500_dirty_glass.mp4-bee_id_7353-45795-1.png,0,0,False,False,True
train/videos/2017-08-28_09-30-00-1_500_dirty_glass/2017-08-28_09-30-00-1_500_dirty_glass.mp4-bee_id_7354-45825-1.png,0,2,False,False,True
train/videos/2017-08-28_09-30-00-1_500_dirty_glass/2017-08-28_09-30-00-1_500_dirty_glass.mp4-bee_id_7355-45840-1.png,1,0,True,False,True
train/videos/2017-08-28_09-30-00-1_500_dirty_glass/2017-08-28_09-30-00-1_500_dirty_glass.mp4-bee_id_7356-45840-1.png,0,0,False,False,True
train/videos/2017-08-28_09-30-00-1_500_dirty_glass/2017-08-28_09-30-00-1_500_dirty_glass.mp4-bee_id_7357-45855-1.png,0,0,False,False,True
train/videos/2017-08-28_09-30-00-1_500_dirty_glass/2017-08-28_09-30-00-1_500_dirty_glass.mp4-bee_id_7360-45990-1.png,0,0,False,False,True
train/videos/2017-08-28_09-30-00-1_500_dirty_glass/2017-08-28_09-30-00-1_500_dirty_glass.mp4-bee_id_7361-46020-1.png,1,1,True,True,True
train/videos/2017-08-28_09-30-00-1_500_dirty_glass/2017-08-28_09-30-00-1_500_dirty_glass.mp4-bee_id_7362-46050-1.png,0,0,False,False,True
train/videos/2017-08-28_09-30-00-1_500_dirty_glass/2017-08-28_09-30-00-1_500_dirty_glass.mp4-bee_id_7363-46065-1.png,0,0,False,False,True
train/videos/2017-08-28_09-30-00-1_500_dirty_glass/2017-08-28_09-30-00-1_500_dirty_glass.mp4-bee_id_7364-46080-1.png,0,0,False,False,True
train/videos/2017-08-28_09-30-00-1_500_dirty_glass/2017-08-28_09-30-00-1_500_dirty_glass.mp4-bee_id_7365-46080-1.png,0,0,False,False,True
train/videos/2017-08-28_09-30-00-1_500_dirty_glass/2017-08-28_09-30-00-1_500_dirty_glass.mp4-bee_id_7366-46095-1.png,0,0,False,False,True
train/videos/2017-08-28_09-30-00-1_500_dirty_glass/2017-08-28_09-30-00-1_500_dirty_glass.mp4-bee_id_7367-46140-1.png,0,0,False,False,True
train/videos/2017-08-28_09-30-00-1_500_dirty_glass/2017-08-28_09-30-00-1_500_dirty_glass.mp4-bee_id_7368-46170-1.png,0,0,False,False,True
train/videos/2017-08-28_09-30-00-1_500_dirty_glass/2017-08-28_09-30-00-1_500_dirty_glass.mp4-bee_id_7369-46230-1.png,1,0,True,False,True
train/videos/2017-08-28_09-30-00-1_500_dirty_glass/2017-08-28_09-30-00-1_500_dirty_glass.mp4-bee_id_7370-46245-1.png,0,0,False,False,True
train/videos/2017-08-28_09-30-00-1_500_dirty_glass/2017-08-28_09-30-00-1_500_dirty_glass.mp4-bee_id_7371-46260-1.png,1,1,True,False,True
train/videos/2017-08-28_09-30-00-1_500_dirty_glass/2017-08-28_09-30-00-1_500_dirty_glass.mp4-bee_id_7372-46410-1.png,0,1,False,False,True
train/videos/2017-08-28_09-30-00-1_500_dirty_glass/2017-08-28_09-30-00-1_500_dirty_glass.mp4-bee_id_7373-46440-1.png,0,1,False,False,True
train/videos/2017-08-28_09-30-00-1_500_dirty_glass/2017-08-28_09-30-00-1_500_dirty_glass.mp4-bee_id_7374-46575-1.png,0,0,False,False,True
train/videos/2017-08-28_09-30-00-1_500_dirty_glass/2017-08-28_09-30-00-1_500_dirty_glass.mp4-bee_id_7375-46605-1.png,0,0,False,False,True
train/videos/2017-08-28_09-30-00-1_500_dirty_glass/2017-08-28_09-30-00-1_500_dirty_glass.mp4-bee_id_7376-46815-1.png,1,0,True,False,True
train/videos/2017-08-28_09-30-00-1_500_dirty_glass/2017-08-28_09-30-00-1_500_dirty_glass.mp4-bee_id_7377-46935-1.png,1,0,True,False,True
train/videos/2017-08-28_09-30-00-1_500_dirty_glass/2017-08-28_09-30-00-1_500_dirty_glass.mp4-bee_id_7378-46950-1.png,1,0,True,False,True
train/videos/2017-08-28_09-30-00-1_500_dirty_glass/2017-08-28_09-30-00-1_500_dirty_glass.mp4-bee_id_7379-46965-1.png,0,0,False,False,True
train/videos/2017-08-28_09-30-00-1_500_dirty_glass/2017-08-28_09-30-00-1_500_dirty_glass.mp4-bee_id_7380-47100-1.png,1,0,True,False,True
train/videos/2017-08-28_09-30-00-1_500_dirty_glass/2017-08-28_09-30-00-1_500_dirty_glass.mp4-bee_id_7381-47115-1.png,1,0,True,False,True
train/videos/2017-08-28_09-30-00-1_500_dirty_glass/2017-08-28_09-30-00-1_500_dirty_glass.mp4-bee_id_7382-47175-1.png,1,0,True,False,True
train/videos/2017-08-28_09-30-00-1_500_dirty_glass/2017-08-28_09-30-00-1_500_dirty_glass.mp4-bee_id_7383-47205-1.png,0,0,False,False,True
train/videos/2017-08-28_09-30-00-1_500_dirty_glass/2017-08-28_09-30-00-1_500_dirty_glass.mp4-bee_id_7384-47280-1.png,0,0,False,False,True
train/videos/2017-08-28_09-30-00-1_500_dirty_glass/2017-08-28_09-30-00-1_500_dirty_glass.mp4-bee_id_7385-47310-1.png,0,0,False,False,True
train/videos/2017-08-28_09-30-00-1_500_dirty_glass/2017-08-28_09-30-00-1_500_dirty_glass.mp4-bee_id_7386-47310-1.png,1,0,True,False,True
train/videos/2017-08-28_09-30-00-1_500_dirty_glass/2017-08-28_09-30-00-1_500_dirty_glass.mp4-bee_id_7387-47325-1.png,1,0,True,False,True
train/videos/2017-08-28_09-30-00-1_500_dirty_glass/2017-08-28_09-30-00-1_500_dirty_glass.mp4-bee_id_7388-47370-1.png,0,0,False,False,True
train/videos/2017-08-28_09-30-00-1_500_dirty_glass/2017-08-28_09-30-00-1_500_dirty_glass.mp4-bee_id_7389-47415-1.png,0,0,False,False,True
train/videos/2017-08-28_09-30-00-1_500_dirty_glass/2017-08-28_09-30-00-1_500_dirty_glass.mp4-bee_id_7390-47430-1.png,0,0,False,False,True
train/videos/2017-08-28_09-30-00-1_500_dirty_glass/2017-08-28_09-30-00-1_500_dirty_glass.mp4-bee_id_7391-47490-1.png,0,0,False,False,True
train/videos/2017-08-28_09-30-00-1_500_dirty_glass/2017-08-28_09-30-00-1_500_dirty_glass.mp4-bee_id_7392-47580-1.png,1,1,True,True,True
train/videos/2017-08-28_09-30-00-1_500_dirty_glass/2017-08-28_09-30-00-1_500_dirty_glass.mp4-bee_id_7393-47595-1.png,1,1,True,True,True
train/videos/2017-08-28_09-30-00-1_500_dirty_glass/2017-08-28_09-30-00-1_500_dirty_glass.mp4-bee_id_7394-47670-1.png,0,0,False,False,True
train/videos/2017-08-28_09-30-00-1_500_dirty_glass/2017-08-28_09-30-00-1_500_dirty_glass.mp4-bee_id_7395-47685-1.png,1,0,True,False,True
train/videos/2017-08-28_09-30-00-1_500_dirty_glass/2017-08-28_09-30-00-1_500_dirty_glass.mp4-bee_id_7396-47760-1.png,1,0,True,False,True
train/videos/2017-08-28_09-30-00-1_500_dirty_glass/2017-08-28_09-30-00-1_500_dirty_glass.mp4-bee_id_7397-47775-1.png,0,0,False,False,True
train/videos/2017-08-28_09-30-00-1_500_dirty_glass/2017-08-28_09-30-00-1_500_dirty_glass.mp4-bee_id_7398-47790-1.png,1,2,True,True,True
train/videos/2017-08-28_09-30-00-1_500_dirty_glass/2017-08-28_09-30-00-1_500_dirty_glass.mp4-bee_id_7399-47805-1.png,0,0,False,False,True
train/videos/2017-08-28_09-30-00-1_500_dirty_glass/2017-08-28_09-30-00-1_500_dirty_glass.mp4-bee_id_7400-47940-1.png,0,0,False,False,True
train/videos/2017-08-28_09-30-00-1_500_dirty_glass/2017-08-28_09-30-00-1_500_dirty_glass.mp4-bee_id_7401-47955-1.png,0,0,False,False,True
train/videos/2017-08-28_09-30-00-1_500_dirty_glass/2017-08-28_09-30-00-1_500_dirty_glass.mp4-bee_id_7402-48030-1.png,0,0,False,False,True
train/videos/2017-08-28_09-30-00-1_500_dirty_glass/2017-08-28_09-30-00-1_500_dirty_glass.mp4-bee_id_7403-48045-1.png,0,0,False,False,True
train/videos/2017-08-28_09-30-00-1_500_dirty_glass/2017-08-28_09-30-00-1_500_dirty_glass.mp4-bee_id_7404-48150-1.png,0,0,False,False,True
train/videos/2017-08-28_09-30-00-1_500_dirty_glass/2017-08-28_09-30-00-1_500_dirty_glass.mp4-bee_id_7405-48255-1.png,0,0,False,False,True
train/videos/2017-08-28_09-30-00-1_500_dirty_glass/2017-08-28_09-30-00-1_500_dirty_glass.mp4-bee_id_7406-48270-1.png,1,0,True,False,True
train/videos/2017-08-28_09-30-00-1_500_dirty_glass/2017-08-28_09-30-00-1_500_dirty_glass.mp4-bee_id_7407-48285-1.png,1,1,True,False,True
train/videos/2017-08-28_09-30-00-1_500_dirty_glass/2017-08-28_09-30-00-1_500_dirty_glass.mp4-bee_id_7408-48300-1.png,0,0,False,False,True
train/videos/2017-08-28_09-30-00-1_500_dirty_glass/2017-08-28_09-30-00-1_500_dirty_glass.mp4-bee_id_7409-48345-1.png,0,1,False,False,True
train/videos/2017-08-28_09-30-00-1_500_dirty_glass/2017-08-28_09-30-00-1_500_dirty_glass.mp4-bee_id_7410-48375-1.png,0,0,False,False,True
train/videos/2017-08-28_09-30-00-1_500_dirty_glass/2017-08-28_09-30-00-1_500_dirty_glass.mp4-bee_id_7411-48405-1.png,0,0,False,False,True
train/videos/2017-08-28_09-30-00-1_500_dirty_glass/2017-08-28_09-30-00-1_500_dirty_glass.mp4-bee_id_7413-48480-1.png,0,0,False,False,True
train/videos/2017-08-28_09-30-00-1_500_dirty_glass/2017-08-28_09-30-00-1_500_dirty_glass.mp4-bee_id_7414-48510-1.png,0,0,False,False,True
train/videos/2017-08-28_09-30-00-1_500_dirty_glass/2017-08-28_09-30-00-1_500_dirty_glass.mp4-bee_id_7415-48600-1.png,0,0,False,False,True
train/videos/2017-08-28_09-30-00-1_500_dirty_glass/2017-08-28_09-30-00-1_500_dirty_glass.mp4-bee_id_7416-48600-1.png,0,0,False,False,True
train/videos/2017-08-28_09-30-00-1_500_dirty_glass/2017-08-28_09-30-00-1_500_dirty_glass.mp4-bee_id_7417-48615-1.png,0,0,False,False,True
train/videos/2017-08-28_09-30-00-1_500_dirty_glass/2017-08-28_09-30-00-1_500_dirty_glass.mp4-bee_id_7418-48630-1.png,0,0,False,False,True
train/videos/2017-08-28_09-30-00-1_500_dirty_glass/2017-08-28_09-30-00-1_500_dirty_glass.mp4-bee_id_7419-48690-1.png,0,0,False,False,True
train/videos/2017-08-28_09-30-00-1_500_dirty_glass/2017-08-28_09-30-00-1_500_dirty_glass.mp4-bee_id_7420-48720-1.png,0,0,False,False,True
train/videos/2017-08-28_09-30-00-1_500_dirty_glass/2017-08-28_09-30-00-1_500_dirty_glass.mp4-bee_id_7421-48720-1.png,0,0,False,False,True
train/videos/2017-08-28_09-30-00-1_500_dirty_glass/2017-08-28_09-30-00-1_500_dirty_glass.mp4-bee_id_7422-48735-1.png,1,0,True,False,True
train/videos/2017-08-28_09-30-00-1_500_dirty_glass/2017-08-28_09-30-00-1_500_dirty_glass.mp4-bee_id_7423-48765-1.png,1,0,True,False,True
train/videos/2017-08-28_09-30-00-1_500_dirty_glass/2017-08-28_09-30-00-1_500_dirty_glass.mp4-bee_id_7424-48780-1.png,1,0,True,False,True
train/videos/2017-08-28_09-30-00-1_500_dirty_glass/2017-08-28_09-30-00-1_500_dirty_glass.mp4-bee_id_7425-48825-1.png,0,0,False,False,True
train/videos/2017-08-28_09-30-00-1_500_dirty_glass/2017-08-28_09-30-00-1_500_dirty_glass.mp4-bee_id_7426-48915-1.png,0,0,False,False,True
train/videos/2017-08-28_09-30-00-1_500_dirty_glass/2017-08-28_09-30-00-1_500_dirty_glass.mp4-bee_id_7427-48945-1.png,1,0,True,False,True
train/videos/2017-08-28_09-30-00-1_500_dirty_glass/2017-08-28_09-30-00-1_500_dirty_glass.mp4-bee_id_7428-48960-1.png,1,0,True,False,True
train/videos/2017-08-28_09-30-00-1_500_dirty_glass/2017-08-28_09-30-00-1_500_dirty_glass.mp4-bee_id_7429-49080-1.png,0,0,False,False,True
train/videos/2017-08-28_09-30-00-1_500_dirty_glass/2017-08-28_09-30-00-1_500_dirty_glass.mp4-bee_id_7430-49095-1.png,0,0,False,False,True
train/videos/2017-08-28_09-30-00-1_500_dirty_glass/2017-08-28_09-30-00-1_500_dirty_glass.mp4-bee_id_7431-49110-1.png,0,0,False,False,True
train/videos/2017-08-28_09-30-00-1_500_dirty_glass/2017-08-28_09-30-00-1_500_dirty_glass.mp4-bee_id_7432-49110-1.png,0,0,False,False,True
train/videos/2017-08-28_09-30-00-1_500_dirty_glass/2017-08-28_09-30-00-1_500_dirty_glass.mp4-bee_id_7433-49125-1.png,0,0,False,False,True
train/videos/2017-08-28_09-30-00-1_500_dirty_glass/2017-08-28_09-30-00-1_500_dirty_glass.mp4-bee_id_7434-49140-1.png,1,0,True,False,True
train/videos/2017-08-28_09-30-00-1_500_dirty_glass/2017-08-28_09-30-00-1_500_dirty_glass.mp4-bee_id_7435-49170-1.png,0,0,False,False,True
train/videos/2017-08-28_09-30-00-1_500_dirty_glass/2017-08-28_09-30-00-1_500_dirty_glass.mp4-bee_id_7436-49170-1.png,0,0,False,False,True
train/videos/2017-08-28_09-30-00-1_500_dirty_glass/2017-08-28_09-30-00-1_500_dirty_glass.mp4-bee_id_7437-49185-1.png,0,0,False,False,True
train/videos/2017-08-28_09-30-00-1_500_dirty_glass/2017-08-28_09-30-00-1_500_dirty_glass.mp4-bee_id_7438-49245-1.png,0,1,False,False,True
train/videos/2017-08-28_09-30-00-1_500_dirty_glass/2017-08-28_09-30-00-1_500_dirty_glass.mp4-bee_id_7439-49290-1.png,0,0,False,False,True
train/videos/2017-08-28_09-30-00-1_500_dirty_glass/2017-08-28_09-30-00-1_500_dirty_glass.mp4-bee_id_7442-49500-1.png,0,0,False,False,True
train/videos/2017-08-28_09-30-00-1_500_dirty_glass/2017-08-28_09-30-00-1_500_dirty_glass.mp4-bee_id_7443-49500-1.png,0,0,False,False,True
train/videos/2017-08-28_09-30-00-1_500_dirty_glass/2017-08-28_09-30-00-1_500_dirty_glass.mp4-bee_id_7444-49515-1.png,0,0,False,False,True
train/videos/2017-08-28_09-30-00-1_500_dirty_glass/2017-08-28_09-30-00-1_500_dirty_glass.mp4-bee_id_7445-49830-1.png,0,0,False,False,True
train/videos/2017-08-28_09-30-00-1_500_dirty_glass/2017-08-28_09-30-00-1_500_dirty_glass.mp4-bee_id_7446-49845-1.png,0,0,False,False,True
train/videos/2017-08-28_09-30-00-1_500_dirty_glass/2017-08-28_09-30-00-1_500_dirty_glass.mp4-bee_id_7447-50085-1.png,0,0,False,False,True
train/videos/2017-08-28_09-30-00-1_500_dirty_glass/2017-08-28_09-30-00-1_500_dirty_glass.mp4-bee_id_7448-50085-1.png,0,0,False,False,True
train/videos/2017-08-28_09-30-00-1_500_dirty_glass/2017-08-28_09-30-00-1_500_dirty_glass.mp4-bee_id_7449-50130-1.png,1,0,True,False,True
train/videos/2017-08-28_09-30-00-1_500_dirty_glass/2017-08-28_09-30-00-1_500_dirty_glass.mp4-bee_id_7450-50160-1.png,0,0,False,False,True
train/videos/2017-08-28_09-30-00-1_500_dirty_glass/2017-08-28_09-30-00-1_500_dirty_glass.mp4-bee_id_7451-50205-1.png,1,1,True,False,True
train/videos/2017-08-28_09-30-00-1_500_dirty_glass/2017-08-28_09-30-00-1_500_dirty_glass.mp4-bee_id_7453-50385-1.png,1,1,True,True,True
train/videos/2017-08-28_09-30-00-1_500_dirty_glass/2017-08-28_09-30-00-1_500_dirty_glass.mp4-bee_id_7454-50400-1.png,1,1,True,True,True
train/videos/2017-08-28_09-30-00-1_500_dirty_glass/2017-08-28_09-30-00-1_500_dirty_glass.mp4-bee_id_7455-50415-1.png,1,1,True,True,True
train/videos/2017-08-28_09-30-00-1_500_dirty_glass/2017-08-28_09-30-00-1_500_dirty_glass.mp4-bee_id_7456-50490-1.png,1,1,True,True,True
train/videos/2017-08-28_09-30-00-1_500_dirty_glass/2017-08-28_09-30-00-1_500_dirty_glass.mp4-bee_id_7457-50505-1.png,1,1,True,True,True
train/videos/2017-08-28_09-30-00-1_500_dirty_glass/2017-08-28_09-30-00-1_500_dirty_glass.mp4-bee_id_7458-50580-1.png,1,1,True,True,True
train/videos/2017-08-28_09-30-00-1_500_dirty_glass/2017-08-28_09-30-00-1_500_dirty_glass.mp4-bee_id_7459-50595-1.png,1,0,True,False,True
train/videos/2017-08-28_09-30-00-1_500_dirty_glass/2017-08-28_09-30-00-1_500_dirty_glass.mp4-bee_id_7460-50700-1.png,0,0,False,False,True
train/videos/2017-08-28_09-30-00-1_500_dirty_glass/2017-08-28_09-30-00-1_500_dirty_glass.mp4-bee_id_7461-50730-1.png,0,0,False,False,True
train/videos/2017-08-28_09-30-00-1_500_dirty_glass/2017-08-28_09-30-00-1_500_dirty_glass.mp4-bee_id_7462-50925-1.png,1,0,True,False,True
train/videos/2017-08-28_09-30-00-1_500_dirty_glass/2017-08-28_09-30-00-1_500_dirty_glass.mp4-bee_id_7463-50940-1.png,1,0,True,False,True
train/videos/2017-08-28_09-30-00-1_500_dirty_glass/2017-08-28_09-30-00-1_500_dirty_glass.mp4-bee_id_7464-50970-1.png,0,0,False,False,True
train/videos/2017-08-28_09-30-00-1_500_dirty_glass/2017-08-28_09-30-00-1_500_dirty_glass.mp4-bee_id_7465-51000-1.png,0,0,False,False,True
train/videos/2017-08-28_09-30-00-1_500_dirty_glass/2017-08-28_09-30-00-1_500_dirty_glass.mp4-bee_id_7466-51015-1.png,0,0,False,False,True
train/videos/2017-08-28_09-30-00-1_500_dirty_glass/2017-08-28_09-30-00-1_500_dirty_glass.mp4-bee_id_7467-51045-1.png,0,0,False,False,True
train/videos/2017-08-28_09-30-00-1_500_dirty_glass/2017-08-28_09-30-00-1_500_dirty_glass.mp4-bee_id_7468-51060-1.png,0,0,False,False,True
train/videos/2017-08-28_09-30-00-1_500_dirty_glass/2017-08-28_09-30-00-1_500_dirty_glass.mp4-bee_id_7469-51075-1.png,0,0,False,False,True
train/videos/2017-08-28_09-30-00-1_500_dirty_glass/2017-08-28_09-30-00-1_500_dirty_glass.mp4-bee_id_7470-51090-1.png,0,0,False,False,True
train/videos/2017-08-28_09-30-00-1_500_dirty_glass/2017-08-28_09-30-00-1_500_dirty_glass.mp4-bee_id_7471-51120-1.png,0,0,False,False,True
train/videos/2017-08-28_09-30-00-1_500_dirty_glass/2017-08-28_09-30-00-1_500_dirty_glass.mp4-bee_id_7472-51210-1.png,0,1,False,False,True
train/videos/2017-08-28_09-30-00-1_500_dirty_glass/2017-08-28_09-30-00-1_500_dirty_glass.mp4-bee_id_7473-51225-1.png,0,0,False,False,True
train/videos/2017-08-28_09-30-00-1_500_dirty_glass/2017-08-28_09-30-00-1_500_dirty_glass.mp4-bee_id_7474-51240-1.png,1,1,True,False,True
train/videos/2017-08-28_09-30-00-1_500_dirty_glass/2017-08-28_09-30-00-1_500_dirty_glass.mp4-bee_id_7475-51375-1.png,0,0,False,False,True
train/videos/2017-08-28_09-30-00-1_500_dirty_glass/2017-08-28_09-30-00-1_500_dirty_glass.mp4-bee_id_7476-51465-1.png,1,1,True,True,True
train/videos/2017-08-28_09-30-00-1_500_dirty_glass/2017-08-28_09-30-00-1_500_dirty_glass.mp4-bee_id_7477-51480-1.png,1,0,True,False,True
train/videos/2017-08-28_09-30-00-1_500_dirty_glass/2017-08-28_09-30-00-1_500_dirty_glass.mp4-bee_id_7478-51510-1.png,1,1,True,True,True
train/videos/2017-08-28_09-30-00-1_500_dirty_glass/2017-08-28_09-30-00-1_500_dirty_glass.mp4-bee_id_7479-51525-1.png,1,0,True,False,True
train/videos/2017-08-28_09-30-00-1_500_dirty_glass/2017-08-28_09-30-00-1_500_dirty_glass.mp4-bee_id_7480-51570-1.png,1,0,True,False,True
train/videos/2017-08-28_09-30-00-1_500_dirty_glass/2017-08-28_09-30-00-1_500_dirty_glass.mp4-bee_id_7481-51585-1.png,1,1,True,True,True
train/videos/2017-08-28_09-30-00-1_500_dirty_glass/2017-08-28_09-30-00-1_500_dirty_glass.mp4-bee_id_7482-51600-1.png,1,0,True,False,True
train/videos/2017-08-28_09-30-00-1_500_dirty_glass/2017-08-28_09-30-00-1_500_dirty_glass.mp4-bee_id_7483-51630-1.png,1,0,True,False,True
train/videos/2017-08-28_09-30-00-1_500_dirty_glass/2017-08-28_09-30-00-1_500_dirty_glass.mp4-bee_id_7484-51660-1.png,1,0,True,False,True
train/videos/2017-08-28_09-30-00-1_500_dirty_glass/2017-08-28_09-30-00-1_500_dirty_glass.mp4-bee_id_7485-51675-1.png,1,1,True,False,True
train/videos/2017-08-28_09-30-00-1_500_dirty_glass/2017-08-28_09-30-00-1_500_dirty_glass.mp4-bee_id_7486-51690-1.png,1,0,True,False,True
train/videos/2017-08-28_09-30-00-1_500_dirty_glass/2017-08-28_09-30-00-1_500_dirty_glass.mp4-bee_id_7487-51765-1.png,1,0,True,False,True
train/videos/2017-08-28_09-30-00-1_500_dirty_glass/2017-08-28_09-30-00-1_500_dirty_glass.mp4-bee_id_7488-51780-1.png,1,0,True,False,True
train/videos/2017-08-28_09-30-00-1_500_dirty_glass/2017-08-28_09-30-00-1_500_dirty_glass.mp4-bee_id_7489-51840-1.png,0,0,False,False,True
train/videos/2017-08-28_09-30-00-1_500_dirty_glass/2017-08-28_09-30-00-1_500_dirty_glass.mp4-bee_id_7490-51870-1.png,1,0,True,False,True
train/videos/2017-08-28_09-30-00-1_500_dirty_glass/2017-08-28_09-30-00-1_500_dirty_glass.mp4-bee_id_7491-51885-1.png,0,0,False,False,True
train/videos/2017-08-28_09-30-00-1_500_dirty_glass/2017-08-28_09-30-00-1_500_dirty_glass.mp4-bee_id_7492-52095-1.png,1,0,True,False,True
train/videos/2017-08-28_09-30-00-1_500_dirty_glass/2017-08-28_09-30-00-1_500_dirty_glass.mp4-bee_id_7493-52125-1.png,1,0,True,False,True
train/videos/2017-08-28_09-30-00-1_500_dirty_glass/2017-08-28_09-30-00-1_500_dirty_glass.mp4-bee_id_7494-52140-1.png,1,0,True,False,True
train/videos/2017-08-28_09-30-00-1_500_dirty_glass/2017-08-28_09-30-00-1_500_dirty_glass.mp4-bee_id_7495-52215-1.png,0,0,False,False,True
train/videos/2017-08-28_09-30-00-1_500_dirty_glass/2017-08-28_09-30-00-1_500_dirty_glass.mp4-bee_id_7496-52230-1.png,1,0,True,False,True
train/videos/2017-08-28_09-30-00-1_500_dirty_glass/2017-08-28_09-30-00-1_500_dirty_glass.mp4-bee_id_7497-52245-1.png,0,0,False,False,True
train/videos/2017-08-28_09-30-00-1_500_dirty_glass/2017-08-28_09-30-00-1_500_dirty_glass.mp4-bee_id_7499-52395-1.png,1,0,True,False,True
train/videos/2017-08-28_09-30-00-1_500_dirty_glass/2017-08-28_09-30-00-1_500_dirty_glass.mp4-bee_id_7501-52455-1.png,0,0,False,False,True
train/videos/2017-08-28_09-30-00-1_500_dirty_glass/2017-08-28_09-30-00-1_500_dirty_glass.mp4-bee_id_7502-52725-1.png,0,1,False,False,True
train/videos/2017-08-28_09-30-00-1_500_dirty_glass/2017-08-28_09-30-00-1_500_dirty_glass.mp4-bee_id_7505-52920-1.png,0,0,False,False,True
train/videos/2017-08-28_09-30-00-1_500_dirty_glass/2017-08-28_09-30-00-1_500_dirty_glass.mp4-bee_id_7506-53175-1.png,0,0,False,False,True
train/videos/2017-08-28_09-30-00-1_500_dirty_glass/2017-08-28_09-30-00-1_500_dirty_glass.mp4-bee_id_7507-53190-1.png,0,0,False,False,True
train/videos/2017-08-28_09-30-00-1_500_dirty_glass/2017-08-28_09-30-00-1_500_dirty_glass.mp4-bee_id_7508-53235-1.png,0,0,False,False,True
train/videos/2017-08-28_09-30-00-1_500_dirty_glass/2017-08-28_09-30-00-1_500_dirty_glass.mp4-bee_id_7509-53250-1.png,0,0,False,False,True
train/videos/2017-08-28_09-30-00-1_500_dirty_glass/2017-08-28_09-30-00-1_500_dirty_glass.mp4-bee_id_7510-53265-1.png,0,0,False,False,True
train/videos/2017-08-28_09-30-00-1_500_dirty_glass/2017-08-28_09-30-00-1_500_dirty_glass.mp4-bee_id_7511-53280-1.png,0,0,False,False,True
train/videos/2017-08-28_09-30-00-1_500_dirty_glass/2017-08-28_09-30-00-1_500_dirty_glass.mp4-bee_id_7512-53310-1.png,0,0,False,False,True
train/videos/2017-08-28_09-30-00-1_500_dirty_glass/2017-08-28_09-30-00-1_500_dirty_glass.mp4-bee_id_7514-53385-1.png,0,1,False,False,True
train/videos/2017-08-28_09-30-00-1_500_dirty_glass/2017-08-28_09-30-00-1_500_dirty_glass.mp4-bee_id_7515-53415-1.png,0,0,False,False,True
train/videos/2017-08-28_09-30-00-1_500_dirty_glass/2017-08-28_09-30-00-1_500_dirty_glass.mp4-bee_id_7516-53460-1.png,0,0,False,False,True
train/videos/2017-08-28_09-30-00-1_500_dirty_glass/2017-08-28_09-30-00-1_500_dirty_glass.mp4-bee_id_7517-53505-1.png,0,0,False,False,True
train/videos/2017-08-28_09-30-00-1_500_dirty_glass/2017-08-28_09-30-00-1_500_dirty_glass.mp4-bee_id_7519-53550-1.png,0,0,False,False,True
train/videos/2017-08-28_09-30-00-1_500_dirty_glass/2017-08-28_09-30-00-1_500_dirty_glass.mp4-bee_id_7520-53595-1.png,1,0,True,False,True
train/videos/2017-08-28_09-30-00-1_500_dirty_glass/2017-08-28_09-30-00-1_500_dirty_glass.mp4-bee_id_7521-53610-1.png,0,0,False,False,True
train/videos/2017-08-28_09-30-00-1_500_dirty_glass/2017-08-28_09-30-00-1_500_dirty_glass.mp4-bee_id_7522-53670-1.png,0,0,False,False,True
train/videos/2017-08-28_09-30-00-1_500_dirty_glass/2017-08-28_09-30-00-1_500_dirty_glass.mp4-bee_id_7523-53685-1.png,1,0,True,False,True
train/videos/2017-08-28_09-30-00-1_500_dirty_glass/2017-08-28_09-30-00-1_500_dirty_glass.mp4-bee_id_7526-53790-1.png,0,0,False,False,True
train/videos/2017-08-28_09-30-00-1_500_dirty_glass/2017-08-28_09-30-00-1_500_dirty_glass.mp4-bee_id_7528-54000-1.png,0,1,False,False,True
train/videos/2017-08-28_09-30-00-1_500_dirty_glass/2017-08-28_09-30-00-1_500_dirty_glass.mp4-bee_id_7530-54030-1.png,0,0,False,False,True
train/videos/2017-08-28_09-30-00-1_500_dirty_glass/2017-08-28_09-30-00-1_500_dirty_glass.mp4-bee_id_7531-54090-1.png,0,0,False,False,True
train/videos/2017-08-28_09-30-00-1_500_dirty_glass/2017-08-28_09-30-00-1_500_dirty_glass.mp4-bee_id_7534-54225-1.png,0,1,False,False,True
train/videos/2017-08-28_09-30-00-1_500_dirty_glass/2017-08-28_09-30-00-1_500_dirty_glass.mp4-bee_id_7535-54270-1.png,1,0,True,False,True
train/videos/2017-08-28_09-30-00-1_500_dirty_glass/2017-08-28_09-30-00-1_500_dirty_glass.mp4-bee_id_7536-54285-1.png,1,1,True,False,True
train/videos/2017-08-28_09-30-00-1_500_dirty_glass/2017-08-28_09-30-00-1_500_dirty_glass.mp4-bee_id_7537-54300-1.png,0,0,False,False,True
train/videos/2017-08-28_09-30-00-1_500_dirty_glass/2017-08-28_09-30-00-1_500_dirty_glass.mp4-bee_id_7538-54315-1.png,0,0,False,False,True
train/videos/2017-08-28_09-30-00-1_500_dirty_glass/2017-08-28_09-30-00-1_500_dirty_glass.mp4-bee_id_7539-54375-1.png,0,0,False,False,True
train/videos/2017-08-28_09-30-00-1_500_dirty_glass/2017-08-28_09-30-00-1_500_dirty_glass.mp4-bee_id_7540-54450-1.png,0,2,False,False,True
train/videos/2017-08-28_09-30-00-1_500_dirty_glass/2017-08-28_09-30-00-1_500_dirty_glass.mp4-bee_id_7542-54540-1.png,1,0,True,False,True
train/videos/2017-08-28_09-30-00-1_500_dirty_glass/2017-08-28_09-30-00-1_500_dirty_glass.mp4-bee_id_7543-54735-1.png,0,0,False,False,True
train/videos/2017-08-28_09-30-00-1_500_dirty_glass/2017-08-28_09-30-00-1_500_dirty_glass.mp4-bee_id_7544-54735-1.png,1,0,True,False,True
train/videos/2017-08-28_09-30-00-1_500_dirty_glass/2017-08-28_09-30-00-1_500_dirty_glass.mp4-bee_id_7545-54765-1.png,0,1,False,False,True
train/videos/2017-08-28_09-30-00-1_500_dirty_glass/2017-08-28_09-30-00-1_500_dirty_glass.mp4-bee_id_7546-54765-1.png,1,0,True,False,True
train/videos/2017-08-28_09-30-00-1_500_dirty_glass/2017-08-28_09-30-00-1_500_dirty_glass.mp4-bee_id_7547-54900-1.png,1,1,True,True,True
train/videos/2017-08-28_09-30-00-1_500_dirty_glass/2017-08-28_09-30-00-1_500_dirty_glass.mp4-bee_id_7548-55005-1.png,1,0,True,False,True
train/videos/2017-08-28_09-30-00-1_500_dirty_glass/2017-08-28_09-30-00-1_500_dirty_glass.mp4-bee_id_7549-55020-1.png,1,0,True,False,True
train/videos/2017-08-28_09-30-00-1_500_dirty_glass/2017-08-28_09-30-00-1_500_dirty_glass.mp4-bee_id_7550-55095-1.png,0,0,False,False,True
train/videos/2017-08-28_09-30-00-1_500_dirty_glass/2017-08-28_09-30-00-1_500_dirty_glass.mp4-bee_id_7551-55140-1.png,1,1,True,True,True
train/videos/2017-08-28_09-30-00-1_500_dirty_glass/2017-08-28_09-30-00-1_500_dirty_glass.mp4-bee_id_7552-55245-1.png,0,0,False,False,True
train/videos/2017-08-28_09-30-00-1_500_dirty_glass/2017-08-28_09-30-00-1_500_dirty_glass.mp4-bee_id_7553-55530-1.png,1,0,True,False,True
train/videos/2017-08-28_09-30-00-1_500_dirty_glass/2017-08-28_09-30-00-1_500_dirty_glass.mp4-bee_id_7554-55590-1.png,0,0,False,False,True
train/videos/2017-08-28_09-30-00-1_500_dirty_glass/2017-08-28_09-30-00-1_500_dirty_glass.mp4-bee_id_7555-55605-1.png,0,0,False,False,True
train/videos/2017-08-28_09-30-00-1_500_dirty_glass/2017-08-28_09-30-00-1_500_dirty_glass.mp4-bee_id_7556-55635-1.png,0,0,False,False,True
train/videos/2017-08-28_09-30-00-1_500_dirty_glass/2017-08-28_09-30-00-1_500_dirty_glass.mp4-bee_id_7557-55650-1.png,0,0,False,False,True
train/videos/2017-08-28_09-30-00-1_500_dirty_glass/2017-08-28_09-30-00-1_500_dirty_glass.mp4-bee_id_7558-55665-1.png,0,0,False,False,True
train/videos/2017-08-28_09-30-00-1_500_dirty_glass/2017-08-28_09-30-00-1_500_dirty_glass.mp4-bee_id_7560-55830-1.png,0,0,False,False,True
train/videos/2017-08-28_09-30-00-1_500_dirty_glass/2017-08-28_09-30-00-1_500_dirty_glass.mp4-bee_id_7561-55845-1.png,0,0,False,False,True
train/videos/2017-08-28_09-30-00-1_500_dirty_glass/2017-08-28_09-30-00-1_500_dirty_glass.mp4-bee_id_7562-55845-1.png,0,0,False,False,True
train/videos/2017-08-28_09-30-00-1_500_dirty_glass/2017-08-28_09-30-00-1_500_dirty_glass.mp4-bee_id_7563-55890-1.png,0,0,False,False,True
train/videos/2017-08-28_09-30-00-1_500_dirty_glass/2017-08-28_09-30-00-1_500_dirty_glass.mp4-bee_id_7565-56025-1.png,0,0,False,False,True
train/videos/2017-08-28_09-30-00-1_500_dirty_glass/2017-08-28_09-30-00-1_500_dirty_glass.mp4-bee_id_7566-56055-1.png,0,0,False,False,True
train/videos/2017-08-28_09-30-00-1_500_dirty_glass/2017-08-28_09-30-00-1_500_dirty_glass.mp4-bee_id_7567-56070-1.png,0,0,False,False,True
train/videos/2017-08-28_09-30-00-1_500_dirty_glass/2017-08-28_09-30-00-1_500_dirty_glass.mp4-bee_id_7568-56085-1.png,0,0,False,False,True
train/videos/2017-08-28_09-30-00-1_500_dirty_glass/2017-08-28_09-30-00-1_500_dirty_glass.mp4-bee_id_7569-56115-1.png,1,0,True,False,True
train/videos/2017-08-28_09-30-00-1_500_dirty_glass/2017-08-28_09-30-00-1_500_dirty_glass.mp4-bee_id_7570-56130-1.png,1,0,True,False,True
train/videos/2017-08-28_09-30-00-1_500_dirty_glass/2017-08-28_09-30-00-1_500_dirty_glass.mp4-bee_id_7571-56205-1.png,0,0,False,False,True
train/videos/2017-08-28_09-30-00-1_500_dirty_glass/2017-08-28_09-30-00-1_500_dirty_glass.mp4-bee_id_7572-56220-1.png,1,0,True,False,True
train/videos/2017-08-28_09-30-00-1_500_dirty_glass/2017-08-28_09-30-00-1_500_dirty_glass.mp4-bee_id_7573-56235-1.png,1,0,True,False,True
train/videos/2017-08-28_09-30-00-1_500_dirty_glass/2017-08-28_09-30-00-1_500_dirty_glass.mp4-bee_id_7574-56310-1.png,0,0,False,False,True
train/videos/2017-08-28_09-30-00-1_500_dirty_glass/2017-08-28_09-30-00-1_500_dirty_glass.mp4-bee_id_7575-56355-1.png,1,1,True,True,True
train/videos/2017-08-28_09-30-00-1_500_dirty_glass/2017-08-28_09-30-00-1_500_dirty_glass.mp4-bee_id_7576-56370-1.png,0,0,False,False,True
train/videos/2017-08-28_09-30-00-1_500_dirty_glass/2017-08-28_09-30-00-1_500_dirty_glass.mp4-bee_id_7577-56400-1.png,0,0,False,False,True
train/videos/2017-08-28_09-30-00-1_500_dirty_glass/2017-08-28_09-30-00-1_500_dirty_glass.mp4-bee_id_7578-56415-1.png,0,0,False,False,True
train/videos/2017-08-28_09-30-00-1_500_dirty_glass/2017-08-28_09-30-00-1_500_dirty_glass.mp4-bee_id_7579-56520-1.png,0,0,False,False,True
train/videos/2017-08-28_09-30-00-1_500_dirty_glass/2017-08-28_09-30-00-1_500_dirty_glass.mp4-bee_id_7580-56640-1.png,0,0,False,False,True
train/videos/2017-08-28_09-30-00-1_500_dirty_glass/2017-08-28_09-30-00-1_500_dirty_glass.mp4-bee_id_7581-56655-1.png,0,0,False,False,True
train/videos/2017-08-28_09-30-00-1_500_dirty_glass/2017-08-28_09-30-00-1_500_dirty_glass.mp4-bee_id_7582-56730-1.png,1,0,True,False,True
train/videos/2017-08-28_09-30-00-1_500_dirty_glass/2017-08-28_09-30-00-1_500_dirty_glass.mp4-bee_id_7583-56775-1.png,1,1,True,False,True
train/videos/2017-08-28_09-30-00-1_500_dirty_glass/2017-08-28_09-30-00-1_500_dirty_glass.mp4-bee_id_7584-56805-1.png,0,1,False,False,True
train/videos/2017-08-28_09-30-00-1_500_dirty_glass/2017-08-28_09-30-00-1_500_dirty_glass.mp4-bee_id_7585-56865-1.png,0,0,False,False,True
train/videos/2017-08-28_09-30-00-1_500_dirty_glass/2017-08-28_09-30-00-1_500_dirty_glass.mp4-bee_id_7586-56865-1.png,1,0,True,False,True
train/videos/2017-08-28_09-30-00-1_500_dirty_glass/2017-08-28_09-30-00-1_500_dirty_glass.mp4-bee_id_7587-56910-1.png,0,0,False,False,True
train/videos/2017-08-28_09-30-00-1_500_dirty_glass/2017-08-28_09-30-00-1_500_dirty_glass.mp4-bee_id_7588-56925-1.png,1,1,True,True,True
train/videos/2017-08-28_09-30-00-1_500_dirty_glass/2017-08-28_09-30-00-1_500_dirty_glass.mp4-bee_id_7589-56925-1.png,0,0,False,False,True
train/videos/2017-08-28_09-30-00-1_500_dirty_glass/2017-08-28_09-30-00-1_500_dirty_glass.mp4-bee_id_7590-56970-1.png,1,2,True,True,True
train/videos/2017-08-28_09-30-00-1_500_dirty_glass/2017-08-28_09-30-00-1_500_dirty_glass.mp4-bee_id_7591-57030-1.png,0,0,False,False,True
train/videos/2017-08-28_09-30-00-1_500_dirty_glass/2017-08-28_09-30-00-1_500_dirty_glass.mp4-bee_id_7592-57120-1.png,1,1,True,True,True
train/videos/2017-08-28_09-30-00-1_500_dirty_glass/2017-08-28_09-30-00-1_500_dirty_glass.mp4-bee_id_7594-57345-1.png,0,0,False,False,True
train/videos/2017-08-28_09-30-00-1_500_dirty_glass/2017-08-28_09-30-00-1_500_dirty_glass.mp4-bee_id_7595-57375-1.png,1,0,True,False,True
train/videos/2017-08-28_09-30-00-1_500_dirty_glass/2017-08-28_09-30-00-1_500_dirty_glass.mp4-bee_id_7596-57420-1.png,0,0,False,False,True
train/videos/2017-08-28_09-30-00-1_500_dirty_glass/2017-08-28_09-30-00-1_500_dirty_glass.mp4-bee_id_7597-57450-1.png,1,2,True,True,True
train/videos/2017-08-28_09-30-00-1_500_dirty_glass/2017-08-28_09-30-00-1_500_dirty_glass.mp4-bee_id_7598-57540-1.png,0,0,False,False,True
train/videos/2017-08-28_09-30-00-1_500_dirty_glass/2017-08-28_09-30-00-1_500_dirty_glass.mp4-bee_id_7599-57705-1.png,0,0,False,False,True
train/videos/2017-08-28_09-30-00-1_500_dirty_glass/2017-08-28_09-30-00-1_500_dirty_glass.mp4-bee_id_7600-57705-1.png,0,0,False,False,True
train/videos/2017-08-28_09-30-00-1_500_dirty_glass/2017-08-28_09-30-00-1_500_dirty_glass.mp4-bee_id_7601-57735-1.png,1,0,True,False,True
train/videos/2017-08-28_09-30-00-1_500_dirty_glass/2017-08-28_09-30-00-1_500_dirty_glass.mp4-bee_id_7602-57810-1.png,0,0,False,False,True
train/videos/2017-08-28_09-30-00-1_500_dirty_glass/2017-08-28_09-30-00-1_500_dirty_glass.mp4-bee_id_7603-57945-1.png,0,0,False,False,True
train/videos/2017-08-28_09-30-00-1_500_dirty_glass/2017-08-28_09-30-00-1_500_dirty_glass.mp4-bee_id_7604-57975-1.png,0,0,False,False,True
train/videos/2017-08-28_09-30-00-1_500_dirty_glass/2017-08-28_09-30-00-1_500_dirty_glass.mp4-bee_id_7605-58005-1.png,0,0,False,False,True
train/videos/2017-08-28_09-30-00-1_500_dirty_glass/2017-08-28_09-30-00-1_500_dirty_glass.mp4-bee_id_7608-58185-1.png,0,0,False,False,True
train/videos/2017-08-28_09-30-00-1_500_dirty_glass/2017-08-28_09-30-00-1_500_dirty_glass.mp4-bee_id_7609-58455-1.png,1,0,True,False,True
train/videos/2017-08-28_09-30-00-1_500_dirty_glass/2017-08-28_09-30-00-1_500_dirty_glass.mp4-bee_id_7610-58455-1.png,0,0,False,False,True
train/videos/2017-08-28_09-30-00-1_500_dirty_glass/2017-08-28_09-30-00-1_500_dirty_glass.mp4-bee_id_7611-58470-1.png,0,0,False,False,True
train/videos/2017-08-28_09-30-00-1_500_dirty_glass/2017-08-28_09-30-00-1_500_dirty_glass.mp4-bee_id_7613-58560-1.png,1,1,True,True,True
train/videos/2017-08-28_09-30-00-1_500_dirty_glass/2017-08-28_09-30-00-1_500_dirty_glass.mp4-bee_id_7614-58575-1.png,0,0,False,False,True
train/videos/2017-08-28_09-30-00-1_500_dirty_glass/2017-08-28_09-30-00-1_500_dirty_glass.mp4-bee_id_7615-58680-1.png,0,1,False,False,True
train/videos/2017-08-28_09-30-00-1_500_dirty_glass/2017-08-28_09-30-00-1_500_dirty_glass.mp4-bee_id_7618-58785-1.png,1,0,True,False,True
train/videos/2017-08-28_09-30-00-1_500_dirty_glass/2017-08-28_09-30-00-1_500_dirty_glass.mp4-bee_id_7619-58815-1.png,0,0,False,False,True
train/videos/2017-08-28_09-30-00-1_500_dirty_glass/2017-08-28_09-30-00-1_500_dirty_glass.mp4-bee_id_7621-58875-1.png,1,0,True,False,True
train/videos/2017-08-28_09-30-00-1_500_dirty_glass/2017-08-28_09-30-00-1_500_dirty_glass.mp4-bee_id_7622-58890-1.png,0,0,False,False,True
train/videos/2017-08-28_09-30-00-1_500_dirty_glass/2017-08-28_09-30-00-1_500_dirty_glass.mp4-bee_id_7623-58920-1.png,0,0,False,False,True
train/videos/2017-08-28_09-30-00-1_500_dirty_glass/2017-08-28_09-30-00-1_500_dirty_glass.mp4-bee_id_7624-58935-1.png,0,0,False,False,True
train/videos/2017-08-28_09-30-00-1_500_dirty_glass/2017-08-28_09-30-00-1_500_dirty_glass.mp4-bee_id_7625-58980-1.png,0,0,False,False,True
train/videos/2017-08-28_09-30-00-1_500_dirty_glass/2017-08-28_09-30-00-1_500_dirty_glass.mp4-bee_id_7626-58995-1.png,0,0,False,False,True
train/videos/2017-08-28_09-30-00-1_500_dirty_glass/2017-08-28_09-30-00-1_500_dirty_glass.mp4-bee_id_7627-59100-1.png,0,0,False,False,True
train/videos/2017-08-28_09-30-00-1_500_dirty_glass/2017-08-28_09-30-00-1_500_dirty_glass.mp4-bee_id_7628-59115-1.png,0,0,False,False,True
train/videos/2017-08-28_09-30-00-1_500_dirty_glass/2017-08-28_09-30-00-1_500_dirty_glass.mp4-bee_id_7629-59130-1.png,0,1,False,False,True
train/videos/2017-08-28_09-30-00-1_500_dirty_glass/2017-08-28_09-30-00-1_500_dirty_glass.mp4-bee_id_7631-59235-1.png,0,0,False,False,True
train/videos/2017-08-28_09-30-00-1_500_dirty_glass/2017-08-28_09-30-00-1_500_dirty_glass.mp4-bee_id_7633-59310-1.png,1,0,True,False,True
train/videos/2017-08-28_09-30-00-1_500_dirty_glass/2017-08-28_09-30-00-1_500_dirty_glass.mp4-bee_id_7634-59325-1.png,0,0,False,False,True
train/videos/2017-08-28_09-30-00-1_500_dirty_glass/2017-08-28_09-30-00-1_500_dirty_glass.mp4-bee_id_7635-59415-1.png,0,0,False,False,True
train/videos/2017-08-28_09-30-00-1_500_dirty_glass/2017-08-28_09-30-00-1_500_dirty_glass.mp4-bee_id_7636-59490-1.png,0,0,False,False,True
train/videos/2017-08-28_09-30-00-1_500_dirty_glass/2017-08-28_09-30-00-1_500_dirty_glass.mp4-bee_id_7639-59535-1.png,0,1,False,False,True
train/videos/2017-08-28_09-30-00-1_500_dirty_glass/2017-08-28_09-30-00-1_500_dirty_glass.mp4-bee_id_7640-59610-1.png,0,0,False,False,True
train/videos/2017-08-28_09-30-00-1_500_dirty_glass/2017-08-28_09-30-00-1_500_dirty_glass.mp4-bee_id_7641-59625-1.png,0,0,False,False,True
train/videos/2017-08-28_09-30-00-1_500_dirty_glass/2017-08-28_09-30-00-1_500_dirty_glass.mp4-bee_id_7642-59625-1.png,0,0,False,False,True
train/videos/2017-08-28_09-30-00-1_500_dirty_glass/2017-08-28_09-30-00-1_500_dirty_glass.mp4-bee_id_7644-59655-1.png,1,0,True,False,True
train/videos/2017-08-28_09-30-00-1_500_dirty_glass/2017-08-28_09-30-00-1_500_dirty_glass.mp4-bee_id_7645-59670-1.png,0,0,False,False,True
train/videos/2017-08-28_09-30-00-1_500_dirty_glass/2017-08-28_09-30-00-1_500_dirty_glass.mp4-bee_id_7646-59685-1.png,0,0,False,False,True
train/videos/2017-08-28_09-30-00-1_500_dirty_glass/2017-08-28_09-30-00-1_500_dirty_glass.mp4-bee_id_7647-59805-1.png,0,0,False,False,True
train/videos/2017-08-28_09-30-00-1_500_dirty_glass/2017-08-28_09-30-00-1_500_dirty_glass.mp4-bee_id_7648-59820-1.png,0,0,False,False,True
train/videos/2017-08-28_09-30-00-1_500_dirty_glass/2017-08-28_09-30-00-1_500_dirty_glass.mp4-bee_id_7650-59865-1.png,0,0,False,False,True
train/videos/2017-08-28_09-30-00-1_500_dirty_glass/2017-08-28_09-30-00-1_500_dirty_glass.mp4-bee_id_7652-59925-1.png,0,0,False,False,True
train/videos/2017-08-28_09-30-00-1_500_dirty_glass/2017-08-28_09-30-00-1_500_dirty_glass.mp4-bee_id_7653-60015-1.png,1,1,True,True,True
train/videos/2017-08-28_09-30-00-1_500_dirty_glass/2017-08-28_09-30-00-1_500_dirty_glass.mp4-bee_id_7654-60060-1.png,1,0,True,False,True
train/videos/2017-08-28_09-30-00-1_500_dirty_glass/2017-08-28_09-30-00-1_500_dirty_glass.mp4-bee_id_7655-60075-1.png,1,2,True,False,True
train/videos/2017-08-28_09-30-00-1_500_dirty_glass/2017-08-28_09-30-00-1_500_dirty_glass.mp4-bee_id_7656-60090-1.png,1,0,True,False,True
train/videos/2017-08-28_09-30-00-1_500_dirty_glass/2017-08-28_09-30-00-1_500_dirty_glass.mp4-bee_id_7657-60090-1.png,1,0,True,False,True
train/videos/2017-08-28_09-30-00-1_500_dirty_glass/2017-08-28_09-30-00-1_500_dirty_glass.mp4-bee_id_7658-60105-1.png,0,0,False,False,True
train/videos/2017-08-28_09-30-00-1_500_dirty_glass/2017-08-28_09-30-00-1_500_dirty_glass.mp4-bee_id_7660-60210-1.png,0,0,False,False,True
train/videos/2017-08-28_09-30-00-1_500_dirty_glass/2017-08-28_09-30-00-1_500_dirty_glass.mp4-bee_id_7661-60270-1.png,0,0,False,False,True
train/videos/2017-08-28_09-30-00-1_500_dirty_glass/2017-08-28_09-30-00-1_500_dirty_glass.mp4-bee_id_7662-60285-1.png,0,0,False,False,True
train/videos/2017-08-28_09-30-00-1_500_dirty_glass/2017-08-28_09-30-00-1_500_dirty_glass.mp4-bee_id_7663-60330-1.png,0,0,False,False,True
train/videos/2017-08-28_09-30-00-1_500_dirty_glass/2017-08-28_09-30-00-1_500_dirty_glass.mp4-bee_id_7664-60360-1.png,0,0,False,False,True
train/videos/2017-08-28_09-30-00-1_500_dirty_glass/2017-08-28_09-30-00-1_500_dirty_glass.mp4-bee_id_7666-60390-1.png,1,1,True,False,True
train/videos/2017-08-28_09-30-00-1_500_dirty_glass/2017-08-28_09-30-00-1_500_dirty_glass.mp4-bee_id_7667-60420-1.png,0,0,False,False,True
train/videos/2017-08-28_09-30-00-1_500_dirty_glass/2017-08-28_09-30-00-1_500_dirty_glass.mp4-bee_id_7668-60615-1.png,0,0,False,False,True
train/videos/2017-08-28_09-30-00-1_500_dirty_glass/2017-08-28_09-30-00-1_500_dirty_glass.mp4-bee_id_7669-60630-1.png,1,0,True,False,True
train/videos/2017-08-28_09-30-00-1_500_dirty_glass/2017-08-28_09-30-00-1_500_dirty_glass.mp4-bee_id_7670-60660-1.png,0,0,False,False,True
train/videos/2017-08-28_09-30-00-1_500_dirty_glass/2017-08-28_09-30-00-1_500_dirty_glass.mp4-bee_id_7671-60735-1.png,1,0,True,False,True
train/videos/2017-08-28_09-30-00-1_500_dirty_glass/2017-08-28_09-30-00-1_500_dirty_glass.mp4-bee_id_7672-60750-1.png,1,0,True,False,True
train/videos/2017-08-28_09-30-00-1_500_dirty_glass/2017-08-28_09-30-00-1_500_dirty_glass.mp4-bee_id_7673-60855-1.png,0,1,False,False,True
train/videos/2017-08-28_09-30-00-1_500_dirty_glass/2017-08-28_09-30-00-1_500_dirty_glass.mp4-bee_id_7674-60855-1.png,0,0,False,False,True
train/videos/2017-08-28_09-30-00-1_500_dirty_glass/2017-08-28_09-30-00-1_500_dirty_glass.mp4-bee_id_7675-60885-1.png,0,0,False,False,True
train/videos/2017-08-28_09-30-00-1_500_dirty_glass/2017-08-28_09-30-00-1_500_dirty_glass.mp4-bee_id_7676-60885-1.png,1,0,True,False,True
train/videos/2017-08-28_09-30-00-1_500_dirty_glass/2017-08-28_09-30-00-1_500_dirty_glass.mp4-bee_id_7677-60900-1.png,0,0,False,False,True
train/videos/2017-08-28_09-30-00-1_500_dirty_glass/2017-08-28_09-30-00-1_500_dirty_glass.mp4-bee_id_7678-60900-1.png,0,0,False,False,True
train/videos/2017-08-28_09-30-00-1_500_dirty_glass/2017-08-28_09-30-00-1_500_dirty_glass.mp4-bee_id_7679-60915-1.png,1,0,True,False,True
train/videos/2017-08-28_09-30-00-1_500_dirty_glass/2017-08-28_09-30-00-1_500_dirty_glass.mp4-bee_id_7680-60930-1.png,0,0,False,False,True
train/videos/2017-08-28_09-30-00-1_500_dirty_glass/2017-08-28_09-30-00-1_500_dirty_glass.mp4-bee_id_7682-60960-1.png,0,0,False,False,True
train/videos/2017-08-28_09-30-00-1_500_dirty_glass/2017-08-28_09-30-00-1_500_dirty_glass.mp4-bee_id_7683-60990-1.png,0,0,False,False,True
train/videos/2017-08-28_09-30-00-1_500_dirty_glass/2017-08-28_09-30-00-1_500_dirty_glass.mp4-bee_id_7684-61005-1.png,0,0,False,False,True
train/videos/2017-08-28_09-30-00-1_500_dirty_glass/2017-08-28_09-30-00-1_500_dirty_glass.mp4-bee_id_7685-61035-1.png,0,0,False,False,True
train/videos/2017-08-28_09-30-00-1_500_dirty_glass/2017-08-28_09-30-00-1_500_dirty_glass.mp4-bee_id_7686-61065-1.png,0,0,False,False,True
train/videos/2017-08-28_09-30-00-1_500_dirty_glass/2017-08-28_09-30-00-1_500_dirty_glass.mp4-bee_id_7687-61140-1.png,0,0,False,False,True
train/videos/2017-08-28_09-30-00-1_500_dirty_glass/2017-08-28_09-30-00-1_500_dirty_glass.mp4-bee_id_7688-61170-1.png,1,0,True,False,True
train/videos/2017-08-28_09-30-00-1_500_dirty_glass/2017-08-28_09-30-00-1_500_dirty_glass.mp4-bee_id_7689-61410-1.png,0,0,False,False,True
train/videos/2017-08-28_09-30-00-1_500_dirty_glass/2017-08-28_09-30-00-1_500_dirty_glass.mp4-bee_id_7690-61425-1.png,1,0,True,False,True
train/videos/2017-08-28_09-30-00-1_500_dirty_glass/2017-08-28_09-30-00-1_500_dirty_glass.mp4-bee_id_7691-61455-1.png,1,0,True,False,True
train/videos/2017-08-28_09-30-00-1_500_dirty_glass/2017-08-28_09-30-00-1_500_dirty_glass.mp4-bee_id_7692-61605-1.png,0,0,False,False,True
train/videos/2017-08-28_09-30-00-1_500_dirty_glass/2017-08-28_09-30-00-1_500_dirty_glass.mp4-bee_id_7693-61620-1.png,0,0,False,False,True
train/videos/2017-08-28_09-30-00-1_500_dirty_glass/2017-08-28_09-30-00-1_500_dirty_glass.mp4-bee_id_7695-61710-1.png,0,0,False,False,True
train/videos/2017-08-28_09-30-00-1_500_dirty_glass/2017-08-28_09-30-00-1_500_dirty_glass.mp4-bee_id_7696-61725-1.png,0,0,False,False,True
train/videos/2017-08-28_09-30-00-1_500_dirty_glass/2017-08-28_09-30-00-1_500_dirty_glass.mp4-bee_id_7698-61755-1.png,0,0,False,False,True
train/videos/2017-08-28_09-30-00-1_500_dirty_glass/2017-08-28_09-30-00-1_500_dirty_glass.mp4-bee_id_7699-61770-1.png,1,0,True,False,True
train/videos/2017-08-28_09-30-00-1_500_dirty_glass/2017-08-28_09-30-00-1_500_dirty_glass.mp4-bee_id_7700-61770-1.png,0,0,False,False,True
train/videos/2017-08-28_09-30-00-1_500_dirty_glass/2017-08-28_09-30-00-1_500_dirty_glass.mp4-bee_id_7701-61785-1.png,0,0,False,False,True
train/videos/2017-08-28_09-30-00-1_500_dirty_glass/2017-08-28_09-30-00-1_500_dirty_glass.mp4-bee_id_7702-61800-1.png,0,0,False,False,True
train/videos/2017-08-28_09-30-00-1_500_dirty_glass/2017-08-28_09-30-00-1_500_dirty_glass.mp4-bee_id_7703-61905-1.png,0,0,False,False,True
train/videos/2017-08-28_09-30-00-1_500_dirty_glass/2017-08-28_09-30-00-1_500_dirty_glass.mp4-bee_id_7704-61920-1.png,0,0,False,False,True
train/videos/2017-08-28_09-30-00-1_500_dirty_glass/2017-08-28_09-30-00-1_500_dirty_glass.mp4-bee_id_7705-61935-1.png,0,0,False,False,True
train/videos/2017-08-28_09-30-00-1_500_dirty_glass/2017-08-28_09-30-00-1_500_dirty_glass.mp4-bee_id_7706-61950-1.png,1,0,True,False,True
train/videos/2017-08-28_09-30-00-1_500_dirty_glass/2017-08-28_09-30-00-1_500_dirty_glass.mp4-bee_id_7707-61950-1.png,0,0,False,False,True
train/videos/2017-08-28_09-30-00-1_500_dirty_glass/2017-08-28_09-30-00-1_500_dirty_glass.mp4-bee_id_7708-61980-1.png,0,1,False,False,True
train/videos/2017-08-28_09-30-00-1_500_dirty_glass/2017-08-28_09-30-00-1_500_dirty_glass.mp4-bee_id_7710-62070-1.png,0,0,False,False,True
train/videos/2017-08-28_09-30-00-1_500_dirty_glass/2017-08-28_09-30-00-1_500_dirty_glass.mp4-bee_id_7711-62190-1.png,1,0,True,False,True
train/videos/2017-08-28_09-30-00-1_500_dirty_glass/2017-08-28_09-30-00-1_500_dirty_glass.mp4-bee_id_7712-62220-1.png,0,0,False,False,True
train/videos/2017-08-28_09-30-00-1_500_dirty_glass/2017-08-28_09-30-00-1_500_dirty_glass.mp4-bee_id_7713-62235-1.png,1,0,True,False,True
train/videos/2017-08-28_09-30-00-1_500_dirty_glass/2017-08-28_09-30-00-1_500_dirty_glass.mp4-bee_id_7715-62265-1.png,0,0,False,False,True
train/videos/2017-08-28_09-30-00-1_500_dirty_glass/2017-08-28_09-30-00-1_500_dirty_glass.mp4-bee_id_7716-62310-1.png,0,0,False,False,True
train/videos/2017-08-28_09-30-00-1_500_dirty_glass/2017-08-28_09-30-00-1_500_dirty_glass.mp4-bee_id_7717-62325-1.png,0,0,False,False,True
train/videos/2017-08-28_09-30-00-1_500_dirty_glass/2017-08-28_09-30-00-1_500_dirty_glass.mp4-bee_id_7719-62430-1.png,0,0,False,False,True
train/videos/2017-08-28_09-30-00-1_500_dirty_glass/2017-08-28_09-30-00-1_500_dirty_glass.mp4-bee_id_7720-62460-1.png,0,0,False,False,True
train/videos/2017-08-28_09-30-00-1_500_dirty_glass/2017-08-28_09-30-00-1_500_dirty_glass.mp4-bee_id_7721-62460-1.png,1,0,True,False,True
train/videos/2017-08-28_09-30-00-1_500_dirty_glass/2017-08-28_09-30-00-1_500_dirty_glass.mp4-bee_id_7722-62520-1.png,0,0,False,False,True
train/videos/2017-08-28_09-30-00-1_500_dirty_glass/2017-08-28_09-30-00-1_500_dirty_glass.mp4-bee_id_7723-62535-1.png,0,0,False,False,True
train/videos/2017-08-28_09-30-00-1_500_dirty_glass/2017-08-28_09-30-00-1_500_dirty_glass.mp4-bee_id_7724-62550-1.png,0,0,False,False,True
train/videos/2017-08-28_09-30-00-1_500_dirty_glass/2017-08-28_09-30-00-1_500_dirty_glass.mp4-bee_id_7725-62610-1.png,1,0,True,False,True
train/videos/2017-08-28_09-30-00-1_500_dirty_glass/2017-08-28_09-30-00-1_500_dirty_glass.mp4-bee_id_7726-62640-1.png,0,0,False,False,True
train/videos/2017-08-28_09-30-00-1_500_dirty_glass/2017-08-28_09-30-00-1_500_dirty_glass.mp4-bee_id_7727-62685-1.png,0,0,False,False,True
train/videos/2017-08-28_09-30-00-1_500_dirty_glass/2017-08-28_09-30-00-1_500_dirty_glass.mp4-bee_id_7728-62700-1.png,0,0,False,False,True
train/videos/2017-08-28_09-30-00-1_500_dirty_glass/2017-08-28_09-30-00-1_500_dirty_glass.mp4-bee_id_7729-62715-1.png,0,0,False,False,True
train/videos/2017-08-28_09-30-00-1_500_dirty_glass/2017-08-28_09-30-00-1_500_dirty_glass.mp4-bee_id_7730-62730-1.png,0,1,False,False,True
train/videos/2017-08-28_09-30-00-1_500_dirty_glass/2017-08-28_09-30-00-1_500_dirty_glass.mp4-bee_id_7731-62805-1.png,0,0,False,False,True
train/videos/2017-08-28_09-30-00-1_500_dirty_glass/2017-08-28_09-30-00-1_500_dirty_glass.mp4-bee_id_7732-62820-1.png,0,0,False,False,True
train/videos/2017-08-28_09-30-00-1_500_dirty_glass/2017-08-28_09-30-00-1_500_dirty_glass.mp4-bee_id_7733-62835-1.png,0,0,False,False,True
train/videos/2017-08-28_09-30-00-1_500_dirty_glass/2017-08-28_09-30-00-1_500_dirty_glass.mp4-bee_id_7734-63150-1.png,1,1,True,True,True
train/videos/2017-08-28_09-30-00-1_500_dirty_glass/2017-08-28_09-30-00-1_500_dirty_glass.mp4-bee_id_7735-63150-1.png,0,0,False,False,True
train/videos/2017-08-28_09-30-00-1_500_dirty_glass/2017-08-28_09-30-00-1_500_dirty_glass.mp4-bee_id_7736-63150-1.png,0,0,False,False,True
train/videos/2017-08-28_09-30-00-1_500_dirty_glass/2017-08-28_09-30-00-1_500_dirty_glass.mp4-bee_id_7737-63180-1.png,0,0,False,False,True
train/videos/2017-08-28_16-31-55/2017-08-28_16-31-55.mp4-bee_id_2768-15-1.png,1,1,True,True,True
train/videos/2017-08-28_16-31-55/2017-08-28_16-31-55.mp4-bee_id_2769-30-1.png,1,0,True,False,True
train/videos/2017-08-28_16-31-55/2017-08-28_16-31-55.mp4-bee_id_2770-75-1.png,1,0,True,False,True
train/videos/2017-08-28_16-31-55/2017-08-28_16-31-55.mp4-bee_id_2771-90-1.png,1,1,True,True,True
train/videos/2017-08-28_16-31-55/2017-08-28_16-31-55.mp4-bee_id_2772-90-1.png,1,0,True,False,True
train/videos/2017-08-30_15-42-59/2017-08-30_15-42-59.mp4-bee_id_10000-54690-1.png,1,2,True,True,True
train/videos/2017-08-30_15-42-59/2017-08-30_15-42-59.mp4-bee_id_10001-54690-1.png,0,0,False,False,True
train/videos/2017-08-30_15-42-59/2017-08-30_15-42-59.mp4-bee_id_10002-54705-1.png,0,0,False,False,True
train/videos/2017-08-30_15-42-59/2017-08-30_15-42-59.mp4-bee_id_10003-54720-1.png,0,0,False,False,True
train/videos/2017-08-30_15-42-59/2017-08-30_15-42-59.mp4-bee_id_10004-54735-1.png,1,0,True,False,True
train/videos/2017-08-30_15-42-59/2017-08-30_15-42-59.mp4-bee_id_10005-54735-1.png,0,0,False,False,True
train/videos/2017-08-30_15-42-59/2017-08-30_15-42-59.mp4-bee_id_10006-54750-1.png,1,0,True,False,True
train/videos/2017-08-30_15-42-59/2017-08-30_15-42-59.mp4-bee_id_10007-54825-1.png,0,0,False,False,True
train/videos/2017-08-30_15-42-59/2017-08-30_15-42-59.mp4-bee_id_10008-54885-1.png,0,1,False,False,True
train/videos/2017-08-30_15-42-59/2017-08-30_15-42-59.mp4-bee_id_10009-54945-1.png,0,1,False,False,True
train/videos/2017-08-30_15-42-59/2017-08-30_15-42-59.mp4-bee_id_10010-54960-1.png,0,0,False,False,True
train/videos/2017-08-30_15-42-59/2017-08-30_15-42-59.mp4-bee_id_10011-54975-1.png,0,0,False,False,True
train/videos/2017-08-30_15-42-59/2017-08-30_15-42-59.mp4-bee_id_10012-54990-1.png,0,0,False,False,True
train/videos/2017-08-30_15-42-59/2017-08-30_15-42-59.mp4-bee_id_10013-55125-1.png,0,1,False,False,True
train/videos/2017-08-30_15-42-59/2017-08-30_15-42-59.mp4-bee_id_10016-55170-1.png,0,0,False,False,True
train/videos/2017-08-30_15-42-59/2017-08-30_15-42-59.mp4-bee_id_10017-55185-1.png,0,0,False,False,True
train/videos/2017-08-30_15-42-59/2017-08-30_15-42-59.mp4-bee_id_10018-55200-1.png,0,2,False,False,True
train/videos/2017-08-30_15-42-59/2017-08-30_15-42-59.mp4-bee_id_10019-55230-1.png,0,0,False,False,True
train/videos/2017-08-30_15-42-59/2017-08-30_15-42-59.mp4-bee_id_10020-55335-1.png,1,1,True,True,True
train/videos/2017-08-30_15-42-59/2017-08-30_15-42-59.mp4-bee_id_10021-55350-1.png,1,1,True,True,True
train/videos/2017-08-30_15-42-59/2017-08-30_15-42-59.mp4-bee_id_10022-55380-1.png,0,0,False,False,True
train/videos/2017-08-30_15-42-59/2017-08-30_15-42-59.mp4-bee_id_10023-55485-1.png,0,0,False,False,True
train/videos/2017-08-30_15-42-59/2017-08-30_15-42-59.mp4-bee_id_10024-55500-1.png,0,0,False,False,True
train/videos/2017-08-30_15-42-59/2017-08-30_15-42-59.mp4-bee_id_10025-55545-1.png,0,0,False,False,True
train/videos/2017-08-30_15-42-59/2017-08-30_15-42-59.mp4-bee_id_10026-55545-1.png,0,0,False,False,True
train/videos/2017-08-30_15-42-59/2017-08-30_15-42-59.mp4-bee_id_10027-55560-1.png,0,0,False,False,True
train/videos/2017-08-30_15-42-59/2017-08-30_15-42-59.mp4-bee_id_10028-55590-1.png,0,1,False,False,True
train/videos/2017-08-30_15-42-59/2017-08-30_15-42-59.mp4-bee_id_10029-55605-1.png,0,0,False,False,True
train/videos/2017-08-30_15-42-59/2017-08-30_15-42-59.mp4-bee_id_10030-55620-1.png,0,1,False,False,True
train/videos/2017-08-30_15-42-59/2017-08-30_15-42-59.mp4-bee_id_10031-55635-1.png,0,0,False,False,True
train/videos/2017-08-30_15-42-59/2017-08-30_15-42-59.mp4-bee_id_10032-55650-1.png,0,1,False,False,True
train/videos/2017-08-30_15-42-59/2017-08-30_15-42-59.mp4-bee_id_10033-55695-1.png,0,0,False,False,True
train/videos/2017-08-30_15-42-59/2017-08-30_15-42-59.mp4-bee_id_10034-55740-1.png,0,0,False,False,True
train/videos/2017-08-30_15-42-59/2017-08-30_15-42-59.mp4-bee_id_10035-55785-1.png,0,0,False,False,True
train/videos/2017-08-30_15-42-59/2017-08-30_15-42-59.mp4-bee_id_10036-55830-1.png,0,2,False,False,True
train/videos/2017-08-30_15-42-59/2017-08-30_15-42-59.mp4-bee_id_10038-56190-1.png,0,0,False,False,True
train/videos/2017-08-30_15-42-59/2017-08-30_15-42-59.mp4-bee_id_10039-56235-1.png,0,2,False,False,True
train/videos/2017-08-30_15-42-59/2017-08-30_15-42-59.mp4-bee_id_10040-56325-1.png,0,0,False,False,True
train/videos/2017-08-30_15-42-59/2017-08-30_15-42-59.mp4-bee_id_10041-56370-1.png,0,0,False,False,True
train/videos/2017-08-30_15-42-59/2017-08-30_15-42-59.mp4-bee_id_10042-56490-1.png,0,0,False,False,True
train/videos/2017-08-30_15-42-59/2017-08-30_15-42-59.mp4-bee_id_10043-56520-1.png,0,3,False,False,True
train/videos/2017-08-30_15-42-59/2017-08-30_15-42-59.mp4-bee_id_10044-56610-1.png,0,0,False,False,True
train/videos/2017-08-30_15-42-59/2017-08-30_15-42-59.mp4-bee_id_10045-56625-1.png,1,1,True,True,True
train/videos/2017-08-30_15-42-59/2017-08-30_15-42-59.mp4-bee_id_10046-56715-1.png,0,1,False,False,True
train/videos/2017-08-30_15-42-59/2017-08-30_15-42-59.mp4-bee_id_10047-56805-1.png,0,0,False,False,True
train/videos/2017-08-30_15-42-59/2017-08-30_15-42-59.mp4-bee_id_10048-56805-1.png,0,0,False,False,True
train/videos/2017-08-30_15-42-59/2017-08-30_15-42-59.mp4-bee_id_10049-56820-1.png,0,1,False,False,True
train/videos/2017-08-30_15-42-59/2017-08-30_15-42-59.mp4-bee_id_10050-56820-1.png,1,1,True,True,True
train/videos/2017-08-30_15-42-59/2017-08-30_15-42-59.mp4-bee_id_10051-56835-1.png,1,0,True,False,True
train/videos/2017-08-30_15-42-59/2017-08-30_15-42-59.mp4-bee_id_10052-56850-1.png,0,0,False,False,True
train/videos/2017-08-30_15-42-59/2017-08-30_15-42-59.mp4-bee_id_10053-56940-1.png,0,0,False,False,True
train/videos/2017-08-30_15-42-59/2017-08-30_15-42-59.mp4-bee_id_10054-56955-1.png,0,0,False,False,True
train/videos/2017-08-30_15-42-59/2017-08-30_15-42-59.mp4-bee_id_10055-56955-1.png,0,0,False,False,True
train/videos/2017-08-30_15-42-59/2017-08-30_15-42-59.mp4-bee_id_10056-56970-1.png,0,0,False,False,True
train/videos/2017-08-30_15-42-59/2017-08-30_15-42-59.mp4-bee_id_10057-56985-1.png,0,1,False,False,True
train/videos/2017-08-30_15-42-59/2017-08-30_15-42-59.mp4-bee_id_10058-57000-1.png,0,0,False,False,True
train/videos/2017-08-30_15-42-59/2017-08-30_15-42-59.mp4-bee_id_10059-57075-1.png,0,0,False,False,True
train/videos/2017-08-30_15-42-59/2017-08-30_15-42-59.mp4-bee_id_10060-57090-1.png,0,0,False,False,True
train/videos/2017-08-30_15-42-59/2017-08-30_15-42-59.mp4-bee_id_10061-57090-1.png,0,2,False,False,True
train/videos/2017-08-30_15-42-59/2017-08-30_15-42-59.mp4-bee_id_10062-57120-1.png,0,0,False,False,True
train/videos/2017-08-30_15-42-59/2017-08-30_15-42-59.mp4-bee_id_10063-57135-1.png,1,2,True,True,True
train/videos/2017-08-30_15-42-59/2017-08-30_15-42-59.mp4-bee_id_10064-57135-1.png,0,1,False,False,True
train/videos/2017-08-30_15-42-59/2017-08-30_15-42-59.mp4-bee_id_10065-57150-1.png,1,1,True,True,True
train/videos/2017-08-30_15-42-59/2017-08-30_15-42-59.mp4-bee_id_10066-57150-1.png,0,1,False,False,True
train/videos/2017-08-30_15-42-59/2017-08-30_15-42-59.mp4-bee_id_10067-57165-1.png,1,0,True,False,True
train/videos/2017-08-30_15-42-59/2017-08-30_15-42-59.mp4-bee_id_10068-57165-1.png,0,0,False,False,True
train/videos/2017-08-30_15-42-59/2017-08-30_15-42-59.mp4-bee_id_10069-57210-1.png,1,1,True,True,True
train/videos/2017-08-30_15-42-59/2017-08-30_15-42-59.mp4-bee_id_10070-57240-1.png,0,0,False,False,True
train/videos/2017-08-30_15-42-59/2017-08-30_15-42-59.mp4-bee_id_10071-57315-1.png,1,2,True,True,True
train/videos/2017-08-30_15-42-59/2017-08-30_15-42-59.mp4-bee_id_10072-57330-1.png,0,0,False,False,True
train/videos/2017-08-30_15-42-59/2017-08-30_15-42-59.mp4-bee_id_10073-57345-1.png,1,1,True,True,True
train/videos/2017-08-30_15-42-59/2017-08-30_15-42-59.mp4-bee_id_10074-57345-1.png,0,0,False,False,True
train/videos/2017-08-30_15-42-59/2017-08-30_15-42-59.mp4-bee_id_10075-57360-1.png,1,2,True,True,True
train/videos/2017-08-30_15-42-59/2017-08-30_15-42-59.mp4-bee_id_10076-57405-1.png,0,0,False,False,True
train/videos/2017-08-30_15-42-59/2017-08-30_15-42-59.mp4-bee_id_10077-57450-1.png,1,2,True,True,True
train/videos/2017-08-30_15-42-59/2017-08-30_15-42-59.mp4-bee_id_10078-57465-1.png,0,0,False,False,True
train/videos/2017-08-30_15-42-59/2017-08-30_15-42-59.mp4-bee_id_10079-57525-1.png,1,2,True,True,True
train/videos/2017-08-30_15-42-59/2017-08-30_15-42-59.mp4-bee_id_10080-57600-1.png,1,2,True,True,True
train/videos/2017-08-30_15-42-59/2017-08-30_15-42-59.mp4-bee_id_10081-57645-1.png,0,0,False,False,True
train/videos/2017-08-30_15-42-59/2017-08-30_15-42-59.mp4-bee_id_10082-57645-1.png,0,1,False,False,True
train/videos/2017-08-30_15-42-59/2017-08-30_15-42-59.mp4-bee_id_10083-57675-1.png,0,0,False,False,True
train/videos/2017-08-30_15-42-59/2017-08-30_15-42-59.mp4-bee_id_10084-57690-1.png,0,0,False,False,True
train/videos/2017-08-30_15-42-59/2017-08-30_15-42-59.mp4-bee_id_10085-57705-1.png,0,0,False,False,True
train/videos/2017-08-30_15-42-59/2017-08-30_15-42-59.mp4-bee_id_10086-57780-1.png,0,0,False,False,True
train/videos/2017-08-30_15-42-59/2017-08-30_15-42-59.mp4-bee_id_10087-57810-1.png,0,0,False,False,True
train/videos/2017-08-30_15-42-59/2017-08-30_15-42-59.mp4-bee_id_10088-57810-1.png,0,0,False,False,True
train/videos/2017-08-30_15-42-59/2017-08-30_15-42-59.mp4-bee_id_10089-57840-1.png,0,0,False,False,True
train/videos/2017-08-30_15-42-59/2017-08-30_15-42-59.mp4-bee_id_10090-57855-1.png,0,1,False,False,True
train/videos/2017-08-30_15-42-59/2017-08-30_15-42-59.mp4-bee_id_10091-57855-1.png,0,2,False,False,True
train/videos/2017-08-30_15-42-59/2017-08-30_15-42-59.mp4-bee_id_10092-57855-1.png,1,1,True,False,True
train/videos/2017-08-30_15-42-59/2017-08-30_15-42-59.mp4-bee_id_10093-57885-1.png,1,0,True,False,True
train/videos/2017-08-30_15-42-59/2017-08-30_15-42-59.mp4-bee_id_10094-57915-1.png,0,0,False,False,True
train/videos/2017-08-30_15-42-59/2017-08-30_15-42-59.mp4-bee_id_10095-57960-1.png,0,0,False,False,True
train/videos/2017-08-30_15-42-59/2017-08-30_15-42-59.mp4-bee_id_10097-57990-1.png,0,1,False,False,True
train/videos/2017-08-30_15-42-59/2017-08-30_15-42-59.mp4-bee_id_10098-58005-1.png,0,0,False,False,True
train/videos/2017-08-30_15-42-59/2017-08-30_15-42-59.mp4-bee_id_10099-58095-1.png,0,0,False,False,True
train/videos/2017-08-30_15-42-59/2017-08-30_15-42-59.mp4-bee_id_10100-58125-1.png,0,0,False,False,True
train/videos/2017-08-30_15-42-59/2017-08-30_15-42-59.mp4-bee_id_10101-58155-1.png,1,2,True,True,True
train/videos/2017-08-30_15-42-59/2017-08-30_15-42-59.mp4-bee_id_10102-58260-1.png,0,1,False,False,True
train/videos/2017-08-30_15-42-59/2017-08-30_15-42-59.mp4-bee_id_10103-58290-1.png,0,1,False,False,True
train/videos/2017-08-30_15-42-59/2017-08-30_15-42-59.mp4-bee_id_10104-58320-1.png,0,0,False,False,True
train/videos/2017-08-30_15-42-59/2017-08-30_15-42-59.mp4-bee_id_10105-58410-1.png,0,1,False,False,True
train/videos/2017-08-30_15-42-59/2017-08-30_15-42-59.mp4-bee_id_10106-58440-1.png,0,1,False,False,True
train/videos/2017-08-30_15-42-59/2017-08-30_15-42-59.mp4-bee_id_10107-58455-1.png,0,0,False,False,True
train/videos/2017-08-30_15-42-59/2017-08-30_15-42-59.mp4-bee_id_10108-58470-1.png,0,0,False,False,True
train/videos/2017-08-30_15-42-59/2017-08-30_15-42-59.mp4-bee_id_10109-58470-1.png,0,0,False,False,True
train/videos/2017-08-30_15-42-59/2017-08-30_15-42-59.mp4-bee_id_10110-58500-1.png,0,1,False,False,True
train/videos/2017-08-30_15-42-59/2017-08-30_15-42-59.mp4-bee_id_10111-58530-1.png,0,1,False,False,True
train/videos/2017-08-30_15-42-59/2017-08-30_15-42-59.mp4-bee_id_10112-58545-1.png,0,0,False,False,True
train/videos/2017-08-30_15-42-59/2017-08-30_15-42-59.mp4-bee_id_10113-58590-1.png,0,0,False,False,True
train/videos/2017-08-30_15-42-59/2017-08-30_15-42-59.mp4-bee_id_10115-58755-1.png,0,0,False,False,True
train/videos/2017-08-30_15-42-59/2017-08-30_15-42-59.mp4-bee_id_10116-58785-1.png,0,0,False,False,True
train/videos/2017-08-30_15-42-59/2017-08-30_15-42-59.mp4-bee_id_10117-58830-1.png,0,0,False,False,True
train/videos/2017-08-30_15-42-59/2017-08-30_15-42-59.mp4-bee_id_10118-58845-1.png,1,1,True,False,True
train/videos/2017-08-30_15-42-59/2017-08-30_15-42-59.mp4-bee_id_10119-58860-1.png,1,0,True,False,True
train/videos/2017-08-30_15-42-59/2017-08-30_15-42-59.mp4-bee_id_10120-58920-1.png,0,0,False,False,True
train/videos/2017-08-30_15-42-59/2017-08-30_15-42-59.mp4-bee_id_10121-59055-1.png,0,0,False,False,True
train/videos/2017-08-30_15-42-59/2017-08-30_15-42-59.mp4-bee_id_10123-59085-1.png,0,2,False,False,True
train/videos/2017-08-30_15-42-59/2017-08-30_15-42-59.mp4-bee_id_10125-59100-1.png,0,0,False,False,True
train/videos/2017-08-30_15-42-59/2017-08-30_15-42-59.mp4-bee_id_10126-59175-1.png,0,1,False,False,True
train/videos/2017-08-30_15-42-59/2017-08-30_15-42-59.mp4-bee_id_10127-59220-1.png,0,1,False,False,True
train/videos/2017-08-30_15-42-59/2017-08-30_15-42-59.mp4-bee_id_10128-59235-1.png,0,0,False,False,True
train/videos/2017-08-30_15-42-59/2017-08-30_15-42-59.mp4-bee_id_10129-59280-1.png,0,0,False,False,True
train/videos/2017-08-30_15-42-59/2017-08-30_15-42-59.mp4-bee_id_10130-59295-1.png,0,3,False,False,True
train/videos/2017-08-30_15-42-59/2017-08-30_15-42-59.mp4-bee_id_10131-59310-1.png,0,0,False,False,True
train/videos/2017-08-30_15-42-59/2017-08-30_15-42-59.mp4-bee_id_10132-59400-1.png,0,1,False,False,True
train/videos/2017-08-30_15-42-59/2017-08-30_15-42-59.mp4-bee_id_10133-59400-1.png,0,0,False,False,True
train/videos/2017-08-30_15-42-59/2017-08-30_15-42-59.mp4-bee_id_10134-59475-1.png,0,0,False,False,True
train/videos/2017-08-30_15-42-59/2017-08-30_15-42-59.mp4-bee_id_10136-59505-1.png,0,0,False,False,True
train/videos/2017-08-30_15-42-59/2017-08-30_15-42-59.mp4-bee_id_10137-59520-1.png,0,0,False,False,True
train/videos/2017-08-30_15-42-59/2017-08-30_15-42-59.mp4-bee_id_10138-59535-1.png,0,0,False,False,True
train/videos/2017-08-30_15-42-59/2017-08-30_15-42-59.mp4-bee_id_10139-59550-1.png,0,0,False,False,True
train/videos/2017-08-30_15-42-59/2017-08-30_15-42-59.mp4-bee_id_10140-59565-1.png,0,1,False,False,True
train/videos/2017-08-30_15-42-59/2017-08-30_15-42-59.mp4-bee_id_10141-59595-1.png,1,0,True,False,True
train/videos/2017-08-30_15-42-59/2017-08-30_15-42-59.mp4-bee_id_10142-59610-1.png,0,0,False,False,True
train/videos/2017-08-30_15-42-59/2017-08-30_15-42-59.mp4-bee_id_10143-59625-1.png,0,0,False,False,True
train/videos/2017-08-30_15-42-59/2017-08-30_15-42-59.mp4-bee_id_10144-59625-1.png,0,1,False,False,True
train/videos/2017-08-30_15-42-59/2017-08-30_15-42-59.mp4-bee_id_10145-59640-1.png,0,1,False,False,True
train/videos/2017-08-30_15-42-59/2017-08-30_15-42-59.mp4-bee_id_10146-59670-1.png,0,0,False,False,True
train/videos/2017-08-30_15-42-59/2017-08-30_15-42-59.mp4-bee_id_10147-59715-1.png,1,0,True,False,True
train/videos/2017-08-30_15-42-59/2017-08-30_15-42-59.mp4-bee_id_10148-59715-1.png,0,0,False,False,True
train/videos/2017-08-30_15-42-59/2017-08-30_15-42-59.mp4-bee_id_10149-59730-1.png,0,1,False,False,True
train/videos/2017-08-30_15-42-59/2017-08-30_15-42-59.mp4-bee_id_10150-59760-1.png,0,1,False,False,True
train/videos/2017-08-30_15-42-59/2017-08-30_15-42-59.mp4-bee_id_10151-59805-1.png,0,0,False,False,True
train/videos/2017-08-30_15-42-59/2017-08-30_15-42-59.mp4-bee_id_10152-59820-1.png,0,0,False,False,True
train/videos/2017-08-30_15-42-59/2017-08-30_15-42-59.mp4-bee_id_10153-59835-1.png,0,0,False,False,True
train/videos/2017-08-30_15-42-59/2017-08-30_15-42-59.mp4-bee_id_10154-59895-1.png,0,0,False,False,True
train/videos/2017-08-30_15-42-59/2017-08-30_15-42-59.mp4-bee_id_10155-59955-1.png,0,0,False,False,True
train/videos/2017-08-30_15-42-59/2017-08-30_15-42-59.mp4-bee_id_10156-60045-1.png,0,0,False,False,True
train/videos/2017-08-30_15-42-59/2017-08-30_15-42-59.mp4-bee_id_10157-60045-1.png,1,0,True,False,True
train/videos/2017-08-30_15-42-59/2017-08-30_15-42-59.mp4-bee_id_10158-60060-1.png,0,0,False,False,True
train/videos/2017-08-30_15-42-59/2017-08-30_15-42-59.mp4-bee_id_10159-60120-1.png,0,0,False,False,True
train/videos/2017-08-30_15-42-59/2017-08-30_15-42-59.mp4-bee_id_10160-60135-1.png,0,0,False,False,True
train/videos/2017-08-30_15-42-59/2017-08-30_15-42-59.mp4-bee_id_10161-60240-1.png,0,0,False,False,True
train/videos/2017-08-30_15-42-59/2017-08-30_15-42-59.mp4-bee_id_10162-60240-1.png,0,0,False,False,True
train/videos/2017-08-30_15-42-59/2017-08-30_15-42-59.mp4-bee_id_10163-60255-1.png,0,0,False,False,True
train/videos/2017-08-30_15-42-59/2017-08-30_15-42-59.mp4-bee_id_10164-60255-1.png,0,0,False,False,True
train/videos/2017-08-30_15-42-59/2017-08-30_15-42-59.mp4-bee_id_10165-60270-1.png,0,0,False,False,True
train/videos/2017-08-30_15-42-59/2017-08-30_15-42-59.mp4-bee_id_10166-60285-1.png,0,0,False,False,True
train/videos/2017-08-30_15-42-59/2017-08-30_15-42-59.mp4-bee_id_10167-60315-1.png,0,0,False,False,True
train/videos/2017-08-30_15-42-59/2017-08-30_15-42-59.mp4-bee_id_10168-60345-1.png,1,1,True,False,True
train/videos/2017-08-30_15-42-59/2017-08-30_15-42-59.mp4-bee_id_10169-60375-1.png,0,0,False,False,True
train/videos/2017-08-30_15-42-59/2017-08-30_15-42-59.mp4-bee_id_10171-60450-1.png,0,0,False,False,True
train/videos/2017-08-30_15-42-59/2017-08-30_15-42-59.mp4-bee_id_10172-60480-1.png,0,0,False,False,True
train/videos/2017-08-30_15-42-59/2017-08-30_15-42-59.mp4-bee_id_10173-60510-1.png,0,1,False,False,True
train/videos/2017-08-30_15-42-59/2017-08-30_15-42-59.mp4-bee_id_10174-60510-1.png,0,0,False,False,True
train/videos/2017-08-30_15-42-59/2017-08-30_15-42-59.mp4-bee_id_10175-60555-1.png,0,0,False,False,True
train/videos/2017-08-30_15-42-59/2017-08-30_15-42-59.mp4-bee_id_10176-60615-1.png,0,0,False,False,True
train/videos/2017-08-30_15-42-59/2017-08-30_15-42-59.mp4-bee_id_10177-60645-1.png,0,0,False,False,True
train/videos/2017-08-30_15-42-59/2017-08-30_15-42-59.mp4-bee_id_10179-60645-1.png,0,1,False,False,True
train/videos/2017-08-30_15-42-59/2017-08-30_15-42-59.mp4-bee_id_10180-60735-1.png,0,0,False,False,True
train/videos/2017-08-30_15-42-59/2017-08-30_15-42-59.mp4-bee_id_10181-60780-1.png,0,1,False,False,True
train/videos/2017-08-30_15-42-59/2017-08-30_15-42-59.mp4-bee_id_10182-60795-1.png,0,0,False,False,True
train/videos/2017-08-30_15-42-59/2017-08-30_15-42-59.mp4-bee_id_10183-60810-1.png,0,1,False,False,True
train/videos/2017-08-30_15-42-59/2017-08-30_15-42-59.mp4-bee_id_10184-60810-1.png,0,0,False,False,True
train/videos/2017-08-30_15-42-59/2017-08-30_15-42-59.mp4-bee_id_10185-60825-1.png,0,0,False,False,True
train/videos/2017-08-30_15-42-59/2017-08-30_15-42-59.mp4-bee_id_10186-60825-1.png,0,0,False,False,True
train/videos/2017-08-30_15-42-59/2017-08-30_15-42-59.mp4-bee_id_10187-60870-1.png,0,1,False,False,True
train/videos/2017-08-30_15-42-59/2017-08-30_15-42-59.mp4-bee_id_10188-60885-1.png,0,0,False,False,True
train/videos/2017-08-30_15-42-59/2017-08-30_15-42-59.mp4-bee_id_10189-60930-1.png,0,0,False,False,True
train/videos/2017-08-30_15-42-59/2017-08-30_15-42-59.mp4-bee_id_10190-60960-1.png,0,0,False,False,True
train/videos/2017-08-30_15-42-59/2017-08-30_15-42-59.mp4-bee_id_10191-60975-1.png,0,0,False,False,True
train/videos/2017-08-30_15-42-59/2017-08-30_15-42-59.mp4-bee_id_10192-60990-1.png,0,0,False,False,True
train/videos/2017-08-30_15-42-59/2017-08-30_15-42-59.mp4-bee_id_10193-60990-1.png,0,1,False,False,True
train/videos/2017-08-30_15-42-59/2017-08-30_15-42-59.mp4-bee_id_10194-61020-1.png,0,0,False,False,True
train/videos/2017-08-30_15-42-59/2017-08-30_15-42-59.mp4-bee_id_10195-61035-1.png,0,1,False,False,True
train/videos/2017-08-30_15-42-59/2017-08-30_15-42-59.mp4-bee_id_10196-61035-1.png,0,0,False,False,True
train/videos/2017-08-30_15-42-59/2017-08-30_15-42-59.mp4-bee_id_10197-61080-1.png,0,0,False,False,True
train/videos/2017-08-30_15-42-59/2017-08-30_15-42-59.mp4-bee_id_10199-61125-1.png,1,1,True,True,True
train/videos/2017-08-30_15-42-59/2017-08-30_15-42-59.mp4-bee_id_10201-61140-1.png,0,0,False,False,True
train/videos/2017-08-30_15-42-59/2017-08-30_15-42-59.mp4-bee_id_10202-61200-1.png,0,0,False,False,True
train/videos/2017-08-30_15-42-59/2017-08-30_15-42-59.mp4-bee_id_10203-61200-1.png,0,0,False,False,True
train/videos/2017-08-30_15-42-59/2017-08-30_15-42-59.mp4-bee_id_10204-61215-1.png,0,0,False,False,True
train/videos/2017-08-30_15-42-59/2017-08-30_15-42-59.mp4-bee_id_10205-61260-1.png,0,0,False,False,True
train/videos/2017-08-30_15-42-59/2017-08-30_15-42-59.mp4-bee_id_10206-61275-1.png,0,0,False,False,True
train/videos/2017-08-30_15-42-59/2017-08-30_15-42-59.mp4-bee_id_10207-61305-1.png,0,0,False,False,True
train/videos/2017-08-30_15-42-59/2017-08-30_15-42-59.mp4-bee_id_10208-61350-1.png,0,0,False,False,True
train/videos/2017-08-30_15-42-59/2017-08-30_15-42-59.mp4-bee_id_10209-61410-1.png,0,2,False,False,True
train/videos/2017-08-30_15-42-59/2017-08-30_15-42-59.mp4-bee_id_10210-61425-1.png,0,0,False,False,True
train/videos/2017-08-30_15-42-59/2017-08-30_15-42-59.mp4-bee_id_10211-61455-1.png,0,2,False,False,True
train/videos/2017-08-30_15-42-59/2017-08-30_15-42-59.mp4-bee_id_10212-61500-1.png,0,0,False,False,True
train/videos/2017-08-30_15-42-59/2017-08-30_15-42-59.mp4-bee_id_10213-61515-1.png,1,0,True,False,True
train/videos/2017-08-30_15-42-59/2017-08-30_15-42-59.mp4-bee_id_10214-61530-1.png,0,0,False,False,True
train/videos/2017-08-30_15-42-59/2017-08-30_15-42-59.mp4-bee_id_10215-61530-1.png,0,1,False,False,True
train/videos/2017-08-30_15-42-59/2017-08-30_15-42-59.mp4-bee_id_10216-61575-1.png,0,0,False,False,True
train/videos/2017-08-30_15-42-59/2017-08-30_15-42-59.mp4-bee_id_10217-61605-1.png,0,0,False,False,True
train/videos/2017-08-30_15-42-59/2017-08-30_15-42-59.mp4-bee_id_10218-61680-1.png,0,0,False,False,True
train/videos/2017-08-30_15-42-59/2017-08-30_15-42-59.mp4-bee_id_10219-61755-1.png,0,0,False,False,True
train/videos/2017-08-30_15-42-59/2017-08-30_15-42-59.mp4-bee_id_10220-61830-1.png,0,0,False,False,True
train/videos/2017-08-30_15-42-59/2017-08-30_15-42-59.mp4-bee_id_10221-61845-1.png,0,0,False,False,True
train/videos/2017-08-30_15-42-59/2017-08-30_15-42-59.mp4-bee_id_10222-61875-1.png,0,1,False,False,True
train/videos/2017-08-30_15-42-59/2017-08-30_15-42-59.mp4-bee_id_10223-61890-1.png,0,0,False,False,True
train/videos/2017-08-30_15-42-59/2017-08-30_15-42-59.mp4-bee_id_10225-61935-1.png,0,0,False,False,True
train/videos/2017-08-30_15-42-59/2017-08-30_15-42-59.mp4-bee_id_10226-61980-1.png,0,0,False,False,True
train/videos/2017-08-30_15-42-59/2017-08-30_15-42-59.mp4-bee_id_10227-61995-1.png,0,2,False,False,True
train/videos/2017-08-30_15-42-59/2017-08-30_15-42-59.mp4-bee_id_10228-61995-1.png,0,1,False,False,True
train/videos/2017-08-30_15-42-59/2017-08-30_15-42-59.mp4-bee_id_10229-61995-1.png,0,0,False,False,True
train/videos/2017-08-30_15-42-59/2017-08-30_15-42-59.mp4-bee_id_10230-62040-1.png,0,0,False,False,True
train/videos/2017-08-30_15-42-59/2017-08-30_15-42-59.mp4-bee_id_10231-62070-1.png,0,0,False,False,True
train/videos/2017-08-30_15-42-59/2017-08-30_15-42-59.mp4-bee_id_10232-62085-1.png,0,0,False,False,True
train/videos/2017-08-30_15-42-59/2017-08-30_15-42-59.mp4-bee_id_10233-62130-1.png,1,0,True,False,True
train/videos/2017-08-30_15-42-59/2017-08-30_15-42-59.mp4-bee_id_10234-62220-1.png,0,0,False,False,True
train/videos/2017-08-30_15-42-59/2017-08-30_15-42-59.mp4-bee_id_10235-62250-1.png,0,1,False,False,True
train/videos/2017-08-30_15-42-59/2017-08-30_15-42-59.mp4-bee_id_10236-62265-1.png,0,0,False,False,True
train/videos/2017-08-30_15-42-59/2017-08-30_15-42-59.mp4-bee_id_10237-62280-1.png,0,0,False,False,True
train/videos/2017-08-30_15-42-59/2017-08-30_15-42-59.mp4-bee_id_10238-62340-1.png,0,1,False,False,True
train/videos/2017-08-30_15-42-59/2017-08-30_15-42-59.mp4-bee_id_10239-62445-1.png,0,1,False,False,True
train/videos/2017-08-30_15-42-59/2017-08-30_15-42-59.mp4-bee_id_10240-62445-1.png,0,2,False,False,True
train/videos/2017-08-30_15-42-59/2017-08-30_15-42-59.mp4-bee_id_10241-62475-1.png,1,0,True,False,True
train/videos/2017-08-30_15-42-59/2017-08-30_15-42-59.mp4-bee_id_10242-62475-1.png,0,1,False,False,True
train/videos/2017-08-30_15-42-59/2017-08-30_15-42-59.mp4-bee_id_10243-62505-1.png,0,0,False,False,True
train/videos/2017-08-30_15-42-59/2017-08-30_15-42-59.mp4-bee_id_10244-62520-1.png,0,0,False,False,True
train/videos/2017-08-30_15-42-59/2017-08-30_15-42-59.mp4-bee_id_10245-62520-1.png,0,0,False,False,True
train/videos/2017-08-30_15-42-59/2017-08-30_15-42-59.mp4-bee_id_10246-62535-1.png,0,0,False,False,True
train/videos/2017-08-30_15-42-59/2017-08-30_15-42-59.mp4-bee_id_10247-62535-1.png,0,1,False,False,True
train/videos/2017-08-30_15-42-59/2017-08-30_15-42-59.mp4-bee_id_10248-62550-1.png,0,0,False,False,True
train/videos/2017-08-30_15-42-59/2017-08-30_15-42-59.mp4-bee_id_10249-62595-1.png,0,0,False,False,True
train/videos/2017-08-30_15-42-59/2017-08-30_15-42-59.mp4-bee_id_10250-62595-1.png,0,0,False,False,True
train/videos/2017-08-30_15-42-59/2017-08-30_15-42-59.mp4-bee_id_10251-62655-1.png,0,1,False,False,True
train/videos/2017-08-30_15-42-59/2017-08-30_15-42-59.mp4-bee_id_10252-62685-1.png,0,0,False,False,True
train/videos/2017-08-30_15-42-59/2017-08-30_15-42-59.mp4-bee_id_10253-62730-1.png,0,0,False,False,True
train/videos/2017-08-30_15-42-59/2017-08-30_15-42-59.mp4-bee_id_10254-62760-1.png,0,2,False,False,True
train/videos/2017-08-30_15-42-59/2017-08-30_15-42-59.mp4-bee_id_10255-62790-1.png,0,0,False,False,True
train/videos/2017-08-30_15-42-59/2017-08-30_15-42-59.mp4-bee_id_10256-62805-1.png,0,1,False,False,True
train/videos/2017-08-30_15-42-59/2017-08-30_15-42-59.mp4-bee_id_10257-62865-1.png,0,0,False,False,True
train/videos/2017-08-30_15-42-59/2017-08-30_15-42-59.mp4-bee_id_10258-62880-1.png,0,0,False,False,True
train/videos/2017-08-30_15-42-59/2017-08-30_15-42-59.mp4-bee_id_10259-62955-1.png,0,1,False,False,True
train/videos/2017-08-30_15-42-59/2017-08-30_15-42-59.mp4-bee_id_10260-62970-1.png,0,0,False,False,True
train/videos/2017-08-30_15-42-59/2017-08-30_15-42-59.mp4-bee_id_10261-62970-1.png,0,0,False,False,True
train/videos/2017-08-30_15-42-59/2017-08-30_15-42-59.mp4-bee_id_10262-62985-1.png,0,2,False,False,True
train/videos/2017-08-30_15-42-59/2017-08-30_15-42-59.mp4-bee_id_10263-63030-1.png,1,1,True,True,True
train/videos/2017-08-30_15-42-59/2017-08-30_15-42-59.mp4-bee_id_10264-63030-1.png,0,0,False,False,True
train/videos/2017-08-30_15-42-59/2017-08-30_15-42-59.mp4-bee_id_10266-63150-1.png,0,1,False,False,True
train/videos/2017-08-30_15-42-59/2017-08-30_15-42-59.mp4-bee_id_10267-63195-1.png,0,1,False,False,True
train/videos/2017-08-30_15-42-59/2017-08-30_15-42-59.mp4-bee_id_10268-63255-1.png,0,1,False,False,True
train/videos/2017-08-30_15-42-59/2017-08-30_15-42-59.mp4-bee_id_10269-63285-1.png,0,0,False,False,True
train/videos/2017-08-30_15-42-59/2017-08-30_15-42-59.mp4-bee_id_10270-63375-1.png,0,0,False,False,True
train/videos/2017-08-30_15-42-59/2017-08-30_15-42-59.mp4-bee_id_10271-63465-1.png,0,0,False,False,True
train/videos/2017-08-30_15-42-59/2017-08-30_15-42-59.mp4-bee_id_10272-63480-1.png,0,0,False,False,True
train/videos/2017-08-30_15-42-59/2017-08-30_15-42-59.mp4-bee_id_10273-63495-1.png,0,0,False,False,True
train/videos/2017-08-30_15-42-59/2017-08-30_15-42-59.mp4-bee_id_10274-63540-1.png,0,0,False,False,True
train/videos/2017-08-30_15-42-59/2017-08-30_15-42-59.mp4-bee_id_10275-63615-1.png,0,0,False,False,True
train/videos/2017-08-30_15-42-59/2017-08-30_15-42-59.mp4-bee_id_10276-63630-1.png,0,0,False,False,True
train/videos/2017-08-30_15-42-59/2017-08-30_15-42-59.mp4-bee_id_10277-63660-1.png,0,0,False,False,True
train/videos/2017-08-30_15-42-59/2017-08-30_15-42-59.mp4-bee_id_10278-63675-1.png,0,1,False,False,True
train/videos/2017-08-30_15-42-59/2017-08-30_15-42-59.mp4-bee_id_10279-63690-1.png,0,0,False,False,True
train/videos/2017-08-30_15-42-59/2017-08-30_15-42-59.mp4-bee_id_10281-63765-1.png,0,0,False,False,True
train/videos/2017-08-30_15-42-59/2017-08-30_15-42-59.mp4-bee_id_10282-63780-1.png,0,1,False,False,True
train/videos/2017-08-30_15-42-59/2017-08-30_15-42-59.mp4-bee_id_10283-63825-1.png,0,1,False,False,True
train/videos/2017-08-30_15-42-59/2017-08-30_15-42-59.mp4-bee_id_10284-63885-1.png,0,1,False,False,True
train/videos/2017-08-30_15-42-59/2017-08-30_15-42-59.mp4-bee_id_10285-63900-1.png,0,1,False,False,True
train/videos/2017-08-30_15-42-59/2017-08-30_15-42-59.mp4-bee_id_10286-63945-1.png,0,0,False,False,True
train/videos/2017-08-30_15-42-59/2017-08-30_15-42-59.mp4-bee_id_10287-64005-1.png,0,0,False,False,True
train/videos/2017-08-30_15-42-59/2017-08-30_15-42-59.mp4-bee_id_10288-64020-1.png,0,1,False,False,True
train/videos/2017-08-30_15-42-59/2017-08-30_15-42-59.mp4-bee_id_10289-64035-1.png,0,0,False,False,True
train/videos/2017-08-30_15-42-59/2017-08-30_15-42-59.mp4-bee_id_10290-64080-1.png,0,0,False,False,True
train/videos/2017-08-30_15-42-59/2017-08-30_15-42-59.mp4-bee_id_10291-64185-1.png,0,1,False,False,True
train/videos/2017-08-30_15-42-59/2017-08-30_15-42-59.mp4-bee_id_10292-64200-1.png,0,0,False,False,True
train/videos/2017-08-30_15-42-59/2017-08-30_15-42-59.mp4-bee_id_10293-64230-1.png,0,0,False,False,True
train/videos/2017-08-30_15-42-59/2017-08-30_15-42-59.mp4-bee_id_10294-64290-1.png,0,1,False,False,True
train/videos/2017-08-30_15-42-59/2017-08-30_15-42-59.mp4-bee_id_10295-64305-1.png,0,0,False,False,True
train/videos/2017-08-30_15-42-59/2017-08-30_15-42-59.mp4-bee_id_10296-64350-1.png,0,1,False,False,True
train/videos/2017-08-30_15-42-59/2017-08-30_15-42-59.mp4-bee_id_10297-64410-1.png,0,0,False,False,True
train/videos/2017-08-30_15-42-59/2017-08-30_15-42-59.mp4-bee_id_10298-64425-1.png,0,0,False,False,True
train/videos/2017-08-30_15-42-59/2017-08-30_15-42-59.mp4-bee_id_10299-64545-1.png,0,1,False,False,True
train/videos/2017-08-30_15-42-59/2017-08-30_15-42-59.mp4-bee_id_10300-64560-1.png,0,1,False,False,True
train/videos/2017-08-30_15-42-59/2017-08-30_15-42-59.mp4-bee_id_10301-64575-1.png,0,0,False,False,True
train/videos/2017-08-30_15-42-59/2017-08-30_15-42-59.mp4-bee_id_10302-64590-1.png,0,0,False,False,True
train/videos/2017-08-30_15-42-59/2017-08-30_15-42-59.mp4-bee_id_10303-64620-1.png,0,0,False,False,True
train/videos/2017-08-30_15-42-59/2017-08-30_15-42-59.mp4-bee_id_10304-64650-1.png,0,0,False,False,True
train/videos/2017-08-30_15-42-59/2017-08-30_15-42-59.mp4-bee_id_10305-64665-1.png,0,2,False,False,True
train/videos/2017-08-30_15-42-59/2017-08-30_15-42-59.mp4-bee_id_10306-64665-1.png,0,0,False,False,True
train/videos/2017-08-30_15-42-59/2017-08-30_15-42-59.mp4-bee_id_10307-64710-1.png,0,0,False,False,True
train/videos/2017-08-30_15-42-59/2017-08-30_15-42-59.mp4-bee_id_10308-64725-1.png,0,0,False,False,True
train/videos/2017-08-30_15-42-59/2017-08-30_15-42-59.mp4-bee_id_10309-64740-1.png,1,0,True,False,True
train/videos/2017-08-30_15-42-59/2017-08-30_15-42-59.mp4-bee_id_10310-64770-1.png,1,0,True,False,True
train/videos/2017-08-30_15-42-59/2017-08-30_15-42-59.mp4-bee_id_10311-64785-1.png,0,2,False,False,True
train/videos/2017-08-30_15-42-59/2017-08-30_15-42-59.mp4-bee_id_10312-64785-1.png,0,0,False,False,True
train/videos/2017-08-30_15-42-59/2017-08-30_15-42-59.mp4-bee_id_10313-64800-1.png,0,0,False,False,True
train/videos/2017-08-30_15-42-59/2017-08-30_15-42-59.mp4-bee_id_10314-64965-1.png,0,0,False,False,True
train/videos/2017-08-30_15-42-59/2017-08-30_15-42-59.mp4-bee_id_10315-65025-1.png,0,0,False,False,True
train/videos/2017-08-30_15-42-59/2017-08-30_15-42-59.mp4-bee_id_10316-65025-1.png,0,1,False,False,True
train/videos/2017-08-30_15-42-59/2017-08-30_15-42-59.mp4-bee_id_10317-65130-1.png,0,0,False,False,True
train/videos/2017-08-30_15-42-59/2017-08-30_15-42-59.mp4-bee_id_10318-65145-1.png,0,1,False,False,True
train/videos/2017-08-30_15-42-59/2017-08-30_15-42-59.mp4-bee_id_10319-65580-1.png,0,0,False,False,True
train/videos/2017-08-30_15-42-59/2017-08-30_15-42-59.mp4-bee_id_10320-65580-1.png,0,0,False,False,True
train/videos/2017-08-30_15-42-59/2017-08-30_15-42-59.mp4-bee_id_10321-65595-1.png,0,0,False,False,True
train/videos/2017-08-30_15-42-59/2017-08-30_15-42-59.mp4-bee_id_10322-65655-1.png,0,0,False,False,True
train/videos/2017-08-30_15-42-59/2017-08-30_15-42-59.mp4-bee_id_10323-65670-1.png,0,0,False,False,True
train/videos/2017-08-30_15-42-59/2017-08-30_15-42-59.mp4-bee_id_10324-65685-1.png,0,0,False,False,True
train/videos/2017-08-30_15-42-59/2017-08-30_15-42-59.mp4-bee_id_10325-65730-1.png,0,0,False,False,True
train/videos/2017-08-30_15-42-59/2017-08-30_15-42-59.mp4-bee_id_10326-65850-1.png,0,0,False,False,True
train/videos/2017-08-30_15-42-59/2017-08-30_15-42-59.mp4-bee_id_10327-65865-1.png,0,0,False,False,True
train/videos/2017-08-30_15-42-59/2017-08-30_15-42-59.mp4-bee_id_10328-65970-1.png,0,0,False,False,True
train/videos/2017-08-30_15-42-59/2017-08-30_15-42-59.mp4-bee_id_10329-66015-1.png,0,0,False,False,True
train/videos/2017-08-30_15-42-59/2017-08-30_15-42-59.mp4-bee_id_10330-66060-1.png,0,1,False,False,True
train/videos/2017-08-30_15-42-59/2017-08-30_15-42-59.mp4-bee_id_10332-66120-1.png,0,0,False,False,True
train/videos/2017-08-30_15-42-59/2017-08-30_15-42-59.mp4-bee_id_10333-66180-1.png,1,0,True,False,True
train/videos/2017-08-30_15-42-59/2017-08-30_15-42-59.mp4-bee_id_10334-66195-1.png,1,0,True,False,True
train/videos/2017-08-30_15-42-59/2017-08-30_15-42-59.mp4-bee_id_10335-66240-1.png,0,0,False,False,True
train/videos/2017-08-30_15-42-59/2017-08-30_15-42-59.mp4-bee_id_10336-66255-1.png,0,0,False,False,True
train/videos/2017-08-30_15-42-59/2017-08-30_15-42-59.mp4-bee_id_10337-66630-1.png,0,1,False,False,True
train/videos/2017-08-30_15-42-59/2017-08-30_15-42-59.mp4-bee_id_10338-67950-1.png,0,0,False,False,True
train/videos/2017-08-30_15-42-59/2017-08-30_15-42-59.mp4-bee_id_10339-68250-1.png,0,0,False,False,True
train/videos/2017-08-30_15-42-59/2017-08-30_15-42-59.mp4-bee_id_10340-68370-1.png,0,0,False,False,True
train/videos/2017-08-30_15-42-59/2017-08-30_15-42-59.mp4-bee_id_10341-68385-1.png,0,1,False,False,True
train/videos/2017-08-30_15-42-59/2017-08-30_15-42-59.mp4-bee_id_10342-68655-1.png,1,1,True,False,True
train/videos/2017-08-30_15-42-59/2017-08-30_15-42-59.mp4-bee_id_10343-68715-1.png,0,0,False,False,True
train/videos/2017-08-30_15-42-59/2017-08-30_15-42-59.mp4-bee_id_10345-69075-1.png,0,0,False,False,True
train/videos/2017-08-30_15-42-59/2017-08-30_15-42-59.mp4-bee_id_10346-69300-1.png,0,0,False,False,True
train/videos/2017-08-30_15-42-59/2017-08-30_15-42-59.mp4-bee_id_10347-69360-1.png,0,0,False,False,True
train/videos/2017-08-30_15-42-59/2017-08-30_15-42-59.mp4-bee_id_10348-69375-1.png,0,1,False,False,True
train/videos/2017-08-30_15-42-59/2017-08-30_15-42-59.mp4-bee_id_10349-69465-1.png,0,0,False,False,True
train/videos/2017-08-30_15-42-59/2017-08-30_15-42-59.mp4-bee_id_10350-69510-1.png,0,0,False,False,True
train/videos/2017-08-30_15-42-59/2017-08-30_15-42-59.mp4-bee_id_10351-69555-1.png,0,0,False,False,True
train/videos/2017-08-30_15-42-59/2017-08-30_15-42-59.mp4-bee_id_10352-69900-1.png,1,0,True,False,True
train/videos/2017-08-30_15-42-59/2017-08-30_15-42-59.mp4-bee_id_10353-69930-1.png,0,1,False,False,True
train/videos/2017-08-30_15-42-59/2017-08-30_15-42-59.mp4-bee_id_10354-69975-1.png,0,0,False,False,True
train/videos/2017-08-30_15-42-59/2017-08-30_15-42-59.mp4-bee_id_10355-69990-1.png,1,1,True,True,True
train/videos/2017-08-30_15-42-59/2017-08-30_15-42-59.mp4-bee_id_10356-70080-1.png,1,1,True,False,True
train/videos/2017-08-30_15-42-59/2017-08-30_15-42-59.mp4-bee_id_10357-70335-1.png,1,1,True,False,True
train/videos/2017-08-30_15-42-59/2017-08-30_15-42-59.mp4-bee_id_10358-70740-1.png,0,2,False,False,True
train/videos/2017-08-30_15-42-59/2017-08-30_15-42-59.mp4-bee_id_10359-70860-1.png,0,1,False,False,True
train/videos/2017-08-30_15-42-59/2017-08-30_15-42-59.mp4-bee_id_10360-70890-1.png,0,0,False,False,True
train/videos/2017-08-30_15-42-59/2017-08-30_15-42-59.mp4-bee_id_10361-70995-1.png,0,0,False,False,True
train/videos/2017-08-30_15-42-59/2017-08-30_15-42-59.mp4-bee_id_10362-71055-1.png,0,1,False,False,True
train/videos/2017-08-30_15-42-59/2017-08-30_15-42-59.mp4-bee_id_10363-71130-1.png,1,0,True,False,True
train/videos/2017-08-30_15-42-59/2017-08-30_15-42-59.mp4-bee_id_10364-71580-1.png,0,0,False,False,True
train/videos/2017-08-30_15-42-59/2017-08-30_15-42-59.mp4-bee_id_10365-71580-1.png,0,0,False,False,True
train/videos/2017-08-30_15-42-59/2017-08-30_15-42-59.mp4-bee_id_10366-71610-1.png,0,0,False,False,True
train/videos/2017-08-30_15-42-59/2017-08-30_15-42-59.mp4-bee_id_10367-71625-1.png,0,1,False,False,True
train/videos/2017-08-30_15-42-59/2017-08-30_15-42-59.mp4-bee_id_10368-71730-1.png,0,2,False,False,True
train/videos/2017-08-30_15-42-59/2017-08-30_15-42-59.mp4-bee_id_10369-71820-1.png,0,1,False,False,True
train/videos/2017-08-30_15-42-59/2017-08-30_15-42-59.mp4-bee_id_10370-71835-1.png,0,1,False,False,True
train/videos/2017-08-30_15-42-59/2017-08-30_15-42-59.mp4-bee_id_10371-71850-1.png,0,0,False,False,True
train/videos/2017-08-30_15-42-59/2017-08-30_15-42-59.mp4-bee_id_10372-71865-1.png,0,1,False,False,True
train/videos/2017-08-30_15-42-59/2017-08-30_15-42-59.mp4-bee_id_10374-72060-1.png,0,0,False,False,True
train/videos/2017-08-30_15-42-59/2017-08-30_15-42-59.mp4-bee_id_10375-72075-1.png,0,0,False,False,True
train/videos/2017-08-30_15-42-59/2017-08-30_15-42-59.mp4-bee_id_10376-72150-1.png,0,0,False,False,True
train/videos/2017-08-30_15-42-59/2017-08-30_15-42-59.mp4-bee_id_10377-72270-1.png,0,0,False,False,True
train/videos/2017-08-30_15-42-59/2017-08-30_15-42-59.mp4-bee_id_10378-72375-1.png,0,0,False,False,True
train/videos/2017-08-30_15-42-59/2017-08-30_15-42-59.mp4-bee_id_10379-72405-1.png,0,0,False,False,True
train/videos/2017-08-30_15-42-59/2017-08-30_15-42-59.mp4-bee_id_10380-72405-1.png,1,1,True,False,True
train/videos/2017-08-30_15-42-59/2017-08-30_15-42-59.mp4-bee_id_10381-72420-1.png,1,0,True,False,True
train/videos/2017-08-30_15-42-59/2017-08-30_15-42-59.mp4-bee_id_10382-72435-1.png,0,1,False,False,True
train/videos/2017-08-30_15-42-59/2017-08-30_15-42-59.mp4-bee_id_10383-72450-1.png,0,0,False,False,True
train/videos/2017-08-30_15-42-59/2017-08-30_15-42-59.mp4-bee_id_10384-72465-1.png,0,1,False,False,True
train/videos/2017-08-30_15-42-59/2017-08-30_15-42-59.mp4-bee_id_10385-72495-1.png,0,1,False,False,True
train/videos/2017-08-30_15-42-59/2017-08-30_15-42-59.mp4-bee_id_10386-72525-1.png,0,1,False,False,True
train/videos/2017-08-30_15-42-59/2017-08-30_15-42-59.mp4-bee_id_10387-72540-1.png,0,0,False,False,True
train/videos/2017-08-30_15-42-59/2017-08-30_15-42-59.mp4-bee_id_10388-72660-1.png,1,0,True,False,True
train/videos/2017-08-30_15-42-59/2017-08-30_15-42-59.mp4-bee_id_10389-72750-1.png,0,0,False,False,True
train/videos/2017-08-30_15-42-59/2017-08-30_15-42-59.mp4-bee_id_10390-72840-1.png,0,1,False,False,True
train/videos/2017-08-30_15-42-59/2017-08-30_15-42-59.mp4-bee_id_10391-72885-1.png,0,1,False,False,True
train/videos/2017-08-30_15-42-59/2017-08-30_15-42-59.mp4-bee_id_10392-72900-1.png,0,0,False,False,True
train/videos/2017-08-30_15-42-59/2017-08-30_15-42-59.mp4-bee_id_10393-72960-1.png,0,0,False,False,True
train/videos/2017-08-30_15-42-59/2017-08-30_15-42-59.mp4-bee_id_10394-73065-1.png,0,1,False,False,True
train/videos/2017-08-30_15-42-59/2017-08-30_15-42-59.mp4-bee_id_10395-73110-1.png,0,0,False,False,True
train/videos/2017-08-30_15-42-59/2017-08-30_15-42-59.mp4-bee_id_10396-73125-1.png,0,1,False,False,True
train/videos/2017-08-30_15-42-59/2017-08-30_15-42-59.mp4-bee_id_10397-73290-1.png,0,0,False,False,True
train/videos/2017-08-30_15-42-59/2017-08-30_15-42-59.mp4-bee_id_10398-73305-1.png,0,0,False,False,True
train/videos/2017-08-30_15-42-59/2017-08-30_15-42-59.mp4-bee_id_10399-73320-1.png,0,0,False,False,True
train/videos/2017-08-30_15-42-59/2017-08-30_15-42-59.mp4-bee_id_10400-73335-1.png,0,0,False,False,True
train/videos/2017-08-30_15-42-59/2017-08-30_15-42-59.mp4-bee_id_10401-73335-1.png,0,0,False,False,True
train/videos/2017-08-30_15-42-59/2017-08-30_15-42-59.mp4-bee_id_10402-73530-1.png,0,1,False,False,True
train/videos/2017-08-30_15-42-59/2017-08-30_15-42-59.mp4-bee_id_10403-73545-1.png,0,0,False,False,True
train/videos/2017-08-30_15-42-59/2017-08-30_15-42-59.mp4-bee_id_10404-73755-1.png,0,0,False,False,True
train/videos/2017-08-30_15-42-59/2017-08-30_15-42-59.mp4-bee_id_10405-73770-1.png,0,1,False,False,True
train/videos/2017-08-30_15-42-59/2017-08-30_15-42-59.mp4-bee_id_10406-73785-1.png,0,1,False,False,True
train/videos/2017-08-30_15-42-59/2017-08-30_15-42-59.mp4-bee_id_10407-73800-1.png,0,0,False,False,True
train/videos/2017-08-30_15-42-59/2017-08-30_15-42-59.mp4-bee_id_10408-73815-1.png,0,0,False,False,True
train/videos/2017-08-30_15-42-59/2017-08-30_15-42-59.mp4-bee_id_10409-73815-1.png,0,0,False,False,True
train/videos/2017-08-30_15-42-59/2017-08-30_15-42-59.mp4-bee_id_10410-73920-1.png,0,0,False,False,True
train/videos/2017-08-30_15-42-59/2017-08-30_15-42-59.mp4-bee_id_10412-73995-1.png,0,0,False,False,True
train/videos/2017-08-30_15-42-59/2017-08-30_15-42-59.mp4-bee_id_10413-74040-1.png,0,0,False,False,True
train/videos/2017-08-30_15-42-59/2017-08-30_15-42-59.mp4-bee_id_10414-74055-1.png,0,0,False,False,True
train/videos/2017-08-30_15-42-59/2017-08-30_15-42-59.mp4-bee_id_10415-74115-1.png,0,0,False,False,True
train/videos/2017-08-30_15-42-59/2017-08-30_15-42-59.mp4-bee_id_10416-74130-1.png,0,0,False,False,True
train/videos/2017-08-30_15-42-59/2017-08-30_15-42-59.mp4-bee_id_10417-74145-1.png,0,1,False,False,True
train/videos/2017-08-30_15-42-59/2017-08-30_15-42-59.mp4-bee_id_10418-74340-1.png,0,0,False,False,True
train/videos/2017-08-30_15-42-59/2017-08-30_15-42-59.mp4-bee_id_10419-74340-1.png,0,0,False,False,True
train/videos/2017-08-30_15-42-59/2017-08-30_15-42-59.mp4-bee_id_10420-74370-1.png,0,0,False,False,True
train/videos/2017-08-30_15-42-59/2017-08-30_15-42-59.mp4-bee_id_10421-74475-1.png,0,0,False,False,True
train/videos/2017-08-30_15-42-59/2017-08-30_15-42-59.mp4-bee_id_10422-74505-1.png,0,0,False,False,True
train/videos/2017-08-30_15-42-59/2017-08-30_15-42-59.mp4-bee_id_10423-74535-1.png,0,1,False,False,True
train/videos/2017-08-30_15-42-59/2017-08-30_15-42-59.mp4-bee_id_10424-74580-1.png,0,1,False,False,True
train/videos/2017-08-30_15-42-59/2017-08-30_15-42-59.mp4-bee_id_10425-74595-1.png,0,0,False,False,True
train/videos/2017-08-30_15-42-59/2017-08-30_15-42-59.mp4-bee_id_10426-74670-1.png,0,1,False,False,True
train/videos/2017-08-30_15-42-59/2017-08-30_15-42-59.mp4-bee_id_10427-74685-1.png,0,0,False,False,True
train/videos/2017-08-30_15-42-59/2017-08-30_15-42-59.mp4-bee_id_10428-74700-1.png,0,0,False,False,True
train/videos/2017-08-30_15-42-59/2017-08-30_15-42-59.mp4-bee_id_10429-74730-1.png,0,0,False,False,True
train/videos/2017-08-30_15-42-59/2017-08-30_15-42-59.mp4-bee_id_10430-74745-1.png,0,0,False,False,True
train/videos/2017-08-30_15-42-59/2017-08-30_15-42-59.mp4-bee_id_10431-74790-1.png,0,0,False,False,True
train/videos/2017-08-30_15-42-59/2017-08-30_15-42-59.mp4-bee_id_10432-74865-1.png,0,0,False,False,True
train/videos/2017-08-30_15-42-59/2017-08-30_15-42-59.mp4-bee_id_10433-74940-1.png,0,1,False,False,True
train/videos/2017-08-30_15-42-59/2017-08-30_15-42-59.mp4-bee_id_10434-74955-1.png,0,1,False,False,True
train/videos/2017-08-30_15-42-59/2017-08-30_15-42-59.mp4-bee_id_10435-74970-1.png,0,0,False,False,True
train/videos/2017-08-30_15-42-59/2017-08-30_15-42-59.mp4-bee_id_10436-74985-1.png,0,0,False,False,True
train/videos/2017-08-30_15-42-59/2017-08-30_15-42-59.mp4-bee_id_10437-74985-1.png,0,0,False,False,True
train/videos/2017-08-30_15-42-59/2017-08-30_15-42-59.mp4-bee_id_10438-75225-1.png,1,1,True,False,True
train/videos/2017-08-30_15-42-59/2017-08-30_15-42-59.mp4-bee_id_10439-75270-1.png,0,0,False,False,True
train/videos/2017-08-30_15-42-59/2017-08-30_15-42-59.mp4-bee_id_10440-75285-1.png,0,0,False,False,True
train/videos/2017-08-30_15-42-59/2017-08-30_15-42-59.mp4-bee_id_10441-75300-1.png,0,0,False,False,True
train/videos/2017-08-30_15-42-59/2017-08-30_15-42-59.mp4-bee_id_10442-75465-1.png,0,0,False,False,True
train/videos/2017-08-30_15-42-59/2017-08-30_15-42-59.mp4-bee_id_10443-75705-1.png,0,0,False,False,True
train/videos/2017-08-30_15-42-59/2017-08-30_15-42-59.mp4-bee_id_10444-75705-1.png,0,1,False,False,True
train/videos/2017-08-30_15-42-59/2017-08-30_15-42-59.mp4-bee_id_10445-75735-1.png,0,0,False,False,True
train/videos/2017-08-30_15-42-59/2017-08-30_15-42-59.mp4-bee_id_10446-75750-1.png,0,0,False,False,True
train/videos/2017-08-30_15-42-59/2017-08-30_15-42-59.mp4-bee_id_10447-75765-1.png,0,0,False,False,True
train/videos/2017-08-30_15-42-59/2017-08-30_15-42-59.mp4-bee_id_10448-75765-1.png,0,1,False,False,True
train/videos/2017-08-30_15-42-59/2017-08-30_15-42-59.mp4-bee_id_10449-75795-1.png,0,1,False,False,True
train/videos/2017-08-30_15-42-59/2017-08-30_15-42-59.mp4-bee_id_10450-75810-1.png,0,0,False,False,True
train/videos/2017-08-30_15-42-59/2017-08-30_15-42-59.mp4-bee_id_10451-76050-1.png,0,0,False,False,True
train/videos/2017-08-30_15-42-59/2017-08-30_15-42-59.mp4-bee_id_10452-76245-1.png,0,0,False,False,True
train/videos/2017-08-30_15-42-59/2017-08-30_15-42-59.mp4-bee_id_10453-76350-1.png,0,0,False,False,True
train/videos/2017-08-30_15-42-59/2017-08-30_15-42-59.mp4-bee_id_10454-76380-1.png,0,1,False,False,True
train/videos/2017-08-30_15-42-59/2017-08-30_15-42-59.mp4-bee_id_10455-76395-1.png,0,1,False,False,True
train/videos/2017-08-30_15-42-59/2017-08-30_15-42-59.mp4-bee_id_10456-76425-1.png,0,0,False,False,True
train/videos/2017-08-30_15-42-59/2017-08-30_15-42-59.mp4-bee_id_10457-76500-1.png,0,0,False,False,True
train/videos/2017-08-30_15-42-59/2017-08-30_15-42-59.mp4-bee_id_10458-76545-1.png,0,1,False,False,True
train/videos/2017-08-30_15-42-59/2017-08-30_15-42-59.mp4-bee_id_10459-76620-1.png,0,0,False,False,True
train/videos/2017-08-30_15-42-59/2017-08-30_15-42-59.mp4-bee_id_10460-76800-1.png,0,0,False,False,True
train/videos/2017-08-30_15-42-59/2017-08-30_15-42-59.mp4-bee_id_10461-76815-1.png,0,0,False,False,True
train/videos/2017-08-30_15-42-59/2017-08-30_15-42-59.mp4-bee_id_10462-76845-1.png,1,0,True,False,True
train/videos/2017-08-30_15-42-59/2017-08-30_15-42-59.mp4-bee_id_10463-76950-1.png,0,2,False,False,True
train/videos/2017-08-30_15-42-59/2017-08-30_15-42-59.mp4-bee_id_10464-77010-1.png,1,1,True,False,True
train/videos/2017-08-30_15-42-59/2017-08-30_15-42-59.mp4-bee_id_10465-77025-1.png,0,2,False,False,True
train/videos/2017-08-30_15-42-59/2017-08-30_15-42-59.mp4-bee_id_10466-77040-1.png,0,0,False,False,True
train/videos/2017-08-30_15-42-59/2017-08-30_15-42-59.mp4-bee_id_10467-77055-1.png,0,0,False,False,True
train/videos/2017-08-30_15-42-59/2017-08-30_15-42-59.mp4-bee_id_10468-77055-1.png,1,1,True,False,True
train/videos/2017-08-30_15-42-59/2017-08-30_15-42-59.mp4-bee_id_10469-77070-1.png,0,0,False,False,True
train/videos/2017-08-30_15-42-59/2017-08-30_15-42-59.mp4-bee_id_10470-77100-1.png,0,0,False,False,True
train/videos/2017-08-30_15-42-59/2017-08-30_15-42-59.mp4-bee_id_10471-77115-1.png,0,0,False,False,True
train/videos/2017-08-30_15-42-59/2017-08-30_15-42-59.mp4-bee_id_10472-77115-1.png,0,0,False,False,True
train/videos/2017-08-30_15-42-59/2017-08-30_15-42-59.mp4-bee_id_10473-77130-1.png,0,0,False,False,True
train/videos/2017-08-30_15-42-59/2017-08-30_15-42-59.mp4-bee_id_10474-77310-1.png,0,1,False,False,True
train/videos/2017-08-30_15-42-59/2017-08-30_15-42-59.mp4-bee_id_10475-77355-1.png,0,2,False,False,True
train/videos/2017-08-30_15-42-59/2017-08-30_15-42-59.mp4-bee_id_10476-77370-1.png,0,1,False,False,True
train/videos/2017-08-30_15-42-59/2017-08-30_15-42-59.mp4-bee_id_10477-77415-1.png,0,1,False,False,True
train/videos/2017-08-30_15-42-59/2017-08-30_15-42-59.mp4-bee_id_10478-77430-1.png,0,0,False,False,True
train/videos/2017-08-30_15-42-59/2017-08-30_15-42-59.mp4-bee_id_10479-77460-1.png,0,0,False,False,True
train/videos/2017-08-30_15-42-59/2017-08-30_15-42-59.mp4-bee_id_10480-77475-1.png,0,0,False,False,True
train/videos/2017-08-30_15-42-59/2017-08-30_15-42-59.mp4-bee_id_10481-77535-1.png,0,1,False,False,True
train/videos/2017-08-30_15-42-59/2017-08-30_15-42-59.mp4-bee_id_10482-77550-1.png,0,0,False,False,True
train/videos/2017-08-30_15-42-59/2017-08-30_15-42-59.mp4-bee_id_10484-77595-1.png,0,0,False,False,True
train/videos/2017-08-30_15-42-59/2017-08-30_15-42-59.mp4-bee_id_10485-77610-1.png,0,0,False,False,True
train/videos/2017-08-30_15-42-59/2017-08-30_15-42-59.mp4-bee_id_10486-77685-1.png,0,0,False,False,True
train/videos/2017-08-30_15-42-59/2017-08-30_15-42-59.mp4-bee_id_10487-77730-1.png,0,0,False,False,True
train/videos/2017-08-30_15-42-59/2017-08-30_15-42-59.mp4-bee_id_10488-77805-1.png,0,0,False,False,True
train/videos/2017-08-30_15-42-59/2017-08-30_15-42-59.mp4-bee_id_10489-77865-1.png,0,0,False,False,True
train/videos/2017-08-30_15-42-59/2017-08-30_15-42-59.mp4-bee_id_10490-77880-1.png,0,0,False,False,True
train/videos/2017-08-30_15-42-59/2017-08-30_15-42-59.mp4-bee_id_10491-77880-1.png,0,0,False,False,True
train/videos/2017-08-30_15-42-59/2017-08-30_15-42-59.mp4-bee_id_10492-78000-1.png,0,1,False,False,True
train/videos/2017-08-30_15-42-59/2017-08-30_15-42-59.mp4-bee_id_10493-78045-1.png,0,0,False,False,True
train/videos/2017-08-30_15-42-59/2017-08-30_15-42-59.mp4-bee_id_10494-78060-1.png,0,1,False,False,True
train/videos/2017-08-30_15-42-59/2017-08-30_15-42-59.mp4-bee_id_10495-78075-1.png,0,0,False,False,True
train/videos/2017-08-30_15-42-59/2017-08-30_15-42-59.mp4-bee_id_10496-78075-1.png,0,0,False,False,True
train/videos/2017-08-30_15-42-59/2017-08-30_15-42-59.mp4-bee_id_10497-78105-1.png,1,0,True,False,True
train/videos/2017-08-30_15-42-59/2017-08-30_15-42-59.mp4-bee_id_10498-78105-1.png,1,0,True,False,True
train/videos/2017-08-30_15-42-59/2017-08-30_15-42-59.mp4-bee_id_10499-78120-1.png,1,0,True,False,True
train/videos/2017-08-30_15-42-59/2017-08-30_15-42-59.mp4-bee_id_10500-78180-1.png,0,0,False,False,True
train/videos/2017-08-30_15-42-59/2017-08-30_15-42-59.mp4-bee_id_10501-78195-1.png,0,0,False,False,True
train/videos/2017-08-30_15-42-59/2017-08-30_15-42-59.mp4-bee_id_10502-78240-1.png,0,1,False,False,True
train/videos/2017-08-30_15-42-59/2017-08-30_15-42-59.mp4-bee_id_10503-78255-1.png,1,2,True,True,True
train/videos/2017-08-30_15-42-59/2017-08-30_15-42-59.mp4-bee_id_10504-78285-1.png,0,0,False,False,True
train/videos/2017-08-30_15-42-59/2017-08-30_15-42-59.mp4-bee_id_10505-78300-1.png,0,0,False,False,True
train/videos/2017-08-30_15-42-59/2017-08-30_15-42-59.mp4-bee_id_10506-78405-1.png,1,0,True,False,True
train/videos/2017-08-30_15-42-59/2017-08-30_15-42-59.mp4-bee_id_10507-78450-1.png,0,2,False,False,True
train/videos/2017-08-30_15-42-59/2017-08-30_15-42-59.mp4-bee_id_10508-78540-1.png,0,0,False,False,True
train/videos/2017-08-30_15-42-59/2017-08-30_15-42-59.mp4-bee_id_10509-78570-1.png,0,0,False,False,True
train/videos/2017-08-30_15-42-59/2017-08-30_15-42-59.mp4-bee_id_10510-78600-1.png,0,1,False,False,True
train/videos/2017-08-30_15-42-59/2017-08-30_15-42-59.mp4-bee_id_10511-78660-1.png,0,0,False,False,True
train/videos/2017-08-30_15-42-59/2017-08-30_15-42-59.mp4-bee_id_10512-78720-1.png,0,0,False,False,True
train/videos/2017-08-30_15-42-59/2017-08-30_15-42-59.mp4-bee_id_10513-78720-1.png,0,0,False,False,True
train/videos/2017-08-30_15-42-59/2017-08-30_15-42-59.mp4-bee_id_10514-78750-1.png,1,0,True,False,True
train/videos/2017-08-30_15-42-59/2017-08-30_15-42-59.mp4-bee_id_10515-78780-1.png,1,1,True,False,True
train/videos/2017-08-30_15-42-59/2017-08-30_15-42-59.mp4-bee_id_10516-78855-1.png,1,2,True,False,True
train/videos/2017-08-30_15-42-59/2017-08-30_15-42-59.mp4-bee_id_10517-78885-1.png,0,0,False,False,True
train/videos/2017-08-30_15-42-59/2017-08-30_15-42-59.mp4-bee_id_10518-78900-1.png,0,0,False,False,True
train/videos/2017-08-30_15-42-59/2017-08-30_15-42-59.mp4-bee_id_10519-78915-1.png,1,1,True,True,True
train/videos/2017-08-30_15-42-59/2017-08-30_15-42-59.mp4-bee_id_10520-78945-1.png,1,0,True,False,True
train/videos/2017-08-30_15-42-59/2017-08-30_15-42-59.mp4-bee_id_10521-79035-1.png,0,0,False,False,True
train/videos/2017-08-30_15-42-59/2017-08-30_15-42-59.mp4-bee_id_10522-79095-1.png,0,0,False,False,True
train/videos/2017-08-30_15-42-59/2017-08-30_15-42-59.mp4-bee_id_10523-79125-1.png,0,1,False,False,True
train/videos/2017-08-30_15-42-59/2017-08-30_15-42-59.mp4-bee_id_10524-79260-1.png,0,0,False,False,True
train/videos/2017-08-30_15-42-59/2017-08-30_15-42-59.mp4-bee_id_10525-79350-1.png,0,0,False,False,True
train/videos/2017-08-30_15-42-59/2017-08-30_15-42-59.mp4-bee_id_10527-79470-1.png,1,1,True,False,True
train/videos/2017-08-30_15-42-59/2017-08-30_15-42-59.mp4-bee_id_10528-79500-1.png,0,0,False,False,True
train/videos/2017-08-30_15-42-59/2017-08-30_15-42-59.mp4-bee_id_10529-79545-1.png,0,0,False,False,True
train/videos/2017-08-30_15-42-59/2017-08-30_15-42-59.mp4-bee_id_10530-79560-1.png,1,0,True,False,True
train/videos/2017-08-30_15-42-59/2017-08-30_15-42-59.mp4-bee_id_10531-79560-1.png,0,0,False,False,True
train/videos/2017-08-30_15-42-59/2017-08-30_15-42-59.mp4-bee_id_10532-79575-1.png,0,1,False,False,True
train/videos/2017-08-30_15-42-59/2017-08-30_15-42-59.mp4-bee_id_10533-79590-1.png,0,1,False,False,True
train/videos/2017-08-30_15-42-59/2017-08-30_15-42-59.mp4-bee_id_10534-79590-1.png,0,0,False,False,True
train/videos/2017-08-30_15-42-59/2017-08-30_15-42-59.mp4-bee_id_10535-79620-1.png,0,0,False,False,True
train/videos/2017-08-30_15-42-59/2017-08-30_15-42-59.mp4-bee_id_10536-79710-1.png,1,1,True,False,True
train/videos/2017-08-30_15-42-59/2017-08-30_15-42-59.mp4-bee_id_10537-79725-1.png,0,1,False,False,True
train/videos/2017-08-30_15-42-59/2017-08-30_15-42-59.mp4-bee_id_10538-79725-1.png,0,0,False,False,True
train/videos/2017-08-30_15-42-59/2017-08-30_15-42-59.mp4-bee_id_10539-79740-1.png,0,0,False,False,True
train/videos/2017-08-30_15-42-59/2017-08-30_15-42-59.mp4-bee_id_10540-79740-1.png,0,0,False,False,True
train/videos/2017-08-30_15-42-59/2017-08-30_15-42-59.mp4-bee_id_10541-79755-1.png,0,0,False,False,True
train/videos/2017-08-30_15-42-59/2017-08-30_15-42-59.mp4-bee_id_10542-79845-1.png,0,2,False,False,True
train/videos/2017-08-30_15-42-59/2017-08-30_15-42-59.mp4-bee_id_10543-79935-1.png,0,0,False,False,True
train/videos/2017-08-30_15-42-59/2017-08-30_15-42-59.mp4-bee_id_10544-79950-1.png,0,0,False,False,True
train/videos/2017-08-30_15-42-59/2017-08-30_15-42-59.mp4-bee_id_10545-79965-1.png,0,0,False,False,True
train/videos/2017-08-30_15-42-59/2017-08-30_15-42-59.mp4-bee_id_10546-79995-1.png,0,0,False,False,True
train/videos/2017-08-30_15-42-59/2017-08-30_15-42-59.mp4-bee_id_10547-80025-1.png,0,2,False,False,True
train/videos/2017-08-30_15-42-59/2017-08-30_15-42-59.mp4-bee_id_10548-80025-1.png,0,2,False,False,True
train/videos/2017-08-30_15-42-59/2017-08-30_15-42-59.mp4-bee_id_10549-80025-1.png,0,0,False,False,True
train/videos/2017-08-30_15-42-59/2017-08-30_15-42-59.mp4-bee_id_10550-80085-1.png,0,2,False,False,True
train/videos/2017-08-30_15-42-59/2017-08-30_15-42-59.mp4-bee_id_10551-80100-1.png,0,1,False,False,True
train/videos/2017-08-30_15-42-59/2017-08-30_15-42-59.mp4-bee_id_10552-80130-1.png,0,0,False,False,True
train/videos/2017-08-30_15-42-59/2017-08-30_15-42-59.mp4-bee_id_10553-80160-1.png,0,0,False,False,True
train/videos/2017-08-30_15-42-59/2017-08-30_15-42-59.mp4-bee_id_10554-80175-1.png,0,0,False,False,True
train/videos/2017-08-30_15-42-59/2017-08-30_15-42-59.mp4-bee_id_10555-80190-1.png,0,0,False,False,True
train/videos/2017-08-30_15-42-59/2017-08-30_15-42-59.mp4-bee_id_10558-80460-1.png,0,0,False,False,True
train/videos/2017-08-30_15-42-59/2017-08-30_15-42-59.mp4-bee_id_10559-80475-1.png,0,0,False,False,True
train/videos/2017-08-30_15-42-59/2017-08-30_15-42-59.mp4-bee_id_10560-80550-1.png,0,0,False,False,True
train/videos/2017-08-30_15-42-59/2017-08-30_15-42-59.mp4-bee_id_10562-80565-1.png,0,1,False,False,True
train/videos/2017-08-30_15-42-59/2017-08-30_15-42-59.mp4-bee_id_10563-80580-1.png,1,0,True,False,True
train/videos/2017-08-30_15-42-59/2017-08-30_15-42-59.mp4-bee_id_10564-80625-1.png,1,0,True,False,True
train/videos/2017-08-30_15-42-59/2017-08-30_15-42-59.mp4-bee_id_10565-80640-1.png,0,0,False,False,True
train/videos/2017-08-30_15-42-59/2017-08-30_15-42-59.mp4-bee_id_10566-80640-1.png,1,0,True,False,True
train/videos/2017-08-30_15-42-59/2017-08-30_15-42-59.mp4-bee_id_10567-80655-1.png,1,1,True,True,True
train/videos/2017-08-30_15-42-59/2017-08-30_15-42-59.mp4-bee_id_10568-80685-1.png,1,2,True,True,True
train/videos/2017-08-30_15-42-59/2017-08-30_15-42-59.mp4-bee_id_10569-80700-1.png,1,1,True,True,True
train/videos/2017-08-30_15-42-59/2017-08-30_15-42-59.mp4-bee_id_10570-80700-1.png,0,0,False,False,True
train/videos/2017-08-30_15-42-59/2017-08-30_15-42-59.mp4-bee_id_10571-80805-1.png,0,0,False,False,True
train/videos/2017-08-30_15-42-59/2017-08-30_15-42-59.mp4-bee_id_10572-80850-1.png,1,0,True,False,True
train/videos/2017-08-30_15-42-59/2017-08-30_15-42-59.mp4-bee_id_10573-80880-1.png,0,0,False,False,True
train/videos/2017-08-30_15-42-59/2017-08-30_15-42-59.mp4-bee_id_10574-80895-1.png,0,0,False,False,True
train/videos/2017-08-30_15-42-59/2017-08-30_15-42-59.mp4-bee_id_10576-80955-1.png,1,2,True,True,True
train/videos/2017-08-30_15-42-59/2017-08-30_15-42-59.mp4-bee_id_10577-80985-1.png,0,2,False,False,True
train/videos/2017-08-30_15-42-59/2017-08-30_15-42-59.mp4-bee_id_10578-81000-1.png,1,2,True,True,True
train/videos/2017-08-30_15-42-59/2017-08-30_15-42-59.mp4-bee_id_10579-81015-1.png,0,1,False,False,True
train/videos/2017-08-30_15-42-59/2017-08-30_15-42-59.mp4-bee_id_10580-81060-1.png,0,1,False,False,True
train/videos/2017-08-30_15-42-59/2017-08-30_15-42-59.mp4-bee_id_10581-81225-1.png,1,1,True,False,True
train/videos/2017-08-30_15-42-59/2017-08-30_15-42-59.mp4-bee_id_10582-81240-1.png,1,2,True,True,True
train/videos/2017-08-30_15-42-59/2017-08-30_15-42-59.mp4-bee_id_10583-81255-1.png,0,0,False,False,True
train/videos/2017-08-30_15-42-59/2017-08-30_15-42-59.mp4-bee_id_10584-81375-1.png,0,0,False,False,True
train/videos/2017-08-30_15-42-59/2017-08-30_15-42-59.mp4-bee_id_10585-81390-1.png,0,1,False,False,True
train/videos/2017-08-30_15-42-59/2017-08-30_15-42-59.mp4-bee_id_10586-81435-1.png,1,0,True,False,True
train/videos/2017-08-30_15-42-59/2017-08-30_15-42-59.mp4-bee_id_10587-81555-1.png,0,0,False,False,True
train/videos/2017-08-30_15-42-59/2017-08-30_15-42-59.mp4-bee_id_10588-81570-1.png,0,1,False,False,True
train/videos/2017-08-30_15-42-59/2017-08-30_15-42-59.mp4-bee_id_10589-81570-1.png,0,0,False,False,True
train/videos/2017-08-30_15-42-59/2017-08-30_15-42-59.mp4-bee_id_10591-81630-1.png,0,0,False,False,True
train/videos/2017-08-30_15-42-59/2017-08-30_15-42-59.mp4-bee_id_10592-81630-1.png,0,2,False,False,True
train/videos/2017-08-30_15-42-59/2017-08-30_15-42-59.mp4-bee_id_10593-81645-1.png,0,0,False,False,True
train/videos/2017-08-30_15-42-59/2017-08-30_15-42-59.mp4-bee_id_10594-81720-1.png,0,1,False,False,True
train/videos/2017-08-30_15-42-59/2017-08-30_15-42-59.mp4-bee_id_10595-81735-1.png,1,2,True,True,True
train/videos/2017-08-30_15-42-59/2017-08-30_15-42-59.mp4-bee_id_10596-81750-1.png,0,0,False,False,True
train/videos/2017-08-30_15-42-59/2017-08-30_15-42-59.mp4-bee_id_10597-81750-1.png,0,0,False,False,True
train/videos/2017-08-30_15-42-59/2017-08-30_15-42-59.mp4-bee_id_10599-81780-1.png,0,0,False,False,True
train/videos/2017-08-30_15-42-59/2017-08-30_15-42-59.mp4-bee_id_10600-81900-1.png,0,0,False,False,True
train/videos/2017-08-30_15-42-59/2017-08-30_15-42-59.mp4-bee_id_10601-81900-1.png,0,0,False,False,True
train/videos/2017-08-30_15-42-59/2017-08-30_15-42-59.mp4-bee_id_10603-81960-1.png,0,0,False,False,True
train/videos/2017-08-30_15-42-59/2017-08-30_15-42-59.mp4-bee_id_10604-81975-1.png,0,1,False,False,True
train/videos/2017-08-30_15-42-59/2017-08-30_15-42-59.mp4-bee_id_10605-82050-1.png,0,1,False,False,True
train/videos/2017-08-30_15-42-59/2017-08-30_15-42-59.mp4-bee_id_10606-82065-1.png,0,0,False,False,True
train/videos/2017-08-30_15-42-59/2017-08-30_15-42-59.mp4-bee_id_10607-82245-1.png,0,0,False,False,True
train/videos/2017-08-30_15-42-59/2017-08-30_15-42-59.mp4-bee_id_10608-82260-1.png,0,0,False,False,True
train/videos/2017-08-30_15-42-59/2017-08-30_15-42-59.mp4-bee_id_10609-82305-1.png,0,0,False,False,True
train/videos/2017-08-30_15-42-59/2017-08-30_15-42-59.mp4-bee_id_10610-82320-1.png,0,0,False,False,True
train/videos/2017-08-30_15-42-59/2017-08-30_15-42-59.mp4-bee_id_10611-82335-1.png,0,0,False,False,True
train/videos/2017-08-30_15-42-59/2017-08-30_15-42-59.mp4-bee_id_10612-82485-1.png,0,0,False,False,True
train/videos/2017-08-30_15-42-59/2017-08-30_15-42-59.mp4-bee_id_10613-82485-1.png,0,0,False,False,True
train/videos/2017-08-30_15-42-59/2017-08-30_15-42-59.mp4-bee_id_10614-82515-1.png,0,0,False,False,True
train/videos/2017-08-30_15-42-59/2017-08-30_15-42-59.mp4-bee_id_10615-82530-1.png,0,0,False,False,True
train/videos/2017-08-30_15-42-59/2017-08-30_15-42-59.mp4-bee_id_10616-82545-1.png,0,0,False,False,True
train/videos/2017-08-30_15-42-59/2017-08-30_15-42-59.mp4-bee_id_10617-82635-1.png,0,0,False,False,True
train/videos/2017-08-30_15-42-59/2017-08-30_15-42-59.mp4-bee_id_10618-82785-1.png,0,0,False,False,True
train/videos/2017-08-30_15-42-59/2017-08-30_15-42-59.mp4-bee_id_10619-82890-1.png,0,0,False,False,True
train/videos/2017-08-30_15-42-59/2017-08-30_15-42-59.mp4-bee_id_10620-82905-1.png,0,1,False,False,True
train/videos/2017-08-30_15-42-59/2017-08-30_15-42-59.mp4-bee_id_10621-83070-1.png,0,0,False,False,True
train/videos/2017-08-30_15-42-59/2017-08-30_15-42-59.mp4-bee_id_10622-83160-1.png,0,0,False,False,True
train/videos/2017-08-30_15-42-59/2017-08-30_15-42-59.mp4-bee_id_10623-83175-1.png,0,0,False,False,True
train/videos/2017-08-30_15-42-59/2017-08-30_15-42-59.mp4-bee_id_10624-83205-1.png,0,0,False,False,True
train/videos/2017-08-30_15-42-59/2017-08-30_15-42-59.mp4-bee_id_10625-83295-1.png,0,2,False,False,True
train/videos/2017-08-30_15-42-59/2017-08-30_15-42-59.mp4-bee_id_10626-83295-1.png,0,1,False,False,True
train/videos/2017-08-30_15-42-59/2017-08-30_15-42-59.mp4-bee_id_10627-83430-1.png,0,1,False,False,True
train/videos/2017-08-30_15-42-59/2017-08-30_15-42-59.mp4-bee_id_10629-83460-1.png,0,0,False,False,True
train/videos/2017-08-30_15-42-59/2017-08-30_15-42-59.mp4-bee_id_10630-83475-1.png,0,0,False,False,True
train/videos/2017-08-30_15-42-59/2017-08-30_15-42-59.mp4-bee_id_10631-83610-1.png,0,0,False,False,True
train/videos/2017-08-30_15-42-59/2017-08-30_15-42-59.mp4-bee_id_10632-83640-1.png,0,0,False,False,True
train/videos/2017-08-30_15-42-59/2017-08-30_15-42-59.mp4-bee_id_10633-83670-1.png,0,0,False,False,True
train/videos/2017-08-30_15-42-59/2017-08-30_15-42-59.mp4-bee_id_10634-83685-1.png,0,1,False,False,True
train/videos/2017-08-30_15-42-59/2017-08-30_15-42-59.mp4-bee_id_10635-83715-1.png,0,0,False,False,True
train/videos/2017-08-30_15-42-59/2017-08-30_15-42-59.mp4-bee_id_10636-83730-1.png,0,1,False,False,True
train/videos/2017-08-30_15-42-59/2017-08-30_15-42-59.mp4-bee_id_10637-83790-1.png,0,1,False,False,True
train/videos/2017-08-30_15-42-59/2017-08-30_15-42-59.mp4-bee_id_10638-83805-1.png,0,0,False,False,True
train/videos/2017-08-30_15-42-59/2017-08-30_15-42-59.mp4-bee_id_10639-83835-1.png,0,1,False,False,True
train/videos/2017-08-30_15-42-59/2017-08-30_15-42-59.mp4-bee_id_10640-83850-1.png,0,0,False,False,True
train/videos/2017-08-30_15-42-59/2017-08-30_15-42-59.mp4-bee_id_10641-83895-1.png,0,1,False,False,True
train/videos/2017-08-30_15-42-59/2017-08-30_15-42-59.mp4-bee_id_10642-83925-1.png,0,2,False,False,True
train/videos/2017-08-30_15-42-59/2017-08-30_15-42-59.mp4-bee_id_10643-83955-1.png,0,1,False,False,True
train/videos/2017-08-30_15-42-59/2017-08-30_15-42-59.mp4-bee_id_10644-84030-1.png,0,0,False,False,True
train/videos/2017-08-30_15-42-59/2017-08-30_15-42-59.mp4-bee_id_10646-84060-1.png,0,0,False,False,True
train/videos/2017-08-30_15-42-59/2017-08-30_15-42-59.mp4-bee_id_10648-84165-1.png,0,0,False,False,True
train/videos/2017-08-30_15-42-59/2017-08-30_15-42-59.mp4-bee_id_10649-84195-1.png,1,0,True,False,True
train/videos/2017-08-30_15-42-59/2017-08-30_15-42-59.mp4-bee_id_10650-84255-1.png,0,2,False,False,True
train/videos/2017-08-30_15-42-59/2017-08-30_15-42-59.mp4-bee_id_10651-84375-1.png,0,1,False,False,True
train/videos/2017-08-30_15-42-59/2017-08-30_15-42-59.mp4-bee_id_10652-84390-1.png,0,0,False,False,True
train/videos/2017-08-30_15-42-59/2017-08-30_15-42-59.mp4-bee_id_10653-84615-1.png,1,1,True,False,True
train/videos/2017-08-30_15-42-59/2017-08-30_15-42-59.mp4-bee_id_10654-84645-1.png,0,0,False,False,True
train/videos/2017-08-30_15-42-59/2017-08-30_15-42-59.mp4-bee_id_10655-84660-1.png,0,0,False,False,True
train/videos/2017-08-30_15-42-59/2017-08-30_15-42-59.mp4-bee_id_10656-84675-1.png,0,0,False,False,True
train/videos/2017-08-30_15-42-59/2017-08-30_15-42-59.mp4-bee_id_10657-84690-1.png,0,1,False,False,True
train/videos/2017-08-30_15-42-59/2017-08-30_15-42-59.mp4-bee_id_10658-84765-1.png,0,0,False,False,True
train/videos/2017-08-30_15-42-59/2017-08-30_15-42-59.mp4-bee_id_10659-84780-1.png,1,0,True,False,True
train/videos/2017-08-30_15-42-59/2017-08-30_15-42-59.mp4-bee_id_10660-84870-1.png,0,0,False,False,True
train/videos/2017-08-30_15-42-59/2017-08-30_15-42-59.mp4-bee_id_10661-84885-1.png,0,0,False,False,True
train/videos/2017-08-30_15-42-59/2017-08-30_15-42-59.mp4-bee_id_10662-84900-1.png,0,0,False,False,True
train/videos/2017-08-30_15-42-59/2017-08-30_15-42-59.mp4-bee_id_10663-84900-1.png,0,1,False,False,True
train/videos/2017-08-30_15-42-59/2017-08-30_15-42-59.mp4-bee_id_10664-84915-1.png,0,0,False,False,True
train/videos/2017-08-30_15-42-59/2017-08-30_15-42-59.mp4-bee_id_10665-84915-1.png,0,0,False,False,True
train/videos/2017-08-30_15-42-59/2017-08-30_15-42-59.mp4-bee_id_10666-84960-1.png,0,1,False,False,True
train/videos/2017-08-30_15-42-59/2017-08-30_15-42-59.mp4-bee_id_10667-84975-1.png,1,1,True,False,True
train/videos/2017-08-30_15-42-59/2017-08-30_15-42-59.mp4-bee_id_10668-85020-1.png,1,0,True,False,True
train/videos/2017-08-30_15-42-59/2017-08-30_15-42-59.mp4-bee_id_10669-85050-1.png,0,0,False,False,True
train/videos/2017-08-30_15-42-59/2017-08-30_15-42-59.mp4-bee_id_10670-85095-1.png,0,0,False,False,True
train/videos/2017-08-30_15-42-59/2017-08-30_15-42-59.mp4-bee_id_10672-85140-1.png,0,0,False,False,True
train/videos/2017-08-30_15-42-59/2017-08-30_15-42-59.mp4-bee_id_10673-85170-1.png,0,0,False,False,True
train/videos/2017-08-30_15-42-59/2017-08-30_15-42-59.mp4-bee_id_10674-85185-1.png,0,0,False,False,True
train/videos/2017-08-30_15-42-59/2017-08-30_15-42-59.mp4-bee_id_10675-85200-1.png,0,0,False,False,True
train/videos/2017-08-30_15-42-59/2017-08-30_15-42-59.mp4-bee_id_10676-85230-1.png,0,0,False,False,True
train/videos/2017-08-30_15-42-59/2017-08-30_15-42-59.mp4-bee_id_10677-85230-1.png,0,0,False,False,True
train/videos/2017-08-30_15-42-59/2017-08-30_15-42-59.mp4-bee_id_10678-85290-1.png,0,1,False,False,True
train/videos/2017-08-30_15-42-59/2017-08-30_15-42-59.mp4-bee_id_10679-85305-1.png,0,2,False,False,True
train/videos/2017-08-30_15-42-59/2017-08-30_15-42-59.mp4-bee_id_10680-85320-1.png,0,0,False,False,True
train/videos/2017-08-30_15-42-59/2017-08-30_15-42-59.mp4-bee_id_10681-85350-1.png,0,1,False,False,True
train/videos/2017-08-30_15-42-59/2017-08-30_15-42-59.mp4-bee_id_10682-85410-1.png,0,0,False,False,True
train/videos/2017-08-30_15-42-59/2017-08-30_15-42-59.mp4-bee_id_10683-85410-1.png,0,0,False,False,True
train/videos/2017-08-30_15-42-59/2017-08-30_15-42-59.mp4-bee_id_10684-85410-1.png,0,0,False,False,True
train/videos/2017-08-30_15-42-59/2017-08-30_15-42-59.mp4-bee_id_10685-85470-1.png,0,0,False,False,True
train/videos/2017-08-30_15-42-59/2017-08-30_15-42-59.mp4-bee_id_10686-85560-1.png,0,0,False,False,True
train/videos/2017-08-30_15-42-59/2017-08-30_15-42-59.mp4-bee_id_10687-85650-1.png,0,0,False,False,True
train/videos/2017-08-30_15-42-59/2017-08-30_15-42-59.mp4-bee_id_10688-85665-1.png,0,1,False,False,True
train/videos/2017-08-30_15-42-59/2017-08-30_15-42-59.mp4-bee_id_10689-85695-1.png,0,0,False,False,True
train/videos/2017-08-30_15-42-59/2017-08-30_15-42-59.mp4-bee_id_10690-85710-1.png,0,0,False,False,True
train/videos/2017-08-30_15-42-59/2017-08-30_15-42-59.mp4-bee_id_10691-85770-1.png,0,0,False,False,True
train/videos/2017-08-30_15-42-59/2017-08-30_15-42-59.mp4-bee_id_10692-85965-1.png,0,0,False,False,True
train/videos/2017-08-30_15-42-59/2017-08-30_15-42-59.mp4-bee_id_10694-85965-1.png,0,1,False,False,True
train/videos/2017-08-30_15-42-59/2017-08-30_15-42-59.mp4-bee_id_10696-85980-1.png,0,0,False,False,True
train/videos/2017-08-30_15-42-59/2017-08-30_15-42-59.mp4-bee_id_10697-86010-1.png,0,0,False,False,True
train/videos/2017-08-30_15-42-59/2017-08-30_15-42-59.mp4-bee_id_10698-86025-1.png,0,0,False,False,True
train/videos/2017-08-30_15-42-59/2017-08-30_15-42-59.mp4-bee_id_10699-86025-1.png,0,0,False,False,True
train/videos/2017-08-30_15-42-59/2017-08-30_15-42-59.mp4-bee_id_10700-86055-1.png,0,0,False,False,True
train/videos/2017-08-30_15-42-59/2017-08-30_15-42-59.mp4-bee_id_10701-86055-1.png,0,1,False,False,True
train/videos/2017-08-30_15-42-59/2017-08-30_15-42-59.mp4-bee_id_10702-86055-1.png,0,0,False,False,True
train/videos/2017-08-30_15-42-59/2017-08-30_15-42-59.mp4-bee_id_10703-86055-1.png,0,0,False,False,True
train/videos/2017-08-30_15-42-59/2017-08-30_15-42-59.mp4-bee_id_10704-86070-1.png,0,0,False,False,True
train/videos/2017-08-30_15-42-59/2017-08-30_15-42-59.mp4-bee_id_10705-86070-1.png,0,0,False,False,True
train/videos/2017-08-30_15-42-59/2017-08-30_15-42-59.mp4-bee_id_10706-86085-1.png,0,0,False,False,True
train/videos/2017-08-30_15-42-59/2017-08-30_15-42-59.mp4-bee_id_10707-86130-1.png,0,0,False,False,True
train/videos/2017-08-30_15-42-59/2017-08-30_15-42-59.mp4-bee_id_10708-86145-1.png,0,1,False,False,True
train/videos/2017-08-30_15-42-59/2017-08-30_15-42-59.mp4-bee_id_10709-86235-1.png,0,0,False,False,True
train/videos/2017-08-30_15-42-59/2017-08-30_15-42-59.mp4-bee_id_10710-86250-1.png,0,1,False,False,True
train/videos/2017-08-30_15-42-59/2017-08-30_15-42-59.mp4-bee_id_10711-86310-1.png,0,0,False,False,True
train/videos/2017-08-30_15-42-59/2017-08-30_15-42-59.mp4-bee_id_10712-86310-1.png,0,0,False,False,True
train/videos/2017-08-30_15-42-59/2017-08-30_15-42-59.mp4-bee_id_10713-86370-1.png,0,0,False,False,True
train/videos/2017-08-30_15-42-59/2017-08-30_15-42-59.mp4-bee_id_10714-86370-1.png,1,0,True,False,True
train/videos/2017-08-30_15-42-59/2017-08-30_15-42-59.mp4-bee_id_10716-86565-1.png,1,1,True,True,True
train/videos/2017-08-30_15-42-59/2017-08-30_15-42-59.mp4-bee_id_10717-86565-1.png,1,0,True,False,True
train/videos/2017-08-30_15-42-59/2017-08-30_15-42-59.mp4-bee_id_10718-86610-1.png,1,0,True,False,True
train/videos/2017-08-30_15-42-59/2017-08-30_15-42-59.mp4-bee_id_10719-86625-1.png,1,0,True,False,True
train/videos/2017-08-30_15-42-59/2017-08-30_15-42-59.mp4-bee_id_10720-86640-1.png,1,1,True,True,True
train/videos/2017-08-30_15-42-59/2017-08-30_15-42-59.mp4-bee_id_10721-86670-1.png,0,0,False,False,True
train/videos/2017-08-30_15-42-59/2017-08-30_15-42-59.mp4-bee_id_10722-86670-1.png,1,1,True,True,True
train/videos/2017-08-30_15-42-59/2017-08-30_15-42-59.mp4-bee_id_10723-86685-1.png,1,1,True,True,True
train/videos/2017-08-30_15-42-59/2017-08-30_15-42-59.mp4-bee_id_10724-86700-1.png,1,0,True,False,True
train/videos/2017-08-30_15-42-59/2017-08-30_15-42-59.mp4-bee_id_10726-86760-1.png,1,1,True,True,True
train/videos/2017-08-30_15-42-59/2017-08-30_15-42-59.mp4-bee_id_10727-86775-1.png,1,2,True,True,True
train/videos/2017-08-30_15-42-59/2017-08-30_15-42-59.mp4-bee_id_10728-86775-1.png,0,0,False,False,True
train/videos/2017-08-30_15-42-59/2017-08-30_15-42-59.mp4-bee_id_10729-86865-1.png,0,0,False,False,True
train/videos/2017-08-30_15-42-59/2017-08-30_15-42-59.mp4-bee_id_10730-86880-1.png,1,0,True,False,True
train/videos/2017-08-30_15-42-59/2017-08-30_15-42-59.mp4-bee_id_10731-86895-1.png,0,0,False,False,True
train/videos/2017-08-30_15-42-59/2017-08-30_15-42-59.mp4-bee_id_10732-86925-1.png,0,0,False,False,True
train/videos/2017-08-30_15-42-59/2017-08-30_15-42-59.mp4-bee_id_10733-86985-1.png,0,0,False,False,True
train/videos/2017-08-30_15-42-59/2017-08-30_15-42-59.mp4-bee_id_10734-87000-1.png,0,2,False,False,True
train/videos/2017-08-30_15-42-59/2017-08-30_15-42-59.mp4-bee_id_10735-87000-1.png,1,0,True,False,True
train/videos/2017-08-30_15-42-59/2017-08-30_15-42-59.mp4-bee_id_10736-87015-1.png,1,1,True,True,True
train/videos/2017-08-30_15-42-59/2017-08-30_15-42-59.mp4-bee_id_10737-87120-1.png,0,0,False,False,True
train/videos/2017-08-30_15-42-59/2017-08-30_15-42-59.mp4-bee_id_10738-87135-1.png,0,2,False,False,True
train/videos/2017-08-30_15-42-59/2017-08-30_15-42-59.mp4-bee_id_10739-87135-1.png,0,0,False,False,True
train/videos/2017-08-30_15-42-59/2017-08-30_15-42-59.mp4-bee_id_10740-87165-1.png,0,1,False,False,True
train/videos/2017-08-30_15-42-59/2017-08-30_15-42-59.mp4-bee_id_10741-87210-1.png,0,0,False,False,True
train/videos/2017-08-30_15-42-59/2017-08-30_15-42-59.mp4-bee_id_10742-87255-1.png,0,0,False,False,True
train/videos/2017-08-30_15-42-59/2017-08-30_15-42-59.mp4-bee_id_10743-87300-1.png,0,1,False,False,True
train/videos/2017-08-30_15-42-59/2017-08-30_15-42-59.mp4-bee_id_10744-87315-1.png,1,0,True,False,True
train/videos/2017-08-30_15-42-59/2017-08-30_15-42-59.mp4-bee_id_10745-87330-1.png,0,0,False,False,True
train/videos/2017-08-30_15-42-59/2017-08-30_15-42-59.mp4-bee_id_10746-87360-1.png,0,0,False,False,True
train/videos/2017-08-30_15-42-59/2017-08-30_15-42-59.mp4-bee_id_10747-87375-1.png,0,0,False,False,True
train/videos/2017-08-30_15-42-59/2017-08-30_15-42-59.mp4-bee_id_10748-87390-1.png,0,0,False,False,True
train/videos/2017-08-30_15-42-59/2017-08-30_15-42-59.mp4-bee_id_10749-87390-1.png,0,0,False,False,True
train/videos/2017-08-30_15-42-59/2017-08-30_15-42-59.mp4-bee_id_10750-87465-1.png,1,1,True,True,True
train/videos/2017-08-30_15-42-59/2017-08-30_15-42-59.mp4-bee_id_10751-87540-1.png,1,1,True,True,True
train/videos/2017-08-30_15-42-59/2017-08-30_15-42-59.mp4-bee_id_10752-87555-1.png,0,1,False,False,True
train/videos/2017-08-30_15-42-59/2017-08-30_15-42-59.mp4-bee_id_10753-87585-1.png,0,0,False,False,True
train/videos/2017-08-30_15-42-59/2017-08-30_15-42-59.mp4-bee_id_10754-87585-1.png,0,0,False,False,True
train/videos/2017-08-30_15-42-59/2017-08-30_15-42-59.mp4-bee_id_10755-87600-1.png,0,1,False,False,True
train/videos/2017-08-30_15-42-59/2017-08-30_15-42-59.mp4-bee_id_10756-87645-1.png,0,0,False,False,True
train/videos/2017-08-30_15-42-59/2017-08-30_15-42-59.mp4-bee_id_10757-87645-1.png,0,0,False,False,True
train/videos/2017-08-30_15-42-59/2017-08-30_15-42-59.mp4-bee_id_10758-87660-1.png,0,0,False,False,True
train/videos/2017-08-30_15-42-59/2017-08-30_15-42-59.mp4-bee_id_10759-87765-1.png,0,1,False,False,True
train/videos/2017-08-30_15-42-59/2017-08-30_15-42-59.mp4-bee_id_10760-87765-1.png,0,0,False,False,True
train/videos/2017-08-30_15-42-59/2017-08-30_15-42-59.mp4-bee_id_10761-87810-1.png,0,1,False,False,True
train/videos/2017-08-30_15-42-59/2017-08-30_15-42-59.mp4-bee_id_10762-87840-1.png,1,0,True,False,True
train/videos/2017-08-30_15-42-59/2017-08-30_15-42-59.mp4-bee_id_10763-87870-1.png,0,0,False,False,True
train/videos/2017-08-30_15-42-59/2017-08-30_15-42-59.mp4-bee_id_10764-87900-1.png,0,0,False,False,True
train/videos/2017-08-30_15-42-59/2017-08-30_15-42-59.mp4-bee_id_10765-87960-1.png,0,0,False,False,True
train/videos/2017-08-30_15-42-59/2017-08-30_15-42-59.mp4-bee_id_10766-88035-1.png,0,0,False,False,True
train/videos/2017-08-30_15-42-59/2017-08-30_15-42-59.mp4-bee_id_10767-88050-1.png,0,1,False,False,True
train/videos/2017-08-30_15-42-59/2017-08-30_15-42-59.mp4-bee_id_10768-88065-1.png,1,0,True,False,True
train/videos/2017-08-30_15-42-59/2017-08-30_15-42-59.mp4-bee_id_10769-88065-1.png,0,0,False,False,True
train/videos/2017-08-30_15-42-59/2017-08-30_15-42-59.mp4-bee_id_10770-88065-1.png,0,1,False,False,True
train/videos/2017-08-30_15-42-59/2017-08-30_15-42-59.mp4-bee_id_10771-88080-1.png,0,0,False,False,True
train/videos/2017-08-30_15-42-59/2017-08-30_15-42-59.mp4-bee_id_10772-88095-1.png,0,0,False,False,True
train/videos/2017-08-30_15-42-59/2017-08-30_15-42-59.mp4-bee_id_10773-88110-1.png,1,0,True,False,True
train/videos/2017-08-30_15-42-59/2017-08-30_15-42-59.mp4-bee_id_10774-88170-1.png,1,1,True,False,True
train/videos/2017-08-30_15-42-59/2017-08-30_15-42-59.mp4-bee_id_10775-88185-1.png,1,1,True,False,True
train/videos/2017-08-30_15-42-59/2017-08-30_15-42-59.mp4-bee_id_10776-88305-1.png,1,0,True,False,True
train/videos/2017-08-30_15-42-59/2017-08-30_15-42-59.mp4-bee_id_10777-88335-1.png,0,1,False,False,True
train/videos/2017-08-30_15-42-59/2017-08-30_15-42-59.mp4-bee_id_10778-88380-1.png,0,0,False,False,True
train/videos/2017-08-30_15-42-59/2017-08-30_15-42-59.mp4-bee_id_10779-88410-1.png,0,0,False,False,True
train/videos/2017-08-30_15-42-59/2017-08-30_15-42-59.mp4-bee_id_10780-88425-1.png,0,0,False,False,True
train/videos/2017-08-30_15-42-59/2017-08-30_15-42-59.mp4-bee_id_10781-88425-1.png,0,0,False,False,True
train/videos/2017-08-30_15-42-59/2017-08-30_15-42-59.mp4-bee_id_10782-88470-1.png,0,0,False,False,True
train/videos/2017-08-30_15-42-59/2017-08-30_15-42-59.mp4-bee_id_10783-88485-1.png,0,0,False,False,True
train/videos/2017-08-30_15-42-59/2017-08-30_15-42-59.mp4-bee_id_10784-88500-1.png,0,1,False,False,True
train/videos/2017-08-30_15-42-59/2017-08-30_15-42-59.mp4-bee_id_10785-88500-1.png,0,0,False,False,True
train/videos/2017-08-30_15-42-59/2017-08-30_15-42-59.mp4-bee_id_10786-88620-1.png,0,0,False,False,True
train/videos/2017-08-30_15-42-59/2017-08-30_15-42-59.mp4-bee_id_10787-88665-1.png,0,0,False,False,True
train/videos/2017-08-30_15-42-59/2017-08-30_15-42-59.mp4-bee_id_10788-88680-1.png,0,0,False,False,True
train/videos/2017-08-30_15-42-59/2017-08-30_15-42-59.mp4-bee_id_10789-88680-1.png,0,0,False,False,True
train/videos/2017-08-30_15-42-59/2017-08-30_15-42-59.mp4-bee_id_10790-88695-1.png,0,0,False,False,True
train/videos/2017-08-30_15-42-59/2017-08-30_15-42-59.mp4-bee_id_10791-88695-1.png,0,2,False,False,True
train/videos/2017-08-30_15-42-59/2017-08-30_15-42-59.mp4-bee_id_10792-88710-1.png,0,0,False,False,True
train/videos/2017-08-30_15-42-59/2017-08-30_15-42-59.mp4-bee_id_10793-88740-1.png,0,2,False,False,True
train/videos/2017-08-30_15-42-59/2017-08-30_15-42-59.mp4-bee_id_10794-88800-1.png,0,0,False,False,True
train/videos/2017-08-30_15-42-59/2017-08-30_15-42-59.mp4-bee_id_10795-88800-1.png,0,0,False,False,True
train/videos/2017-08-30_15-42-59/2017-08-30_15-42-59.mp4-bee_id_10796-88830-1.png,0,1,False,False,True
train/videos/2017-08-30_15-42-59/2017-08-30_15-42-59.mp4-bee_id_10797-88905-1.png,0,0,False,False,True
train/videos/2017-08-30_15-42-59/2017-08-30_15-42-59.mp4-bee_id_10798-88935-1.png,0,0,False,False,True
train/videos/2017-08-30_15-42-59/2017-08-30_15-42-59.mp4-bee_id_10799-89055-1.png,0,1,False,False,True
train/videos/2017-08-30_15-42-59/2017-08-30_15-42-59.mp4-bee_id_10800-89295-1.png,0,0,False,False,True
train/videos/2017-08-30_15-42-59/2017-08-30_15-42-59.mp4-bee_id_10801-89400-1.png,0,0,False,False,True
train/videos/2017-08-30_15-42-59/2017-08-30_15-42-59.mp4-bee_id_10802-89475-1.png,0,0,False,False,True
train/videos/2017-08-30_15-42-59/2017-08-30_15-42-59.mp4-bee_id_10804-89970-1.png,1,1,True,True,True
train/videos/2017-08-30_15-42-59/2017-08-30_15-42-59.mp4-bee_id_10805-89985-1.png,1,1,True,True,True
train/videos/2017-08-30_15-42-59/2017-08-30_15-42-59.mp4-bee_id_10806-90870-1.png,0,0,False,False,True
train/videos/2017-08-30_15-42-59/2017-08-30_15-42-59.mp4-bee_id_10807-90930-1.png,0,0,False,False,True
train/videos/2017-08-30_15-42-59/2017-08-30_15-42-59.mp4-bee_id_10808-90975-1.png,1,1,True,True,True
train/videos/2017-08-30_15-42-59/2017-08-30_15-42-59.mp4-bee_id_10809-91230-1.png,0,2,False,False,True
train/videos/2017-08-30_15-42-59/2017-08-30_15-42-59.mp4-bee_id_10810-91425-1.png,0,0,False,False,True
train/videos/2017-08-30_15-42-59/2017-08-30_15-42-59.mp4-bee_id_10811-91485-1.png,0,0,False,False,True
train/videos/2017-08-30_15-42-59/2017-08-30_15-42-59.mp4-bee_id_10812-91680-1.png,1,1,True,True,True
train/videos/2017-08-30_15-42-59/2017-08-30_15-42-59.mp4-bee_id_10813-91710-1.png,0,0,False,False,True
train/videos/2017-08-30_15-42-59/2017-08-30_15-42-59.mp4-bee_id_10814-91725-1.png,0,0,False,False,True
train/videos/2017-08-30_15-42-59/2017-08-30_15-42-59.mp4-bee_id_10815-91770-1.png,0,1,False,False,True
train/videos/2017-08-30_15-42-59/2017-08-30_15-42-59.mp4-bee_id_10816-92115-1.png,0,0,False,False,True
train/videos/2017-08-30_15-42-59/2017-08-30_15-42-59.mp4-bee_id_10817-92265-1.png,0,1,False,False,True
train/videos/2017-08-30_15-42-59/2017-08-30_15-42-59.mp4-bee_id_10818-92295-1.png,0,1,False,False,True
train/videos/2017-08-30_15-42-59/2017-08-30_15-42-59.mp4-bee_id_10819-92310-1.png,0,0,False,False,True
train/videos/2017-08-30_15-42-59/2017-08-30_15-42-59.mp4-bee_id_10821-92385-1.png,0,2,False,False,True
train/videos/2017-08-30_15-42-59/2017-08-30_15-42-59.mp4-bee_id_10822-92400-1.png,0,0,False,False,True
train/videos/2017-08-30_15-42-59/2017-08-30_15-42-59.mp4-bee_id_10823-92415-1.png,0,0,False,False,True
train/videos/2017-08-30_15-42-59/2017-08-30_15-42-59.mp4-bee_id_10824-92625-1.png,0,1,False,False,True
train/videos/2017-08-30_15-42-59/2017-08-30_15-42-59.mp4-bee_id_10825-92775-1.png,0,0,False,False,True
train/videos/2017-08-30_15-42-59/2017-08-30_15-42-59.mp4-bee_id_10826-92820-1.png,0,0,False,False,True
train/videos/2017-08-30_15-42-59/2017-08-30_15-42-59.mp4-bee_id_10827-92835-1.png,0,0,False,False,True
train/videos/2017-08-30_15-42-59/2017-08-30_15-42-59.mp4-bee_id_10828-92850-1.png,0,0,False,False,True
train/videos/2017-08-30_15-42-59/2017-08-30_15-42-59.mp4-bee_id_10829-92850-1.png,0,1,False,False,True
train/videos/2017-08-30_15-42-59/2017-08-30_15-42-59.mp4-bee_id_10830-92865-1.png,0,1,False,False,True
train/videos/2017-08-30_15-42-59/2017-08-30_15-42-59.mp4-bee_id_10831-93015-1.png,0,1,False,False,True
train/videos/2017-08-30_15-42-59/2017-08-30_15-42-59.mp4-bee_id_10832-93015-1.png,0,1,False,False,True
train/videos/2017-08-30_15-42-59/2017-08-30_15-42-59.mp4-bee_id_10833-93030-1.png,0,1,False,False,True
train/videos/2017-08-30_15-42-59/2017-08-30_15-42-59.mp4-bee_id_10834-93105-1.png,0,0,False,False,True
train/videos/2017-08-30_15-42-59/2017-08-30_15-42-59.mp4-bee_id_10835-93195-1.png,0,0,False,False,True
train/videos/2017-08-30_15-42-59/2017-08-30_15-42-59.mp4-bee_id_10836-93225-1.png,0,0,False,False,True
train/videos/2017-08-30_15-42-59/2017-08-30_15-42-59.mp4-bee_id_10837-93240-1.png,0,0,False,False,True
train/videos/2017-08-30_15-42-59/2017-08-30_15-42-59.mp4-bee_id_10838-93315-1.png,0,1,False,False,True
train/videos/2017-08-30_15-42-59/2017-08-30_15-42-59.mp4-bee_id_10839-93390-1.png,0,0,False,False,True
train/videos/2017-08-30_15-42-59/2017-08-30_15-42-59.mp4-bee_id_10841-93420-1.png,0,0,False,False,True
train/videos/2017-08-30_15-42-59/2017-08-30_15-42-59.mp4-bee_id_10842-93465-1.png,0,0,False,False,True
train/videos/2017-08-30_15-42-59/2017-08-30_15-42-59.mp4-bee_id_10843-93480-1.png,0,0,False,False,True
train/videos/2017-08-30_15-42-59/2017-08-30_15-42-59.mp4-bee_id_10844-93480-1.png,0,1,False,False,True
train/videos/2017-08-30_15-42-59/2017-08-30_15-42-59.mp4-bee_id_10845-93510-1.png,0,0,False,False,True
train/videos/2017-08-30_15-42-59/2017-08-30_15-42-59.mp4-bee_id_10846-93510-1.png,0,0,False,False,True
train/videos/2017-08-30_15-42-59/2017-08-30_15-42-59.mp4-bee_id_10847-93525-1.png,0,0,False,False,True
train/videos/2017-08-30_15-42-59/2017-08-30_15-42-59.mp4-bee_id_10848-93750-1.png,0,0,False,False,True
train/videos/2017-08-30_15-42-59/2017-08-30_15-42-59.mp4-bee_id_10850-93795-1.png,0,0,False,False,True
train/videos/2017-08-30_15-42-59/2017-08-30_15-42-59.mp4-bee_id_10851-93945-1.png,0,0,False,False,True
train/videos/2017-08-30_15-42-59/2017-08-30_15-42-59.mp4-bee_id_10852-94035-1.png,1,0,True,False,True
train/videos/2017-08-30_15-42-59/2017-08-30_15-42-59.mp4-bee_id_10853-94110-1.png,0,0,False,False,True
train/videos/2017-08-30_15-42-59/2017-08-30_15-42-59.mp4-bee_id_10854-94125-1.png,0,0,False,False,True
train/videos/2017-08-30_15-42-59/2017-08-30_15-42-59.mp4-bee_id_10855-94185-1.png,0,0,False,False,True
train/videos/2017-08-30_15-42-59/2017-08-30_15-42-59.mp4-bee_id_10856-94200-1.png,0,0,False,False,True
train/videos/2017-08-30_15-42-59/2017-08-30_15-42-59.mp4-bee_id_10857-94200-1.png,0,0,False,False,True
train/videos/2017-08-30_15-42-59/2017-08-30_15-42-59.mp4-bee_id_10858-94215-1.png,0,0,False,False,True
train/videos/2017-08-30_15-42-59/2017-08-30_15-42-59.mp4-bee_id_10859-94260-1.png,0,0,False,False,True
train/videos/2017-08-30_15-42-59/2017-08-30_15-42-59.mp4-bee_id_10860-94350-1.png,0,1,False,False,True
train/videos/2017-08-30_15-42-59/2017-08-30_15-42-59.mp4-bee_id_10861-94410-1.png,0,0,False,False,True
train/videos/2017-08-30_15-42-59/2017-08-30_15-42-59.mp4-bee_id_10862-94500-1.png,0,0,False,False,True
train/videos/2017-08-30_15-42-59/2017-08-30_15-42-59.mp4-bee_id_10863-94530-1.png,0,0,False,False,True
train/videos/2017-08-30_15-42-59/2017-08-30_15-42-59.mp4-bee_id_10864-94560-1.png,0,0,False,False,True
train/videos/2017-08-30_15-42-59/2017-08-30_15-42-59.mp4-bee_id_10865-94590-1.png,0,1,False,False,True
train/videos/2017-08-30_15-42-59/2017-08-30_15-42-59.mp4-bee_id_10866-94680-1.png,0,0,False,False,True
train/videos/2017-08-30_15-42-59/2017-08-30_15-42-59.mp4-bee_id_10867-94755-1.png,0,0,False,False,True
train/videos/2017-08-30_15-42-59/2017-08-30_15-42-59.mp4-bee_id_10868-94755-1.png,0,0,False,False,True
train/videos/2017-08-30_15-42-59/2017-08-30_15-42-59.mp4-bee_id_10869-94830-1.png,0,1,False,False,True
train/videos/2017-08-30_15-42-59/2017-08-30_15-42-59.mp4-bee_id_10870-95070-1.png,1,0,True,False,True
train/videos/2017-08-30_15-42-59/2017-08-30_15-42-59.mp4-bee_id_10871-95160-1.png,0,1,False,False,True
train/videos/2017-08-30_15-42-59/2017-08-30_15-42-59.mp4-bee_id_10872-95175-1.png,0,0,False,False,True
train/videos/2017-08-30_15-42-59/2017-08-30_15-42-59.mp4-bee_id_10873-95325-1.png,0,0,False,False,True
train/videos/2017-08-30_15-42-59/2017-08-30_15-42-59.mp4-bee_id_10874-95790-1.png,0,1,False,False,True
train/videos/2017-08-30_15-42-59/2017-08-30_15-42-59.mp4-bee_id_10875-95790-1.png,0,1,False,False,True
train/videos/2017-08-30_15-42-59/2017-08-30_15-42-59.mp4-bee_id_10876-95805-1.png,0,0,False,False,True
train/videos/2017-08-30_15-42-59/2017-08-30_15-42-59.mp4-bee_id_10877-95865-1.png,0,1,False,False,True
train/videos/2017-08-30_15-42-59/2017-08-30_15-42-59.mp4-bee_id_10878-95895-1.png,0,0,False,False,True
train/videos/2017-08-30_15-42-59/2017-08-30_15-42-59.mp4-bee_id_10879-95970-1.png,0,2,False,False,True
train/videos/2017-08-30_15-42-59/2017-08-30_15-42-59.mp4-bee_id_10880-96000-1.png,0,1,False,False,True
train/videos/2017-08-30_15-42-59/2017-08-30_15-42-59.mp4-bee_id_10881-96015-1.png,1,2,True,True,True
train/videos/2017-08-30_15-42-59/2017-08-30_15-42-59.mp4-bee_id_10882-96060-1.png,0,0,False,False,True
train/videos/2017-08-30_15-42-59/2017-08-30_15-42-59.mp4-bee_id_10883-96165-1.png,0,2,False,False,True
train/videos/2017-08-30_15-42-59/2017-08-30_15-42-59.mp4-bee_id_10884-96165-1.png,0,0,False,False,True
train/videos/2017-08-30_15-42-59/2017-08-30_15-42-59.mp4-bee_id_10885-96180-1.png,0,0,False,False,True
train/videos/2017-08-30_15-42-59/2017-08-30_15-42-59.mp4-bee_id_10886-96195-1.png,0,1,False,False,True
train/videos/2017-08-30_15-42-59/2017-08-30_15-42-59.mp4-bee_id_10887-96195-1.png,0,0,False,False,True
train/videos/2017-08-30_15-42-59/2017-08-30_15-42-59.mp4-bee_id_10888-96210-1.png,0,1,False,False,True
train/videos/2017-08-30_15-42-59/2017-08-30_15-42-59.mp4-bee_id_10889-96210-1.png,0,1,False,False,True
train/videos/2017-08-30_15-42-59/2017-08-30_15-42-59.mp4-bee_id_10890-96285-1.png,0,0,False,False,True
train/videos/2017-08-30_15-42-59/2017-08-30_15-42-59.mp4-bee_id_10891-96285-1.png,1,1,True,True,True
train/videos/2017-08-30_15-42-59/2017-08-30_15-42-59.mp4-bee_id_10892-96525-1.png,0,0,False,False,True
train/videos/2017-08-30_15-42-59/2017-08-30_15-42-59.mp4-bee_id_10893-96540-1.png,0,0,False,False,True
train/videos/2017-08-30_15-42-59/2017-08-30_15-42-59.mp4-bee_id_10894-96645-1.png,0,1,False,False,True
train/videos/2017-08-30_15-42-59/2017-08-30_15-42-59.mp4-bee_id_10895-96675-1.png,0,0,False,False,True
train/videos/2017-08-30_15-42-59/2017-08-30_15-42-59.mp4-bee_id_10897-96870-1.png,0,0,False,False,True
train/videos/2017-08-30_15-42-59/2017-08-30_15-42-59.mp4-bee_id_10898-96915-1.png,0,0,False,False,True
train/videos/2017-08-30_15-42-59/2017-08-30_15-42-59.mp4-bee_id_10899-96930-1.png,0,0,False,False,True
train/videos/2017-08-30_15-42-59/2017-08-30_15-42-59.mp4-bee_id_10900-97020-1.png,0,1,False,False,True
train/videos/2017-08-30_15-42-59/2017-08-30_15-42-59.mp4-bee_id_10901-97035-1.png,0,0,False,False,True
train/videos/2017-08-30_15-42-59/2017-08-30_15-42-59.mp4-bee_id_10902-97110-1.png,0,0,False,False,True
train/videos/2017-08-30_15-42-59/2017-08-30_15-42-59.mp4-bee_id_10903-97125-1.png,0,0,False,False,True
train/videos/2017-08-30_15-42-59/2017-08-30_15-42-59.mp4-bee_id_10904-97170-1.png,0,0,False,False,True
train/videos/2017-08-30_15-42-59/2017-08-30_15-42-59.mp4-bee_id_10905-97170-1.png,0,0,False,False,True
train/videos/2017-08-30_15-42-59/2017-08-30_15-42-59.mp4-bee_id_10906-97305-1.png,0,0,False,False,True
train/videos/2017-08-30_15-42-59/2017-08-30_15-42-59.mp4-bee_id_10907-97395-1.png,0,1,False,False,True
train/videos/2017-08-30_15-42-59/2017-08-30_15-42-59.mp4-bee_id_10908-97560-1.png,0,0,False,False,True
train/videos/2017-08-30_15-42-59/2017-08-30_15-42-59.mp4-bee_id_10909-97560-1.png,0,0,False,False,True
train/videos/2017-08-30_15-42-59/2017-08-30_15-42-59.mp4-bee_id_10910-97575-1.png,0,1,False,False,True
train/videos/2017-08-30_15-42-59/2017-08-30_15-42-59.mp4-bee_id_10911-97590-1.png,0,0,False,False,True
train/videos/2017-08-30_15-42-59/2017-08-30_15-42-59.mp4-bee_id_10912-97590-1.png,0,0,False,False,True
train/videos/2017-08-30_15-42-59/2017-08-30_15-42-59.mp4-bee_id_10914-97740-1.png,0,1,False,False,True
train/videos/2017-08-30_15-42-59/2017-08-30_15-42-59.mp4-bee_id_10915-97815-1.png,0,2,False,False,True
train/videos/2017-08-30_15-42-59/2017-08-30_15-42-59.mp4-bee_id_10916-97890-1.png,0,1,False,False,True
train/videos/2017-08-30_15-42-59/2017-08-30_15-42-59.mp4-bee_id_10917-97890-1.png,0,2,False,False,True
train/videos/2017-08-30_15-42-59/2017-08-30_15-42-59.mp4-bee_id_10918-97905-1.png,1,0,True,False,True
train/videos/2017-08-30_15-42-59/2017-08-30_15-42-59.mp4-bee_id_10919-97920-1.png,0,0,False,False,True
train/videos/2017-08-30_15-42-59/2017-08-30_15-42-59.mp4-bee_id_10920-97935-1.png,1,0,True,False,True
train/videos/2017-08-30_15-42-59/2017-08-30_15-42-59.mp4-bee_id_10921-97950-1.png,0,0,False,False,True
train/videos/2017-08-30_15-42-59/2017-08-30_15-42-59.mp4-bee_id_10922-97950-1.png,0,0,False,False,True
train/videos/2017-08-30_15-42-59/2017-08-30_15-42-59.mp4-bee_id_10923-97980-1.png,1,0,True,False,True
train/videos/2017-08-30_15-42-59/2017-08-30_15-42-59.mp4-bee_id_10924-98100-1.png,0,0,False,False,True
train/videos/2017-08-30_15-42-59/2017-08-30_15-42-59.mp4-bee_id_10925-98130-1.png,0,1,False,False,True
train/videos/2017-08-30_15-42-59/2017-08-30_15-42-59.mp4-bee_id_10926-98130-1.png,0,2,False,False,True
train/videos/2017-08-30_15-42-59/2017-08-30_15-42-59.mp4-bee_id_10927-98175-1.png,1,1,True,False,True
train/videos/2017-08-30_15-42-59/2017-08-30_15-42-59.mp4-bee_id_10928-98265-1.png,0,0,False,False,True
train/videos/2017-08-30_15-42-59/2017-08-30_15-42-59.mp4-bee_id_10929-98280-1.png,0,0,False,False,True
train/videos/2017-08-30_15-42-59/2017-08-30_15-42-59.mp4-bee_id_10930-98400-1.png,0,0,False,False,True
train/videos/2017-08-30_15-42-59/2017-08-30_15-42-59.mp4-bee_id_10931-98505-1.png,0,0,False,False,True
train/videos/2017-08-30_15-42-59/2017-08-30_15-42-59.mp4-bee_id_10932-98550-1.png,0,0,False,False,True
train/videos/2017-08-30_15-42-59/2017-08-30_15-42-59.mp4-bee_id_10933-98640-1.png,0,0,False,False,True
train/videos/2017-08-30_15-42-59/2017-08-30_15-42-59.mp4-bee_id_10934-98655-1.png,0,0,False,False,True
train/videos/2017-08-30_15-42-59/2017-08-30_15-42-59.mp4-bee_id_10936-98745-1.png,0,0,False,False,True
train/videos/2017-08-30_15-42-59/2017-08-30_15-42-59.mp4-bee_id_10937-98850-1.png,0,2,False,False,True
train/videos/2017-08-30_15-42-59/2017-08-30_15-42-59.mp4-bee_id_10939-99045-1.png,0,0,False,False,True
train/videos/2017-08-30_15-42-59/2017-08-30_15-42-59.mp4-bee_id_10940-99240-1.png,0,0,False,False,True
train/videos/2017-08-30_15-42-59/2017-08-30_15-42-59.mp4-bee_id_10941-99285-1.png,0,1,False,False,True
train/videos/2017-08-30_15-42-59/2017-08-30_15-42-59.mp4-bee_id_10942-99285-1.png,0,2,False,False,True
train/videos/2017-08-30_15-42-59/2017-08-30_15-42-59.mp4-bee_id_10943-99465-1.png,0,0,False,False,True
train/videos/2017-08-30_15-42-59/2017-08-30_15-42-59.mp4-bee_id_10944-99555-1.png,0,0,False,False,True
train/videos/2017-08-30_15-42-59/2017-08-30_15-42-59.mp4-bee_id_10945-99615-1.png,0,0,False,False,True
train/videos/2017-08-30_15-42-59/2017-08-30_15-42-59.mp4-bee_id_10946-99630-1.png,0,0,False,False,True
train/videos/2017-08-30_15-42-59/2017-08-30_15-42-59.mp4-bee_id_10947-99645-1.png,0,0,False,False,True
train/videos/2017-08-30_15-42-59/2017-08-30_15-42-59.mp4-bee_id_10948-99645-1.png,0,0,False,False,True
train/videos/2017-08-30_15-42-59/2017-08-30_15-42-59.mp4-bee_id_10949-99660-1.png,0,0,False,False,True
train/videos/2017-08-30_15-42-59/2017-08-30_15-42-59.mp4-bee_id_10950-99660-1.png,0,0,False,False,True
train/videos/2017-08-30_15-42-59/2017-08-30_15-42-59.mp4-bee_id_10951-99660-1.png,0,1,False,False,True
train/videos/2017-08-30_15-42-59/2017-08-30_15-42-59.mp4-bee_id_10952-99840-1.png,0,0,False,False,True
train/videos/2017-08-30_15-42-59/2017-08-30_15-42-59.mp4-bee_id_10953-100005-1.png,0,0,False,False,True
train/videos/2017-08-30_15-42-59/2017-08-30_15-42-59.mp4-bee_id_10954-100020-1.png,0,0,False,False,True
train/videos/2017-08-30_15-42-59/2017-08-30_15-42-59.mp4-bee_id_10955-100035-1.png,0,0,False,False,True
train/videos/2017-08-30_15-42-59/2017-08-30_15-42-59.mp4-bee_id_10956-100080-1.png,0,0,False,False,True
train/videos/2017-08-30_15-42-59/2017-08-30_15-42-59.mp4-bee_id_10957-100155-1.png,0,0,False,False,True
train/videos/2017-08-30_15-42-59/2017-08-30_15-42-59.mp4-bee_id_10958-100200-1.png,0,1,False,False,True
train/videos/2017-08-30_15-42-59/2017-08-30_15-42-59.mp4-bee_id_10959-100395-1.png,0,0,False,False,True
train/videos/2017-08-30_15-42-59/2017-08-30_15-42-59.mp4-bee_id_10960-100440-1.png,0,1,False,False,True
train/videos/2017-08-30_15-42-59/2017-08-30_15-42-59.mp4-bee_id_10961-100455-1.png,0,0,False,False,True
train/videos/2017-08-30_15-42-59/2017-08-30_15-42-59.mp4-bee_id_10962-100545-1.png,1,0,True,False,True
train/videos/2017-08-30_15-42-59/2017-08-30_15-42-59.mp4-bee_id_10963-100605-1.png,1,0,True,False,True
train/videos/2017-08-30_15-42-59/2017-08-30_15-42-59.mp4-bee_id_10964-100620-1.png,1,1,True,False,True
train/videos/2017-08-30_15-42-59/2017-08-30_15-42-59.mp4-bee_id_10965-100635-1.png,1,0,True,False,True
train/videos/2017-08-30_15-42-59/2017-08-30_15-42-59.mp4-bee_id_10966-100800-1.png,0,0,False,False,True
train/videos/2017-08-30_15-42-59/2017-08-30_15-42-59.mp4-bee_id_10968-100830-1.png,0,0,False,False,True
train/videos/2017-08-30_15-42-59/2017-08-30_15-42-59.mp4-bee_id_10969-100860-1.png,0,0,False,False,True
train/videos/2017-08-30_15-42-59/2017-08-30_15-42-59.mp4-bee_id_10970-100875-1.png,0,0,False,False,True
train/videos/2017-08-30_15-42-59/2017-08-30_15-42-59.mp4-bee_id_10971-100950-1.png,0,0,False,False,True
train/videos/2017-08-30_15-42-59/2017-08-30_15-42-59.mp4-bee_id_10972-101010-1.png,0,0,False,False,True
train/videos/2017-08-30_15-42-59/2017-08-30_15-42-59.mp4-bee_id_10973-101025-1.png,0,1,False,False,True
train/videos/2017-08-30_15-42-59/2017-08-30_15-42-59.mp4-bee_id_10974-101070-1.png,0,1,False,False,True
train/videos/2017-08-30_15-42-59/2017-08-30_15-42-59.mp4-bee_id_10975-101145-1.png,0,0,False,False,True
train/videos/2017-08-30_15-42-59/2017-08-30_15-42-59.mp4-bee_id_10976-101175-1.png,0,0,False,False,True
train/videos/2017-08-30_15-42-59/2017-08-30_15-42-59.mp4-bee_id_10977-101220-1.png,0,1,False,False,True
train/videos/2017-08-30_15-42-59/2017-08-30_15-42-59.mp4-bee_id_10980-101340-1.png,0,0,False,False,True
train/videos/2017-08-30_15-42-59/2017-08-30_15-42-59.mp4-bee_id_10981-101430-1.png,0,0,False,False,True
train/videos/2017-08-30_15-42-59/2017-08-30_15-42-59.mp4-bee_id_10982-101445-1.png,0,0,False,False,True
train/videos/2017-08-30_15-42-59/2017-08-30_15-42-59.mp4-bee_id_10983-101445-1.png,1,1,True,False,True
train/videos/2017-08-30_15-42-59/2017-08-30_15-42-59.mp4-bee_id_10984-101460-1.png,1,0,True,False,True
train/videos/2017-08-30_15-42-59/2017-08-30_15-42-59.mp4-bee_id_10985-101475-1.png,1,0,True,False,True
train/videos/2017-08-30_15-42-59/2017-08-30_15-42-59.mp4-bee_id_10987-101490-1.png,0,0,False,False,True
train/videos/2017-08-30_15-42-59/2017-08-30_15-42-59.mp4-bee_id_10988-101505-1.png,0,0,False,False,True
train/videos/2017-08-30_15-42-59/2017-08-30_15-42-59.mp4-bee_id_10989-101520-1.png,0,0,False,False,True
train/videos/2017-08-30_15-42-59/2017-08-30_15-42-59.mp4-bee_id_10990-101565-1.png,0,2,False,False,True
train/videos/2017-08-30_15-42-59/2017-08-30_15-42-59.mp4-bee_id_10991-101580-1.png,0,0,False,False,True
train/videos/2017-08-30_15-42-59/2017-08-30_15-42-59.mp4-bee_id_10992-101595-1.png,0,1,False,False,True
train/videos/2017-08-30_15-42-59/2017-08-30_15-42-59.mp4-bee_id_10993-101640-1.png,1,3,True,False,True
train/videos/2017-08-30_15-42-59/2017-08-30_15-42-59.mp4-bee_id_10994-101685-1.png,1,0,True,False,True
train/videos/2017-08-30_15-42-59/2017-08-30_15-42-59.mp4-bee_id_10995-101775-1.png,0,0,False,False,True
train/videos/2017-08-30_15-42-59/2017-08-30_15-42-59.mp4-bee_id_10996-101835-1.png,1,2,True,True,True
train/videos/2017-08-30_15-42-59/2017-08-30_15-42-59.mp4-bee_id_10997-101970-1.png,0,0,False,False,True
train/videos/2017-08-30_15-42-59/2017-08-30_15-42-59.mp4-bee_id_10998-101985-1.png,0,1,False,False,True
train/videos/2017-08-30_15-42-59/2017-08-30_15-42-59.mp4-bee_id_10999-102000-1.png,0,0,False,False,True
train/videos/2017-08-30_15-42-59/2017-08-30_15-42-59.mp4-bee_id_11001-102030-1.png,0,0,False,False,True
train/videos/2017-08-30_15-42-59/2017-08-30_15-42-59.mp4-bee_id_11002-102045-1.png,0,1,False,False,True
train/videos/2017-08-30_15-42-59/2017-08-30_15-42-59.mp4-bee_id_11003-102060-1.png,0,0,False,False,True
train/videos/2017-08-30_15-42-59/2017-08-30_15-42-59.mp4-bee_id_11005-102105-1.png,0,0,False,False,True
train/videos/2017-08-30_15-42-59/2017-08-30_15-42-59.mp4-bee_id_11006-102135-1.png,0,0,False,False,True
train/videos/2017-08-30_15-42-59/2017-08-30_15-42-59.mp4-bee_id_11007-102195-1.png,1,0,True,False,True
train/videos/2017-08-30_15-42-59/2017-08-30_15-42-59.mp4-bee_id_11010-102240-1.png,0,0,False,False,True
train/videos/2017-08-30_15-42-59/2017-08-30_15-42-59.mp4-bee_id_11011-102345-1.png,0,0,False,False,True
train/videos/2017-08-30_15-42-59/2017-08-30_15-42-59.mp4-bee_id_11012-102345-1.png,0,0,False,False,True
train/videos/2017-08-30_15-42-59/2017-08-30_15-42-59.mp4-bee_id_11013-102360-1.png,0,0,False,False,True
train/videos/2017-08-30_15-42-59/2017-08-30_15-42-59.mp4-bee_id_11014-102375-1.png,0,1,False,False,True
train/videos/2017-08-30_15-42-59/2017-08-30_15-42-59.mp4-bee_id_11015-102405-1.png,0,0,False,False,True
train/videos/2017-08-30_15-42-59/2017-08-30_15-42-59.mp4-bee_id_11016-102420-1.png,1,1,True,False,True
train/videos/2017-08-30_15-42-59/2017-08-30_15-42-59.mp4-bee_id_11017-102420-1.png,0,1,False,False,True
train/videos/2017-08-30_15-42-59/2017-08-30_15-42-59.mp4-bee_id_11018-102420-1.png,1,1,True,False,True
train/videos/2017-08-30_15-42-59/2017-08-30_15-42-59.mp4-bee_id_11019-102435-1.png,0,0,False,False,True
train/videos/2017-08-30_15-42-59/2017-08-30_15-42-59.mp4-bee_id_11020-102450-1.png,1,1,True,False,True
train/videos/2017-08-30_15-42-59/2017-08-30_15-42-59.mp4-bee_id_11021-102465-1.png,0,0,False,False,True
train/videos/2017-08-30_15-42-59/2017-08-30_15-42-59.mp4-bee_id_11022-102495-1.png,0,0,False,False,True
train/videos/2017-08-30_15-42-59/2017-08-30_15-42-59.mp4-bee_id_11023-102540-1.png,0,0,False,False,True
train/videos/2017-08-30_15-42-59/2017-08-30_15-42-59.mp4-bee_id_11024-102660-1.png,0,1,False,False,True
train/videos/2017-08-30_15-42-59/2017-08-30_15-42-59.mp4-bee_id_11025-102675-1.png,0,0,False,False,True
train/videos/2017-08-30_15-42-59/2017-08-30_15-42-59.mp4-bee_id_11026-102675-1.png,0,1,False,False,True
train/videos/2017-08-30_15-42-59/2017-08-30_15-42-59.mp4-bee_id_11027-102675-1.png,0,1,False,False,True
train/videos/2017-08-30_15-42-59/2017-08-30_15-42-59.mp4-bee_id_11028-102825-1.png,0,1,False,False,True
train/videos/2017-08-30_15-42-59/2017-08-30_15-42-59.mp4-bee_id_11029-102840-1.png,0,0,False,False,True
train/videos/2017-08-30_15-42-59/2017-08-30_15-42-59.mp4-bee_id_11030-102870-1.png,0,1,False,False,True
train/videos/2017-08-30_15-42-59/2017-08-30_15-42-59.mp4-bee_id_11031-102870-1.png,0,0,False,False,True
train/videos/2017-08-30_15-42-59/2017-08-30_15-42-59.mp4-bee_id_11032-102885-1.png,0,0,False,False,True
train/videos/2017-08-30_15-42-59/2017-08-30_15-42-59.mp4-bee_id_11033-102945-1.png,0,1,False,False,True
train/videos/2017-08-30_15-42-59/2017-08-30_15-42-59.mp4-bee_id_11034-102960-1.png,1,0,True,False,True
train/videos/2017-08-30_15-42-59/2017-08-30_15-42-59.mp4-bee_id_11035-103005-1.png,0,0,False,False,True
train/videos/2017-08-30_15-42-59/2017-08-30_15-42-59.mp4-bee_id_11036-103020-1.png,0,1,False,False,True
train/videos/2017-08-30_15-42-59/2017-08-30_15-42-59.mp4-bee_id_11037-103080-1.png,0,0,False,False,True
train/videos/2017-08-30_15-42-59/2017-08-30_15-42-59.mp4-bee_id_11038-103110-1.png,0,0,False,False,True
train/videos/2017-08-30_15-42-59/2017-08-30_15-42-59.mp4-bee_id_11039-103125-1.png,0,0,False,False,True
train/videos/2017-08-30_15-42-59/2017-08-30_15-42-59.mp4-bee_id_11040-103125-1.png,0,0,False,False,True
train/videos/2017-08-30_15-42-59/2017-08-30_15-42-59.mp4-bee_id_11041-103455-1.png,0,1,False,False,True
train/videos/2017-08-30_15-42-59/2017-08-30_15-42-59.mp4-bee_id_11042-103515-1.png,0,0,False,False,True
train/videos/2017-08-30_15-42-59/2017-08-30_15-42-59.mp4-bee_id_11043-103530-1.png,0,1,False,False,True
train/videos/2017-08-30_15-42-59/2017-08-30_15-42-59.mp4-bee_id_11044-103575-1.png,0,2,False,False,True
train/videos/2017-08-30_15-42-59/2017-08-30_15-42-59.mp4-bee_id_11045-103695-1.png,0,0,False,False,True
train/videos/2017-08-30_15-42-59/2017-08-30_15-42-59.mp4-bee_id_11046-103710-1.png,0,1,False,False,True
train/videos/2017-08-30_15-42-59/2017-08-30_15-42-59.mp4-bee_id_11047-103725-1.png,0,0,False,False,True
train/videos/2017-08-30_15-42-59/2017-08-30_15-42-59.mp4-bee_id_11048-103740-1.png,0,1,False,False,True
train/videos/2017-08-30_15-42-59/2017-08-30_15-42-59.mp4-bee_id_11049-103965-1.png,0,1,False,False,True
train/videos/2017-08-30_15-42-59/2017-08-30_15-42-59.mp4-bee_id_11050-103965-1.png,0,0,False,False,True
train/videos/2017-08-30_15-42-59/2017-08-30_15-42-59.mp4-bee_id_11052-104010-1.png,0,0,False,False,True
train/videos/2017-08-30_15-42-59/2017-08-30_15-42-59.mp4-bee_id_11053-104025-1.png,0,0,False,False,True
train/videos/2017-08-30_15-42-59/2017-08-30_15-42-59.mp4-bee_id_11055-104085-1.png,0,0,False,False,True
train/videos/2017-08-30_15-42-59/2017-08-30_15-42-59.mp4-bee_id_11056-104100-1.png,0,0,False,False,True
train/videos/2017-08-30_15-42-59/2017-08-30_15-42-59.mp4-bee_id_11057-104190-1.png,0,0,False,False,True
train/videos/2017-08-30_15-42-59/2017-08-30_15-42-59.mp4-bee_id_11058-104205-1.png,0,1,False,False,True
train/videos/2017-08-30_15-42-59/2017-08-30_15-42-59.mp4-bee_id_11059-104205-1.png,0,0,False,False,True
train/videos/2017-08-30_15-42-59/2017-08-30_15-42-59.mp4-bee_id_11061-104250-1.png,0,0,False,False,True
train/videos/2017-08-30_15-42-59/2017-08-30_15-42-59.mp4-bee_id_11062-104355-1.png,0,0,False,False,True
train/videos/2017-08-30_15-42-59/2017-08-30_15-42-59.mp4-bee_id_11063-104400-1.png,0,1,False,False,True
train/videos/2017-08-30_15-42-59/2017-08-30_15-42-59.mp4-bee_id_11065-104460-1.png,0,0,False,False,True
train/videos/2017-08-30_15-42-59/2017-08-30_15-42-59.mp4-bee_id_11066-104490-1.png,0,0,False,False,True
train/videos/2017-08-30_15-42-59/2017-08-30_15-42-59.mp4-bee_id_11067-104490-1.png,1,0,True,False,True
train/videos/2017-08-30_15-42-59/2017-08-30_15-42-59.mp4-bee_id_11069-104520-1.png,0,0,False,False,True
train/videos/2017-08-30_15-42-59/2017-08-30_15-42-59.mp4-bee_id_11070-104535-1.png,0,1,False,False,True
train/videos/2017-08-30_15-42-59/2017-08-30_15-42-59.mp4-bee_id_11071-104535-1.png,1,1,True,False,True
train/videos/2017-08-30_15-42-59/2017-08-30_15-42-59.mp4-bee_id_11072-104640-1.png,0,0,False,False,True
train/videos/2017-08-30_15-42-59/2017-08-30_15-42-59.mp4-bee_id_11073-104655-1.png,0,1,False,False,True
train/videos/2017-08-30_15-42-59/2017-08-30_15-42-59.mp4-bee_id_11074-104655-1.png,0,0,False,False,True
train/videos/2017-08-30_15-42-59/2017-08-30_15-42-59.mp4-bee_id_11075-104775-1.png,0,2,False,False,True
train/videos/2017-08-30_15-42-59/2017-08-30_15-42-59.mp4-bee_id_11076-104820-1.png,0,2,False,False,True
train/videos/2017-08-30_15-42-59/2017-08-30_15-42-59.mp4-bee_id_11077-104835-1.png,0,0,False,False,True
train/videos/2017-08-30_15-42-59/2017-08-30_15-42-59.mp4-bee_id_11078-104850-1.png,0,0,False,False,True
train/videos/2017-08-30_15-42-59/2017-08-30_15-42-59.mp4-bee_id_11079-104865-1.png,0,1,False,False,True
train/videos/2017-08-30_15-42-59/2017-08-30_15-42-59.mp4-bee_id_11080-104880-1.png,0,0,False,False,True
train/videos/2017-08-30_15-42-59/2017-08-30_15-42-59.mp4-bee_id_11081-104910-1.png,0,2,False,False,True
train/videos/2017-08-30_15-42-59/2017-08-30_15-42-59.mp4-bee_id_11082-104910-1.png,0,2,False,False,True
train/videos/2017-08-30_15-42-59/2017-08-30_15-42-59.mp4-bee_id_11083-104910-1.png,0,0,False,False,True
train/videos/2017-08-30_15-42-59/2017-08-30_15-42-59.mp4-bee_id_11084-104925-1.png,1,0,True,False,True
train/videos/2017-08-30_15-42-59/2017-08-30_15-42-59.mp4-bee_id_11085-104955-1.png,0,0,False,False,True
train/videos/2017-08-30_15-42-59/2017-08-30_15-42-59.mp4-bee_id_11086-104970-1.png,0,1,False,False,True
train/videos/2017-08-30_15-42-59/2017-08-30_15-42-59.mp4-bee_id_11087-104970-1.png,0,1,False,False,True
train/videos/2017-08-30_15-42-59/2017-08-30_15-42-59.mp4-bee_id_11088-105000-1.png,0,0,False,False,True
train/videos/2017-08-30_15-42-59/2017-08-30_15-42-59.mp4-bee_id_11089-105045-1.png,0,1,False,False,True
train/videos/2017-08-30_15-42-59/2017-08-30_15-42-59.mp4-bee_id_11090-105075-1.png,0,0,False,False,True
train/videos/2017-08-30_15-42-59/2017-08-30_15-42-59.mp4-bee_id_11091-105090-1.png,0,0,False,False,True
train/videos/2017-08-30_15-42-59/2017-08-30_15-42-59.mp4-bee_id_11092-105135-1.png,0,0,False,False,True
train/videos/2017-08-30_15-42-59/2017-08-30_15-42-59.mp4-bee_id_11093-105195-1.png,0,0,False,False,True
train/videos/2017-08-30_15-42-59/2017-08-30_15-42-59.mp4-bee_id_11095-105240-1.png,0,0,False,False,True
train/videos/2017-08-30_15-42-59/2017-08-30_15-42-59.mp4-bee_id_11096-105255-1.png,0,0,False,False,True
train/videos/2017-08-30_15-42-59/2017-08-30_15-42-59.mp4-bee_id_11097-105300-1.png,0,0,False,False,True
train/videos/2017-08-30_15-42-59/2017-08-30_15-42-59.mp4-bee_id_11098-105315-1.png,0,0,False,False,True
train/videos/2017-08-30_15-42-59/2017-08-30_15-42-59.mp4-bee_id_11099-105330-1.png,0,0,False,False,True
train/videos/2017-08-30_15-42-59/2017-08-30_15-42-59.mp4-bee_id_11100-105360-1.png,0,2,False,False,True
train/videos/2017-08-30_15-42-59/2017-08-30_15-42-59.mp4-bee_id_11101-105420-1.png,0,1,False,False,True
train/videos/2017-08-30_15-42-59/2017-08-30_15-42-59.mp4-bee_id_11102-105450-1.png,0,0,False,False,True
train/videos/2017-08-30_15-42-59/2017-08-30_15-42-59.mp4-bee_id_11103-105525-1.png,1,1,True,False,True
train/videos/2017-08-30_15-42-59/2017-08-30_15-42-59.mp4-bee_id_11105-105660-1.png,1,1,True,True,True
train/videos/2017-08-30_15-42-59/2017-08-30_15-42-59.mp4-bee_id_11106-105675-1.png,1,1,True,True,True
train/videos/2017-08-30_15-42-59/2017-08-30_15-42-59.mp4-bee_id_11107-105690-1.png,0,1,False,False,True
train/videos/2017-08-30_15-42-59/2017-08-30_15-42-59.mp4-bee_id_11108-105720-1.png,1,0,True,False,True
train/videos/2017-08-30_15-42-59/2017-08-30_15-42-59.mp4-bee_id_11109-105750-1.png,0,0,False,False,True
train/videos/2017-08-30_15-42-59/2017-08-30_15-42-59.mp4-bee_id_11110-105870-1.png,0,0,False,False,True
train/videos/2017-08-30_15-42-59/2017-08-30_15-42-59.mp4-bee_id_11111-105900-1.png,0,0,False,False,True
train/videos/2017-08-30_15-42-59/2017-08-30_15-42-59.mp4-bee_id_11112-105960-1.png,0,0,False,False,True
train/videos/2017-08-30_15-42-59/2017-08-30_15-42-59.mp4-bee_id_11113-105960-1.png,0,0,False,False,True
train/videos/2017-08-30_15-42-59/2017-08-30_15-42-59.mp4-bee_id_11114-105990-1.png,0,0,False,False,True
train/videos/2017-08-30_15-42-59/2017-08-30_15-42-59.mp4-bee_id_11115-106050-1.png,0,2,False,False,True
train/videos/2017-08-30_15-42-59/2017-08-30_15-42-59.mp4-bee_id_11116-106050-1.png,0,1,False,False,True
train/videos/2017-08-30_15-42-59/2017-08-30_15-42-59.mp4-bee_id_11118-106095-1.png,0,0,False,False,True
train/videos/2017-08-30_15-42-59/2017-08-30_15-42-59.mp4-bee_id_11119-106110-1.png,0,0,False,False,True
train/videos/2017-08-30_15-42-59/2017-08-30_15-42-59.mp4-bee_id_11120-106140-1.png,0,0,False,False,True
train/videos/2017-08-30_15-42-59/2017-08-30_15-42-59.mp4-bee_id_11121-106245-1.png,0,0,False,False,True
train/videos/2017-08-30_15-42-59/2017-08-30_15-42-59.mp4-bee_id_11122-106290-1.png,0,0,False,False,True
train/videos/2017-08-30_15-42-59/2017-08-30_15-42-59.mp4-bee_id_11123-106305-1.png,0,0,False,False,True
train/videos/2017-08-30_15-42-59/2017-08-30_15-42-59.mp4-bee_id_11124-106305-1.png,1,0,True,False,True
train/videos/2017-08-30_15-42-59/2017-08-30_15-42-59.mp4-bee_id_11125-106380-1.png,0,0,False,False,True
train/videos/2017-08-30_15-42-59/2017-08-30_15-42-59.mp4-bee_id_11126-106425-1.png,0,0,False,False,True
train/videos/2017-08-30_15-42-59/2017-08-30_15-42-59.mp4-bee_id_9082-15-1.png,0,0,False,False,True
train/videos/2017-08-30_15-42-59/2017-08-30_15-42-59.mp4-bee_id_9083-15-1.png,0,1,False,False,True
train/videos/2017-08-30_15-42-59/2017-08-30_15-42-59.mp4-bee_id_9084-15-1.png,0,0,False,False,True
train/videos/2017-08-30_15-42-59/2017-08-30_15-42-59.mp4-bee_id_9086-30-1.png,0,0,False,False,True
train/videos/2017-08-30_15-42-59/2017-08-30_15-42-59.mp4-bee_id_9087-45-1.png,0,1,False,False,True
train/videos/2017-08-30_15-42-59/2017-08-30_15-42-59.mp4-bee_id_9088-75-1.png,0,1,False,False,True
train/videos/2017-08-30_15-42-59/2017-08-30_15-42-59.mp4-bee_id_9089-90-1.png,0,0,False,False,True
train/videos/2017-08-30_15-42-59/2017-08-30_15-42-59.mp4-bee_id_9090-135-1.png,1,0,True,False,True
train/videos/2017-08-30_15-42-59/2017-08-30_15-42-59.mp4-bee_id_9091-165-1.png,0,1,False,False,True
train/videos/2017-08-30_15-42-59/2017-08-30_15-42-59.mp4-bee_id_9092-165-1.png,0,0,False,False,True
train/videos/2017-08-30_15-42-59/2017-08-30_15-42-59.mp4-bee_id_9093-240-1.png,0,0,False,False,True
train/videos/2017-08-30_15-42-59/2017-08-30_15-42-59.mp4-bee_id_9094-270-1.png,0,0,False,False,True
train/videos/2017-08-30_15-42-59/2017-08-30_15-42-59.mp4-bee_id_9095-270-1.png,0,0,False,False,True
train/videos/2017-08-30_15-42-59/2017-08-30_15-42-59.mp4-bee_id_9096-330-1.png,0,2,False,False,True
train/videos/2017-08-30_15-42-59/2017-08-30_15-42-59.mp4-bee_id_9097-345-1.png,0,0,False,False,True
train/videos/2017-08-30_15-42-59/2017-08-30_15-42-59.mp4-bee_id_9098-360-1.png,0,0,False,False,True
train/videos/2017-08-30_15-42-59/2017-08-30_15-42-59.mp4-bee_id_9099-510-1.png,0,0,False,False,True
train/videos/2017-08-30_15-42-59/2017-08-30_15-42-59.mp4-bee_id_9100-525-1.png,0,1,False,False,True
train/videos/2017-08-30_15-42-59/2017-08-30_15-42-59.mp4-bee_id_9101-555-1.png,0,1,False,False,True
train/videos/2017-08-30_15-42-59/2017-08-30_15-42-59.mp4-bee_id_9102-630-1.png,0,1,False,False,True
train/videos/2017-08-30_15-42-59/2017-08-30_15-42-59.mp4-bee_id_9103-630-1.png,0,1,False,False,True
train/videos/2017-08-30_15-42-59/2017-08-30_15-42-59.mp4-bee_id_9104-645-1.png,0,0,False,False,True
train/videos/2017-08-30_15-42-59/2017-08-30_15-42-59.mp4-bee_id_9105-645-1.png,0,0,False,False,True
train/videos/2017-08-30_15-42-59/2017-08-30_15-42-59.mp4-bee_id_9106-705-1.png,0,0,False,False,True
train/videos/2017-08-30_15-42-59/2017-08-30_15-42-59.mp4-bee_id_9107-765-1.png,0,0,False,False,True
train/videos/2017-08-30_15-42-59/2017-08-30_15-42-59.mp4-bee_id_9108-765-1.png,0,1,False,False,True
train/videos/2017-08-30_15-42-59/2017-08-30_15-42-59.mp4-bee_id_9109-780-1.png,0,1,False,False,True
train/videos/2017-08-30_15-42-59/2017-08-30_15-42-59.mp4-bee_id_9110-780-1.png,0,0,False,False,True
train/videos/2017-08-30_15-42-59/2017-08-30_15-42-59.mp4-bee_id_9112-915-1.png,0,0,False,False,True
train/videos/2017-08-30_15-42-59/2017-08-30_15-42-59.mp4-bee_id_9113-915-1.png,0,0,False,False,True
train/videos/2017-08-30_15-42-59/2017-08-30_15-42-59.mp4-bee_id_9114-1020-1.png,0,1,False,False,True
train/videos/2017-08-30_15-42-59/2017-08-30_15-42-59.mp4-bee_id_9115-1095-1.png,1,0,True,False,True
train/videos/2017-08-30_15-42-59/2017-08-30_15-42-59.mp4-bee_id_9116-1140-1.png,0,0,False,False,True
train/videos/2017-08-30_15-42-59/2017-08-30_15-42-59.mp4-bee_id_9117-1155-1.png,0,0,False,False,True
train/videos/2017-08-30_15-42-59/2017-08-30_15-42-59.mp4-bee_id_9118-1185-1.png,0,0,False,False,True
train/videos/2017-08-30_15-42-59/2017-08-30_15-42-59.mp4-bee_id_9119-1185-1.png,0,0,False,False,True
train/videos/2017-08-30_15-42-59/2017-08-30_15-42-59.mp4-bee_id_9120-1200-1.png,0,0,False,False,True
train/videos/2017-08-30_15-42-59/2017-08-30_15-42-59.mp4-bee_id_9121-1230-1.png,0,0,False,False,True
train/videos/2017-08-30_15-42-59/2017-08-30_15-42-59.mp4-bee_id_9122-1230-1.png,0,1,False,False,True
train/videos/2017-08-30_15-42-59/2017-08-30_15-42-59.mp4-bee_id_9123-1245-1.png,0,1,False,False,True
train/videos/2017-08-30_15-42-59/2017-08-30_15-42-59.mp4-bee_id_9124-1245-1.png,0,0,False,False,True
train/videos/2017-08-30_15-42-59/2017-08-30_15-42-59.mp4-bee_id_9125-1290-1.png,0,0,False,False,True
train/videos/2017-08-30_15-42-59/2017-08-30_15-42-59.mp4-bee_id_9126-1350-1.png,0,1,False,False,True
train/videos/2017-08-30_15-42-59/2017-08-30_15-42-59.mp4-bee_id_9127-1350-1.png,0,1,False,False,True
train/videos/2017-08-30_15-42-59/2017-08-30_15-42-59.mp4-bee_id_9128-1425-1.png,0,1,False,False,True
train/videos/2017-08-30_15-42-59/2017-08-30_15-42-59.mp4-bee_id_9129-1455-1.png,0,0,False,False,True
train/videos/2017-08-30_15-42-59/2017-08-30_15-42-59.mp4-bee_id_9130-1455-1.png,0,0,False,False,True
train/videos/2017-08-30_15-42-59/2017-08-30_15-42-59.mp4-bee_id_9131-1470-1.png,0,1,False,False,True
train/videos/2017-08-30_15-42-59/2017-08-30_15-42-59.mp4-bee_id_9132-1470-1.png,0,0,False,False,True
train/videos/2017-08-30_15-42-59/2017-08-30_15-42-59.mp4-bee_id_9133-1485-1.png,0,0,False,False,True
train/videos/2017-08-30_15-42-59/2017-08-30_15-42-59.mp4-bee_id_9134-1500-1.png,0,0,False,False,True
train/videos/2017-08-30_15-42-59/2017-08-30_15-42-59.mp4-bee_id_9135-1500-1.png,0,0,False,False,True
train/videos/2017-08-30_15-42-59/2017-08-30_15-42-59.mp4-bee_id_9136-1545-1.png,0,0,False,False,True
train/videos/2017-08-30_15-42-59/2017-08-30_15-42-59.mp4-bee_id_9137-1560-1.png,0,0,False,False,True
train/videos/2017-08-30_15-42-59/2017-08-30_15-42-59.mp4-bee_id_9138-1635-1.png,0,0,False,False,True
train/videos/2017-08-30_15-42-59/2017-08-30_15-42-59.mp4-bee_id_9139-1650-1.png,0,0,False,False,True
train/videos/2017-08-30_15-42-59/2017-08-30_15-42-59.mp4-bee_id_9140-1665-1.png,0,0,False,False,True
train/videos/2017-08-30_15-42-59/2017-08-30_15-42-59.mp4-bee_id_9141-1725-1.png,1,1,True,True,True
train/videos/2017-08-30_15-42-59/2017-08-30_15-42-59.mp4-bee_id_9142-1725-1.png,0,0,False,False,True
train/videos/2017-08-30_15-42-59/2017-08-30_15-42-59.mp4-bee_id_9143-1740-1.png,1,0,True,False,True
train/videos/2017-08-30_15-42-59/2017-08-30_15-42-59.mp4-bee_id_9144-1755-1.png,0,0,False,False,True
train/videos/2017-08-30_15-42-59/2017-08-30_15-42-59.mp4-bee_id_9145-1785-1.png,0,2,False,False,True
train/videos/2017-08-30_15-42-59/2017-08-30_15-42-59.mp4-bee_id_9146-1800-1.png,0,0,False,False,True
train/videos/2017-08-30_15-42-59/2017-08-30_15-42-59.mp4-bee_id_9147-1845-1.png,0,0,False,False,True
train/videos/2017-08-30_15-42-59/2017-08-30_15-42-59.mp4-bee_id_9148-1875-1.png,0,0,False,False,True
train/videos/2017-08-30_15-42-59/2017-08-30_15-42-59.mp4-bee_id_9149-2010-1.png,0,0,False,False,True
train/videos/2017-08-30_15-42-59/2017-08-30_15-42-59.mp4-bee_id_9150-2040-1.png,0,0,False,False,True
train/videos/2017-08-30_15-42-59/2017-08-30_15-42-59.mp4-bee_id_9151-2055-1.png,0,2,False,False,True
train/videos/2017-08-30_15-42-59/2017-08-30_15-42-59.mp4-bee_id_9152-2100-1.png,0,0,False,False,True
train/videos/2017-08-30_15-42-59/2017-08-30_15-42-59.mp4-bee_id_9153-2115-1.png,0,0,False,False,True
train/videos/2017-08-30_15-42-59/2017-08-30_15-42-59.mp4-bee_id_9154-2190-1.png,0,0,False,False,True
train/videos/2017-08-30_15-42-59/2017-08-30_15-42-59.mp4-bee_id_9155-2265-1.png,1,0,True,False,True
train/videos/2017-08-30_15-42-59/2017-08-30_15-42-59.mp4-bee_id_9156-2325-1.png,0,0,False,False,True
train/videos/2017-08-30_15-42-59/2017-08-30_15-42-59.mp4-bee_id_9157-2325-1.png,0,0,False,False,True
train/videos/2017-08-30_15-42-59/2017-08-30_15-42-59.mp4-bee_id_9158-2340-1.png,0,0,False,False,True
train/videos/2017-08-30_15-42-59/2017-08-30_15-42-59.mp4-bee_id_9159-2400-1.png,0,1,False,False,True
train/videos/2017-08-30_15-42-59/2017-08-30_15-42-59.mp4-bee_id_9160-2535-1.png,0,0,False,False,True
train/videos/2017-08-30_15-42-59/2017-08-30_15-42-59.mp4-bee_id_9161-2550-1.png,0,0,False,False,True
train/videos/2017-08-30_15-42-59/2017-08-30_15-42-59.mp4-bee_id_9162-2625-1.png,0,0,False,False,True
train/videos/2017-08-30_15-42-59/2017-08-30_15-42-59.mp4-bee_id_9163-2640-1.png,0,0,False,False,True
train/videos/2017-08-30_15-42-59/2017-08-30_15-42-59.mp4-bee_id_9164-2655-1.png,0,1,False,False,True
train/videos/2017-08-30_15-42-59/2017-08-30_15-42-59.mp4-bee_id_9165-2670-1.png,0,1,False,False,True
train/videos/2017-08-30_15-42-59/2017-08-30_15-42-59.mp4-bee_id_9166-2685-1.png,0,0,False,False,True
train/videos/2017-08-30_15-42-59/2017-08-30_15-42-59.mp4-bee_id_9167-2685-1.png,0,0,False,False,True
train/videos/2017-08-30_15-42-59/2017-08-30_15-42-59.mp4-bee_id_9168-2700-1.png,0,1,False,False,True
train/videos/2017-08-30_15-42-59/2017-08-30_15-42-59.mp4-bee_id_9169-2820-1.png,0,0,False,False,True
train/videos/2017-08-30_15-42-59/2017-08-30_15-42-59.mp4-bee_id_9170-2865-1.png,0,1,False,False,True
train/videos/2017-08-30_15-42-59/2017-08-30_15-42-59.mp4-bee_id_9171-2880-1.png,0,0,False,False,True
train/videos/2017-08-30_15-42-59/2017-08-30_15-42-59.mp4-bee_id_9172-2910-1.png,0,0,False,False,True
train/videos/2017-08-30_15-42-59/2017-08-30_15-42-59.mp4-bee_id_9173-2925-1.png,0,1,False,False,True
train/videos/2017-08-30_15-42-59/2017-08-30_15-42-59.mp4-bee_id_9174-3015-1.png,0,0,False,False,True
train/videos/2017-08-30_15-42-59/2017-08-30_15-42-59.mp4-bee_id_9175-3015-1.png,0,0,False,False,True
train/videos/2017-08-30_15-42-59/2017-08-30_15-42-59.mp4-bee_id_9176-3045-1.png,0,1,False,False,True
train/videos/2017-08-30_15-42-59/2017-08-30_15-42-59.mp4-bee_id_9178-3075-1.png,1,1,True,True,True
train/videos/2017-08-30_15-42-59/2017-08-30_15-42-59.mp4-bee_id_9179-3090-1.png,1,0,True,False,True
train/videos/2017-08-30_15-42-59/2017-08-30_15-42-59.mp4-bee_id_9180-3135-1.png,0,0,False,False,True
train/videos/2017-08-30_15-42-59/2017-08-30_15-42-59.mp4-bee_id_9181-3150-1.png,0,0,False,False,True
train/videos/2017-08-30_15-42-59/2017-08-30_15-42-59.mp4-bee_id_9182-3165-1.png,0,0,False,False,True
train/videos/2017-08-30_15-42-59/2017-08-30_15-42-59.mp4-bee_id_9183-3405-1.png,0,1,False,False,True
train/videos/2017-08-30_15-42-59/2017-08-30_15-42-59.mp4-bee_id_9184-3420-1.png,0,0,False,False,True
train/videos/2017-08-30_15-42-59/2017-08-30_15-42-59.mp4-bee_id_9185-3435-1.png,0,0,False,False,True
train/videos/2017-08-30_15-42-59/2017-08-30_15-42-59.mp4-bee_id_9186-3480-1.png,0,0,False,False,True
train/videos/2017-08-30_15-42-59/2017-08-30_15-42-59.mp4-bee_id_9187-3495-1.png,1,1,True,False,True
train/videos/2017-08-30_15-42-59/2017-08-30_15-42-59.mp4-bee_id_9188-3495-1.png,0,1,False,False,True
train/videos/2017-08-30_15-42-59/2017-08-30_15-42-59.mp4-bee_id_9189-3510-1.png,1,0,True,False,True
train/videos/2017-08-30_15-42-59/2017-08-30_15-42-59.mp4-bee_id_9190-3525-1.png,0,1,False,False,True
train/videos/2017-08-30_15-42-59/2017-08-30_15-42-59.mp4-bee_id_9191-3540-1.png,0,0,False,False,True
train/videos/2017-08-30_15-42-59/2017-08-30_15-42-59.mp4-bee_id_9192-3570-1.png,0,0,False,False,True
train/videos/2017-08-30_15-42-59/2017-08-30_15-42-59.mp4-bee_id_9193-3585-1.png,1,2,True,False,True
train/videos/2017-08-30_15-42-59/2017-08-30_15-42-59.mp4-bee_id_9194-3585-1.png,0,0,False,False,True
train/videos/2017-08-30_15-42-59/2017-08-30_15-42-59.mp4-bee_id_9195-3600-1.png,0,0,False,False,True
train/videos/2017-08-30_15-42-59/2017-08-30_15-42-59.mp4-bee_id_9196-3630-1.png,1,0,True,False,True
train/videos/2017-08-30_15-42-59/2017-08-30_15-42-59.mp4-bee_id_9197-3660-1.png,0,1,False,False,True
train/videos/2017-08-30_15-42-59/2017-08-30_15-42-59.mp4-bee_id_9198-3675-1.png,0,2,False,False,True
train/videos/2017-08-30_15-42-59/2017-08-30_15-42-59.mp4-bee_id_9199-3690-1.png,0,0,False,False,True
train/videos/2017-08-30_15-42-59/2017-08-30_15-42-59.mp4-bee_id_9200-3735-1.png,0,0,False,False,True
train/videos/2017-08-30_15-42-59/2017-08-30_15-42-59.mp4-bee_id_9201-3765-1.png,0,0,False,False,True
train/videos/2017-08-30_15-42-59/2017-08-30_15-42-59.mp4-bee_id_9202-3780-1.png,0,0,False,False,True
train/videos/2017-08-30_15-42-59/2017-08-30_15-42-59.mp4-bee_id_9203-3885-1.png,0,0,False,False,True
train/videos/2017-08-30_15-42-59/2017-08-30_15-42-59.mp4-bee_id_9204-3915-1.png,0,0,False,False,True
train/videos/2017-08-30_15-42-59/2017-08-30_15-42-59.mp4-bee_id_9205-3930-1.png,0,1,False,False,True
train/videos/2017-08-30_15-42-59/2017-08-30_15-42-59.mp4-bee_id_9206-3945-1.png,0,2,False,False,True
train/videos/2017-08-30_15-42-59/2017-08-30_15-42-59.mp4-bee_id_9207-3960-1.png,0,0,False,False,True
train/videos/2017-08-30_15-42-59/2017-08-30_15-42-59.mp4-bee_id_9208-3990-1.png,0,0,False,False,True
train/videos/2017-08-30_15-42-59/2017-08-30_15-42-59.mp4-bee_id_9209-4005-1.png,0,0,False,False,True
train/videos/2017-08-30_15-42-59/2017-08-30_15-42-59.mp4-bee_id_9210-4035-1.png,1,1,True,True,True
train/videos/2017-08-30_15-42-59/2017-08-30_15-42-59.mp4-bee_id_9211-4065-1.png,0,0,False,False,True
train/videos/2017-08-30_15-42-59/2017-08-30_15-42-59.mp4-bee_id_9212-4110-1.png,1,1,True,True,True
train/videos/2017-08-30_15-42-59/2017-08-30_15-42-59.mp4-bee_id_9213-4155-1.png,0,0,False,False,True
train/videos/2017-08-30_15-42-59/2017-08-30_15-42-59.mp4-bee_id_9214-4215-1.png,0,0,False,False,True
train/videos/2017-08-30_15-42-59/2017-08-30_15-42-59.mp4-bee_id_9215-4245-1.png,0,0,False,False,True
train/videos/2017-08-30_15-42-59/2017-08-30_15-42-59.mp4-bee_id_9216-4425-1.png,0,0,False,False,True
train/videos/2017-08-30_15-42-59/2017-08-30_15-42-59.mp4-bee_id_9217-4455-1.png,0,0,False,False,True
train/videos/2017-08-30_15-42-59/2017-08-30_15-42-59.mp4-bee_id_9218-4470-1.png,0,2,False,False,True
train/videos/2017-08-30_15-42-59/2017-08-30_15-42-59.mp4-bee_id_9219-4470-1.png,0,0,False,False,True
train/videos/2017-08-30_15-42-59/2017-08-30_15-42-59.mp4-bee_id_9220-4470-1.png,0,0,False,False,True
train/videos/2017-08-30_15-42-59/2017-08-30_15-42-59.mp4-bee_id_9221-4485-1.png,0,0,False,False,True
train/videos/2017-08-30_15-42-59/2017-08-30_15-42-59.mp4-bee_id_9222-4515-1.png,0,0,False,False,True
train/videos/2017-08-30_15-42-59/2017-08-30_15-42-59.mp4-bee_id_9223-4515-1.png,0,0,False,False,True
train/videos/2017-08-30_15-42-59/2017-08-30_15-42-59.mp4-bee_id_9224-4515-1.png,0,0,False,False,True
train/videos/2017-08-30_15-42-59/2017-08-30_15-42-59.mp4-bee_id_9225-4530-1.png,0,0,False,False,True
train/videos/2017-08-30_15-42-59/2017-08-30_15-42-59.mp4-bee_id_9226-4545-1.png,0,0,False,False,True
train/videos/2017-08-30_15-42-59/2017-08-30_15-42-59.mp4-bee_id_9227-4560-1.png,0,0,False,False,True
train/videos/2017-08-30_15-42-59/2017-08-30_15-42-59.mp4-bee_id_9228-4575-1.png,0,0,False,False,True
train/videos/2017-08-30_15-42-59/2017-08-30_15-42-59.mp4-bee_id_9229-4635-1.png,0,0,False,False,True
train/videos/2017-08-30_15-42-59/2017-08-30_15-42-59.mp4-bee_id_9230-4725-1.png,0,0,False,False,True
train/videos/2017-08-30_15-42-59/2017-08-30_15-42-59.mp4-bee_id_9231-4800-1.png,0,2,False,False,True
train/videos/2017-08-30_15-42-59/2017-08-30_15-42-59.mp4-bee_id_9232-4830-1.png,0,0,False,False,True
train/videos/2017-08-30_15-42-59/2017-08-30_15-42-59.mp4-bee_id_9233-4875-1.png,0,0,False,False,True
train/videos/2017-08-30_15-42-59/2017-08-30_15-42-59.mp4-bee_id_9234-5040-1.png,0,0,False,False,True
train/videos/2017-08-30_15-42-59/2017-08-30_15-42-59.mp4-bee_id_9235-5055-1.png,0,0,False,False,True
train/videos/2017-08-30_15-42-59/2017-08-30_15-42-59.mp4-bee_id_9236-5070-1.png,0,0,False,False,True
train/videos/2017-08-30_15-42-59/2017-08-30_15-42-59.mp4-bee_id_9237-5085-1.png,1,0,True,False,True
train/videos/2017-08-30_15-42-59/2017-08-30_15-42-59.mp4-bee_id_9238-5085-1.png,0,0,False,False,True
train/videos/2017-08-30_15-42-59/2017-08-30_15-42-59.mp4-bee_id_9239-5100-1.png,0,0,False,False,True
train/videos/2017-08-30_15-42-59/2017-08-30_15-42-59.mp4-bee_id_9240-5100-1.png,0,0,False,False,True
train/videos/2017-08-30_15-42-59/2017-08-30_15-42-59.mp4-bee_id_9241-5145-1.png,0,3,False,False,True
train/videos/2017-08-30_15-42-59/2017-08-30_15-42-59.mp4-bee_id_9242-5205-1.png,0,0,False,False,True
train/videos/2017-08-30_15-42-59/2017-08-30_15-42-59.mp4-bee_id_9243-5265-1.png,0,0,False,False,True
train/videos/2017-08-30_15-42-59/2017-08-30_15-42-59.mp4-bee_id_9244-5295-1.png,0,1,False,False,True
train/videos/2017-08-30_15-42-59/2017-08-30_15-42-59.mp4-bee_id_9245-5310-1.png,0,1,False,False,True
train/videos/2017-08-30_15-42-59/2017-08-30_15-42-59.mp4-bee_id_9246-5535-1.png,0,1,False,False,True
train/videos/2017-08-30_15-42-59/2017-08-30_15-42-59.mp4-bee_id_9248-5580-1.png,0,0,False,False,True
train/videos/2017-08-30_15-42-59/2017-08-30_15-42-59.mp4-bee_id_9249-5580-1.png,0,0,False,False,True
train/videos/2017-08-30_15-42-59/2017-08-30_15-42-59.mp4-bee_id_9250-5595-1.png,0,1,False,False,True
train/videos/2017-08-30_15-42-59/2017-08-30_15-42-59.mp4-bee_id_9251-5595-1.png,1,1,True,True,True
train/videos/2017-08-30_15-42-59/2017-08-30_15-42-59.mp4-bee_id_9252-5625-1.png,0,0,False,False,True
train/videos/2017-08-30_15-42-59/2017-08-30_15-42-59.mp4-bee_id_9253-5685-1.png,0,0,False,False,True
train/videos/2017-08-30_15-42-59/2017-08-30_15-42-59.mp4-bee_id_9254-5760-1.png,1,0,True,False,True
train/videos/2017-08-30_15-42-59/2017-08-30_15-42-59.mp4-bee_id_9255-5775-1.png,1,0,True,False,True
train/videos/2017-08-30_15-42-59/2017-08-30_15-42-59.mp4-bee_id_9256-5820-1.png,1,0,True,False,True
train/videos/2017-08-30_15-42-59/2017-08-30_15-42-59.mp4-bee_id_9257-5925-1.png,0,1,False,False,True
train/videos/2017-08-30_15-42-59/2017-08-30_15-42-59.mp4-bee_id_9258-5940-1.png,0,0,False,False,True
train/videos/2017-08-30_15-42-59/2017-08-30_15-42-59.mp4-bee_id_9259-6030-1.png,1,1,True,False,True
train/videos/2017-08-30_15-42-59/2017-08-30_15-42-59.mp4-bee_id_9260-6075-1.png,0,0,False,False,True
train/videos/2017-08-30_15-42-59/2017-08-30_15-42-59.mp4-bee_id_9261-6090-1.png,0,2,False,False,True
train/videos/2017-08-30_15-42-59/2017-08-30_15-42-59.mp4-bee_id_9262-6105-1.png,0,0,False,False,True
train/videos/2017-08-30_15-42-59/2017-08-30_15-42-59.mp4-bee_id_9263-6165-1.png,1,0,True,False,True
train/videos/2017-08-30_15-42-59/2017-08-30_15-42-59.mp4-bee_id_9264-6240-1.png,0,0,False,False,True
train/videos/2017-08-30_15-42-59/2017-08-30_15-42-59.mp4-bee_id_9265-6255-1.png,0,0,False,False,True
train/videos/2017-08-30_15-42-59/2017-08-30_15-42-59.mp4-bee_id_9266-6270-1.png,0,0,False,False,True
train/videos/2017-08-30_15-42-59/2017-08-30_15-42-59.mp4-bee_id_9267-6285-1.png,1,1,True,True,True
train/videos/2017-08-30_15-42-59/2017-08-30_15-42-59.mp4-bee_id_9268-6315-1.png,0,0,False,False,True
train/videos/2017-08-30_15-42-59/2017-08-30_15-42-59.mp4-bee_id_9269-6450-1.png,0,1,False,False,True
train/videos/2017-08-30_15-42-59/2017-08-30_15-42-59.mp4-bee_id_9270-6570-1.png,0,0,False,False,True
train/videos/2017-08-30_15-42-59/2017-08-30_15-42-59.mp4-bee_id_9271-6600-1.png,0,0,False,False,True
train/videos/2017-08-30_15-42-59/2017-08-30_15-42-59.mp4-bee_id_9272-6600-1.png,0,0,False,False,True
train/videos/2017-08-30_15-42-59/2017-08-30_15-42-59.mp4-bee_id_9273-6615-1.png,1,1,True,False,True
train/videos/2017-08-30_15-42-59/2017-08-30_15-42-59.mp4-bee_id_9274-6630-1.png,1,1,True,True,True
train/videos/2017-08-30_15-42-59/2017-08-30_15-42-59.mp4-bee_id_9275-6645-1.png,1,0,True,False,True
train/videos/2017-08-30_15-42-59/2017-08-30_15-42-59.mp4-bee_id_9276-6675-1.png,1,1,True,False,True
train/videos/2017-08-30_15-42-59/2017-08-30_15-42-59.mp4-bee_id_9277-6735-1.png,1,2,True,False,True
train/videos/2017-08-30_15-42-59/2017-08-30_15-42-59.mp4-bee_id_9278-6810-1.png,0,0,False,False,True
train/videos/2017-08-30_15-42-59/2017-08-30_15-42-59.mp4-bee_id_9280-6960-1.png,0,0,False,False,True
train/videos/2017-08-30_15-42-59/2017-08-30_15-42-59.mp4-bee_id_9281-6990-1.png,0,0,False,False,True
train/videos/2017-08-30_15-42-59/2017-08-30_15-42-59.mp4-bee_id_9282-7200-1.png,0,0,False,False,True
train/videos/2017-08-30_15-42-59/2017-08-30_15-42-59.mp4-bee_id_9283-7275-1.png,0,0,False,False,True
train/videos/2017-08-30_15-42-59/2017-08-30_15-42-59.mp4-bee_id_9284-7365-1.png,0,1,False,False,True
train/videos/2017-08-30_15-42-59/2017-08-30_15-42-59.mp4-bee_id_9285-7380-1.png,0,1,False,False,True
train/videos/2017-08-30_15-42-59/2017-08-30_15-42-59.mp4-bee_id_9286-7395-1.png,0,0,False,False,True
train/videos/2017-08-30_15-42-59/2017-08-30_15-42-59.mp4-bee_id_9287-7410-1.png,0,0,False,False,True
train/videos/2017-08-30_15-42-59/2017-08-30_15-42-59.mp4-bee_id_9288-7455-1.png,0,0,False,False,True
train/videos/2017-08-30_15-42-59/2017-08-30_15-42-59.mp4-bee_id_9289-7470-1.png,0,0,False,False,True
train/videos/2017-08-30_15-42-59/2017-08-30_15-42-59.mp4-bee_id_9290-7590-1.png,0,1,False,False,True
train/videos/2017-08-30_15-42-59/2017-08-30_15-42-59.mp4-bee_id_9291-7635-1.png,0,1,False,False,True
train/videos/2017-08-30_15-42-59/2017-08-30_15-42-59.mp4-bee_id_9292-7650-1.png,0,0,False,False,True
train/videos/2017-08-30_15-42-59/2017-08-30_15-42-59.mp4-bee_id_9293-7665-1.png,0,1,False,False,True
train/videos/2017-08-30_15-42-59/2017-08-30_15-42-59.mp4-bee_id_9294-7680-1.png,0,0,False,False,True
train/videos/2017-08-30_15-42-59/2017-08-30_15-42-59.mp4-bee_id_9295-7680-1.png,0,0,False,False,True
train/videos/2017-08-30_15-42-59/2017-08-30_15-42-59.mp4-bee_id_9296-7740-1.png,0,1,False,False,True
train/videos/2017-08-30_15-42-59/2017-08-30_15-42-59.mp4-bee_id_9297-7755-1.png,0,0,False,False,True
train/videos/2017-08-30_15-42-59/2017-08-30_15-42-59.mp4-bee_id_9298-7800-1.png,0,0,False,False,True
train/videos/2017-08-30_15-42-59/2017-08-30_15-42-59.mp4-bee_id_9299-7845-1.png,0,0,False,False,True
train/videos/2017-08-30_15-42-59/2017-08-30_15-42-59.mp4-bee_id_9300-7905-1.png,0,0,False,False,True
train/videos/2017-08-30_15-42-59/2017-08-30_15-42-59.mp4-bee_id_9301-8010-1.png,0,0,False,False,True
train/videos/2017-08-30_15-42-59/2017-08-30_15-42-59.mp4-bee_id_9302-8055-1.png,0,0,False,False,True
train/videos/2017-08-30_15-42-59/2017-08-30_15-42-59.mp4-bee_id_9303-8055-1.png,0,1,False,False,True
train/videos/2017-08-30_15-42-59/2017-08-30_15-42-59.mp4-bee_id_9304-8070-1.png,0,0,False,False,True
train/videos/2017-08-30_15-42-59/2017-08-30_15-42-59.mp4-bee_id_9305-8190-1.png,0,0,False,False,True
train/videos/2017-08-30_15-42-59/2017-08-30_15-42-59.mp4-bee_id_9306-8205-1.png,0,0,False,False,True
train/videos/2017-08-30_15-42-59/2017-08-30_15-42-59.mp4-bee_id_9307-8220-1.png,1,0,True,False,True
train/videos/2017-08-30_15-42-59/2017-08-30_15-42-59.mp4-bee_id_9309-8340-1.png,0,0,False,False,True
train/videos/2017-08-30_15-42-59/2017-08-30_15-42-59.mp4-bee_id_9310-8385-1.png,1,1,True,True,True
train/videos/2017-08-30_15-42-59/2017-08-30_15-42-59.mp4-bee_id_9311-8400-1.png,1,0,True,False,True
train/videos/2017-08-30_15-42-59/2017-08-30_15-42-59.mp4-bee_id_9313-8460-1.png,0,0,False,False,True
train/videos/2017-08-30_15-42-59/2017-08-30_15-42-59.mp4-bee_id_9314-8475-1.png,0,0,False,False,True
train/videos/2017-08-30_15-42-59/2017-08-30_15-42-59.mp4-bee_id_9315-8490-1.png,1,1,True,True,True
train/videos/2017-08-30_15-42-59/2017-08-30_15-42-59.mp4-bee_id_9316-8535-1.png,0,0,False,False,True
train/videos/2017-08-30_15-42-59/2017-08-30_15-42-59.mp4-bee_id_9317-8550-1.png,1,0,True,False,True
train/videos/2017-08-30_15-42-59/2017-08-30_15-42-59.mp4-bee_id_9318-8565-1.png,1,1,True,True,True
train/videos/2017-08-30_15-42-59/2017-08-30_15-42-59.mp4-bee_id_9319-8580-1.png,1,0,True,False,True
train/videos/2017-08-30_15-42-59/2017-08-30_15-42-59.mp4-bee_id_9320-8580-1.png,0,0,False,False,True
train/videos/2017-08-30_15-42-59/2017-08-30_15-42-59.mp4-bee_id_9321-8685-1.png,0,0,False,False,True
train/videos/2017-08-30_15-42-59/2017-08-30_15-42-59.mp4-bee_id_9322-8700-1.png,0,0,False,False,True
train/videos/2017-08-30_15-42-59/2017-08-30_15-42-59.mp4-bee_id_9323-8745-1.png,0,0,False,False,True
train/videos/2017-08-30_15-42-59/2017-08-30_15-42-59.mp4-bee_id_9324-8790-1.png,0,2,False,False,True
train/videos/2017-08-30_15-42-59/2017-08-30_15-42-59.mp4-bee_id_9325-8865-1.png,0,0,False,False,True
train/videos/2017-08-30_15-42-59/2017-08-30_15-42-59.mp4-bee_id_9326-8880-1.png,1,0,True,False,True
train/videos/2017-08-30_15-42-59/2017-08-30_15-42-59.mp4-bee_id_9327-8925-1.png,0,0,False,False,True
train/videos/2017-08-30_15-42-59/2017-08-30_15-42-59.mp4-bee_id_9328-9045-1.png,0,0,False,False,True
train/videos/2017-08-30_15-42-59/2017-08-30_15-42-59.mp4-bee_id_9329-9045-1.png,0,0,False,False,True
train/videos/2017-08-30_15-42-59/2017-08-30_15-42-59.mp4-bee_id_9330-9060-1.png,0,0,False,False,True
train/videos/2017-08-30_15-42-59/2017-08-30_15-42-59.mp4-bee_id_9331-9165-1.png,1,0,True,False,True
train/videos/2017-08-30_15-42-59/2017-08-30_15-42-59.mp4-bee_id_9332-9180-1.png,0,0,False,False,True
train/videos/2017-08-30_15-42-59/2017-08-30_15-42-59.mp4-bee_id_9333-9195-1.png,0,0,False,False,True
train/videos/2017-08-30_15-42-59/2017-08-30_15-42-59.mp4-bee_id_9334-9300-1.png,0,0,False,False,True
train/videos/2017-08-30_15-42-59/2017-08-30_15-42-59.mp4-bee_id_9335-10275-1.png,0,1,False,False,True
train/videos/2017-08-30_15-42-59/2017-08-30_15-42-59.mp4-bee_id_9336-10395-1.png,0,0,False,False,True
train/videos/2017-08-30_15-42-59/2017-08-30_15-42-59.mp4-bee_id_9337-10455-1.png,0,0,False,False,True
train/videos/2017-08-30_15-42-59/2017-08-30_15-42-59.mp4-bee_id_9338-10755-1.png,0,1,False,False,True
train/videos/2017-08-30_15-42-59/2017-08-30_15-42-59.mp4-bee_id_9339-11085-1.png,0,0,False,False,True
train/videos/2017-08-30_15-42-59/2017-08-30_15-42-59.mp4-bee_id_9340-11400-1.png,0,0,False,False,True
train/videos/2017-08-30_15-42-59/2017-08-30_15-42-59.mp4-bee_id_9341-11610-1.png,0,1,False,False,True
train/videos/2017-08-30_15-42-59/2017-08-30_15-42-59.mp4-bee_id_9342-11670-1.png,1,2,True,True,True
train/videos/2017-08-30_15-42-59/2017-08-30_15-42-59.mp4-bee_id_9343-11700-1.png,0,0,False,False,True
train/videos/2017-08-30_15-42-59/2017-08-30_15-42-59.mp4-bee_id_9344-11760-1.png,0,0,False,False,True
train/videos/2017-08-30_15-42-59/2017-08-30_15-42-59.mp4-bee_id_9345-11805-1.png,0,0,False,False,True
train/videos/2017-08-30_15-42-59/2017-08-30_15-42-59.mp4-bee_id_9346-11820-1.png,0,2,False,False,True
train/videos/2017-08-30_15-42-59/2017-08-30_15-42-59.mp4-bee_id_9347-11880-1.png,0,0,False,False,True
train/videos/2017-08-30_15-42-59/2017-08-30_15-42-59.mp4-bee_id_9348-12135-1.png,0,0,False,False,True
train/videos/2017-08-30_15-42-59/2017-08-30_15-42-59.mp4-bee_id_9349-12735-1.png,0,0,False,False,True
train/videos/2017-08-30_15-42-59/2017-08-30_15-42-59.mp4-bee_id_9350-12750-1.png,0,0,False,False,True
train/videos/2017-08-30_15-42-59/2017-08-30_15-42-59.mp4-bee_id_9351-12765-1.png,0,0,False,False,True
train/videos/2017-08-30_15-42-59/2017-08-30_15-42-59.mp4-bee_id_9352-12780-1.png,0,0,False,False,True
train/videos/2017-08-30_15-42-59/2017-08-30_15-42-59.mp4-bee_id_9353-12795-1.png,0,1,False,False,True
train/videos/2017-08-30_15-42-59/2017-08-30_15-42-59.mp4-bee_id_9354-12825-1.png,0,0,False,False,True
train/videos/2017-08-30_15-42-59/2017-08-30_15-42-59.mp4-bee_id_9355-12945-1.png,1,1,True,True,True
train/videos/2017-08-30_15-42-59/2017-08-30_15-42-59.mp4-bee_id_9356-12990-1.png,0,0,False,False,True
train/videos/2017-08-30_15-42-59/2017-08-30_15-42-59.mp4-bee_id_9357-13065-1.png,0,0,False,False,True
train/videos/2017-08-30_15-42-59/2017-08-30_15-42-59.mp4-bee_id_9358-13080-1.png,0,0,False,False,True
train/videos/2017-08-30_15-42-59/2017-08-30_15-42-59.mp4-bee_id_9359-13680-1.png,0,0,False,False,True
train/videos/2017-08-30_15-42-59/2017-08-30_15-42-59.mp4-bee_id_9360-13695-1.png,0,0,False,False,True
train/videos/2017-08-30_15-42-59/2017-08-30_15-42-59.mp4-bee_id_9361-14355-1.png,0,0,False,False,True
train/videos/2017-08-30_15-42-59/2017-08-30_15-42-59.mp4-bee_id_9362-14475-1.png,1,1,True,True,True
train/videos/2017-08-30_15-42-59/2017-08-30_15-42-59.mp4-bee_id_9363-14835-1.png,0,0,False,False,True
train/videos/2017-08-30_15-42-59/2017-08-30_15-42-59.mp4-bee_id_9364-14850-1.png,0,0,False,False,True
train/videos/2017-08-30_15-42-59/2017-08-30_15-42-59.mp4-bee_id_9365-14880-1.png,0,0,False,False,True
train/videos/2017-08-30_15-42-59/2017-08-30_15-42-59.mp4-bee_id_9366-14895-1.png,0,0,False,False,True
train/videos/2017-08-30_15-42-59/2017-08-30_15-42-59.mp4-bee_id_9367-14955-1.png,1,1,True,True,True
train/videos/2017-08-30_15-42-59/2017-08-30_15-42-59.mp4-bee_id_9368-14970-1.png,0,0,False,False,True
train/videos/2017-08-30_15-42-59/2017-08-30_15-42-59.mp4-bee_id_9369-15030-1.png,0,0,False,False,True
train/videos/2017-08-30_15-42-59/2017-08-30_15-42-59.mp4-bee_id_9370-15135-1.png,1,1,True,True,True
train/videos/2017-08-30_15-42-59/2017-08-30_15-42-59.mp4-bee_id_9371-15150-1.png,1,1,True,True,True
train/videos/2017-08-30_15-42-59/2017-08-30_15-42-59.mp4-bee_id_9372-15165-1.png,1,1,True,True,True
train/videos/2017-08-30_15-42-59/2017-08-30_15-42-59.mp4-bee_id_9373-15270-1.png,0,0,False,False,True
train/videos/2017-08-30_15-42-59/2017-08-30_15-42-59.mp4-bee_id_9374-15330-1.png,0,0,False,False,True
train/videos/2017-08-30_15-42-59/2017-08-30_15-42-59.mp4-bee_id_9375-15510-1.png,0,1,False,False,True
train/videos/2017-08-30_15-42-59/2017-08-30_15-42-59.mp4-bee_id_9376-15525-1.png,0,0,False,False,True
train/videos/2017-08-30_15-42-59/2017-08-30_15-42-59.mp4-bee_id_9377-15585-1.png,0,0,False,False,True
train/videos/2017-08-30_15-42-59/2017-08-30_15-42-59.mp4-bee_id_9378-15600-1.png,0,1,False,False,True
train/videos/2017-08-30_15-42-59/2017-08-30_15-42-59.mp4-bee_id_9379-15690-1.png,0,0,False,False,True
train/videos/2017-08-30_15-42-59/2017-08-30_15-42-59.mp4-bee_id_9380-15825-1.png,1,0,True,False,True
train/videos/2017-08-30_15-42-59/2017-08-30_15-42-59.mp4-bee_id_9382-15855-1.png,0,1,False,False,True
train/videos/2017-08-30_15-42-59/2017-08-30_15-42-59.mp4-bee_id_9383-15855-1.png,0,0,False,False,True
train/videos/2017-08-30_15-42-59/2017-08-30_15-42-59.mp4-bee_id_9384-16035-1.png,0,0,False,False,True
train/videos/2017-08-30_15-42-59/2017-08-30_15-42-59.mp4-bee_id_9385-16200-1.png,1,1,True,True,True
train/videos/2017-08-30_15-42-59/2017-08-30_15-42-59.mp4-bee_id_9386-16200-1.png,0,0,False,False,True
train/videos/2017-08-30_15-42-59/2017-08-30_15-42-59.mp4-bee_id_9387-16260-1.png,0,0,False,False,True
train/videos/2017-08-30_15-42-59/2017-08-30_15-42-59.mp4-bee_id_9388-16320-1.png,0,0,False,False,True
train/videos/2017-08-30_15-42-59/2017-08-30_15-42-59.mp4-bee_id_9389-16335-1.png,0,0,False,False,True
train/videos/2017-08-30_15-42-59/2017-08-30_15-42-59.mp4-bee_id_9390-16605-1.png,0,1,False,False,True
train/videos/2017-08-30_15-42-59/2017-08-30_15-42-59.mp4-bee_id_9391-16680-1.png,0,0,False,False,True
train/videos/2017-08-30_15-42-59/2017-08-30_15-42-59.mp4-bee_id_9392-16680-1.png,0,1,False,False,True
train/videos/2017-08-30_15-42-59/2017-08-30_15-42-59.mp4-bee_id_9393-16695-1.png,0,0,False,False,True
train/videos/2017-08-30_15-42-59/2017-08-30_15-42-59.mp4-bee_id_9394-16800-1.png,0,0,False,False,True
train/videos/2017-08-30_15-42-59/2017-08-30_15-42-59.mp4-bee_id_9395-16815-1.png,0,0,False,False,True
train/videos/2017-08-30_15-42-59/2017-08-30_15-42-59.mp4-bee_id_9396-17100-1.png,0,0,False,False,True
train/videos/2017-08-30_15-42-59/2017-08-30_15-42-59.mp4-bee_id_9397-17385-1.png,0,1,False,False,True
train/videos/2017-08-30_15-42-59/2017-08-30_15-42-59.mp4-bee_id_9399-17520-1.png,0,2,False,False,True
train/videos/2017-08-30_15-42-59/2017-08-30_15-42-59.mp4-bee_id_9400-17550-1.png,0,2,False,False,True
train/videos/2017-08-30_15-42-59/2017-08-30_15-42-59.mp4-bee_id_9401-17640-1.png,0,0,False,False,True
train/videos/2017-08-30_15-42-59/2017-08-30_15-42-59.mp4-bee_id_9402-17685-1.png,1,0,True,False,True
train/videos/2017-08-30_15-42-59/2017-08-30_15-42-59.mp4-bee_id_9403-17745-1.png,1,0,True,False,True
train/videos/2017-08-30_15-42-59/2017-08-30_15-42-59.mp4-bee_id_9404-17775-1.png,1,1,True,False,True
train/videos/2017-08-30_15-42-59/2017-08-30_15-42-59.mp4-bee_id_9405-17790-1.png,1,0,True,False,True
train/videos/2017-08-30_15-42-59/2017-08-30_15-42-59.mp4-bee_id_9406-17865-1.png,0,0,False,False,True
train/videos/2017-08-30_15-42-59/2017-08-30_15-42-59.mp4-bee_id_9407-17940-1.png,0,0,False,False,True
train/videos/2017-08-30_15-42-59/2017-08-30_15-42-59.mp4-bee_id_9409-17970-1.png,0,0,False,False,True
train/videos/2017-08-30_15-42-59/2017-08-30_15-42-59.mp4-bee_id_9410-17985-1.png,0,0,False,False,True
train/videos/2017-08-30_15-42-59/2017-08-30_15-42-59.mp4-bee_id_9411-18090-1.png,1,0,True,False,True
train/videos/2017-08-30_15-42-59/2017-08-30_15-42-59.mp4-bee_id_9414-18330-1.png,0,0,False,False,True
train/videos/2017-08-30_15-42-59/2017-08-30_15-42-59.mp4-bee_id_9416-18420-1.png,0,0,False,False,True
train/videos/2017-08-30_15-42-59/2017-08-30_15-42-59.mp4-bee_id_9417-18435-1.png,0,0,False,False,True
train/videos/2017-08-30_15-42-59/2017-08-30_15-42-59.mp4-bee_id_9418-18600-1.png,0,2,False,False,True
train/videos/2017-08-30_15-42-59/2017-08-30_15-42-59.mp4-bee_id_9419-18615-1.png,0,0,False,False,True
train/videos/2017-08-30_15-42-59/2017-08-30_15-42-59.mp4-bee_id_9420-18810-1.png,0,0,False,False,True
train/videos/2017-08-30_15-42-59/2017-08-30_15-42-59.mp4-bee_id_9421-18900-1.png,0,0,False,False,True
train/videos/2017-08-30_15-42-59/2017-08-30_15-42-59.mp4-bee_id_9422-19125-1.png,0,0,False,False,True
train/videos/2017-08-30_15-42-59/2017-08-30_15-42-59.mp4-bee_id_9423-19545-1.png,0,0,False,False,True
train/videos/2017-08-30_15-42-59/2017-08-30_15-42-59.mp4-bee_id_9424-19800-1.png,0,1,False,False,True
train/videos/2017-08-30_15-42-59/2017-08-30_15-42-59.mp4-bee_id_9425-19920-1.png,0,0,False,False,True
train/videos/2017-08-30_15-42-59/2017-08-30_15-42-59.mp4-bee_id_9426-20010-1.png,0,0,False,False,True
train/videos/2017-08-30_15-42-59/2017-08-30_15-42-59.mp4-bee_id_9428-20190-1.png,0,0,False,False,True
train/videos/2017-08-30_15-42-59/2017-08-30_15-42-59.mp4-bee_id_9429-20220-1.png,0,1,False,False,True
train/videos/2017-08-30_15-42-59/2017-08-30_15-42-59.mp4-bee_id_9430-21510-1.png,0,0,False,False,True
train/videos/2017-08-30_15-42-59/2017-08-30_15-42-59.mp4-bee_id_9433-22665-1.png,1,0,True,False,True
train/videos/2017-08-30_15-42-59/2017-08-30_15-42-59.mp4-bee_id_9434-22785-1.png,1,2,True,True,True
train/videos/2017-08-30_15-42-59/2017-08-30_15-42-59.mp4-bee_id_9435-22875-1.png,1,1,True,False,True
train/videos/2017-08-30_15-42-59/2017-08-30_15-42-59.mp4-bee_id_9436-22890-1.png,0,0,False,False,True
train/videos/2017-08-30_15-42-59/2017-08-30_15-42-59.mp4-bee_id_9437-22905-1.png,0,1,False,False,True
train/videos/2017-08-30_15-42-59/2017-08-30_15-42-59.mp4-bee_id_9438-23040-1.png,0,2,False,False,True
train/videos/2017-08-30_15-42-59/2017-08-30_15-42-59.mp4-bee_id_9441-23145-1.png,0,0,False,False,True
train/videos/2017-08-30_15-42-59/2017-08-30_15-42-59.mp4-bee_id_9442-23295-1.png,0,2,False,False,True
train/videos/2017-08-30_15-42-59/2017-08-30_15-42-59.mp4-bee_id_9443-23445-1.png,0,0,False,False,True
train/videos/2017-08-30_15-42-59/2017-08-30_15-42-59.mp4-bee_id_9444-23460-1.png,0,1,False,False,True
train/videos/2017-08-30_15-42-59/2017-08-30_15-42-59.mp4-bee_id_9445-23475-1.png,0,0,False,False,True
train/videos/2017-08-30_15-42-59/2017-08-30_15-42-59.mp4-bee_id_9446-23550-1.png,0,0,False,False,True
train/videos/2017-08-30_15-42-59/2017-08-30_15-42-59.mp4-bee_id_9447-23565-1.png,0,0,False,False,True
train/videos/2017-08-30_15-42-59/2017-08-30_15-42-59.mp4-bee_id_9448-23625-1.png,0,0,False,False,True
train/videos/2017-08-30_15-42-59/2017-08-30_15-42-59.mp4-bee_id_9449-23670-1.png,0,0,False,False,True
train/videos/2017-08-30_15-42-59/2017-08-30_15-42-59.mp4-bee_id_9450-23685-1.png,0,0,False,False,True
train/videos/2017-08-30_15-42-59/2017-08-30_15-42-59.mp4-bee_id_9451-23760-1.png,0,0,False,False,True
train/videos/2017-08-30_15-42-59/2017-08-30_15-42-59.mp4-bee_id_9452-23820-1.png,0,0,False,False,True
train/videos/2017-08-30_15-42-59/2017-08-30_15-42-59.mp4-bee_id_9453-23865-1.png,0,0,False,False,True
train/videos/2017-08-30_15-42-59/2017-08-30_15-42-59.mp4-bee_id_9454-23880-1.png,0,0,False,False,True
train/videos/2017-08-30_15-42-59/2017-08-30_15-42-59.mp4-bee_id_9455-23895-1.png,0,1,False,False,True
train/videos/2017-08-30_15-42-59/2017-08-30_15-42-59.mp4-bee_id_9456-24165-1.png,0,0,False,False,True
train/videos/2017-08-30_15-42-59/2017-08-30_15-42-59.mp4-bee_id_9457-24420-1.png,0,0,False,False,True
train/videos/2017-08-30_15-42-59/2017-08-30_15-42-59.mp4-bee_id_9458-24435-1.png,1,0,True,False,True
train/videos/2017-08-30_15-42-59/2017-08-30_15-42-59.mp4-bee_id_9459-24450-1.png,1,1,True,True,True
train/videos/2017-08-30_15-42-59/2017-08-30_15-42-59.mp4-bee_id_9460-24660-1.png,1,0,True,False,True
train/videos/2017-08-30_15-42-59/2017-08-30_15-42-59.mp4-bee_id_9461-24675-1.png,1,0,True,False,True
train/videos/2017-08-30_15-42-59/2017-08-30_15-42-59.mp4-bee_id_9462-24855-1.png,1,0,True,False,True
train/videos/2017-08-30_15-42-59/2017-08-30_15-42-59.mp4-bee_id_9463-24885-1.png,0,0,False,False,True
train/videos/2017-08-30_15-42-59/2017-08-30_15-42-59.mp4-bee_id_9464-24960-1.png,0,1,False,False,True
train/videos/2017-08-30_15-42-59/2017-08-30_15-42-59.mp4-bee_id_9465-24960-1.png,1,0,True,False,True
train/videos/2017-08-30_15-42-59/2017-08-30_15-42-59.mp4-bee_id_9466-25005-1.png,1,0,True,False,True
train/videos/2017-08-30_15-42-59/2017-08-30_15-42-59.mp4-bee_id_9467-25110-1.png,0,2,False,False,True
train/videos/2017-08-30_15-42-59/2017-08-30_15-42-59.mp4-bee_id_9468-25170-1.png,0,0,False,False,True
train/videos/2017-08-30_15-42-59/2017-08-30_15-42-59.mp4-bee_id_9469-25185-1.png,0,0,False,False,True
train/videos/2017-08-30_15-42-59/2017-08-30_15-42-59.mp4-bee_id_9470-25215-1.png,0,1,False,False,True
train/videos/2017-08-30_15-42-59/2017-08-30_15-42-59.mp4-bee_id_9471-25290-1.png,0,1,False,False,True
train/videos/2017-08-30_15-42-59/2017-08-30_15-42-59.mp4-bee_id_9472-25290-1.png,0,0,False,False,True
train/videos/2017-08-30_15-42-59/2017-08-30_15-42-59.mp4-bee_id_9473-25320-1.png,0,1,False,False,True
train/videos/2017-08-30_15-42-59/2017-08-30_15-42-59.mp4-bee_id_9474-25650-1.png,0,0,False,False,True
train/videos/2017-08-30_15-42-59/2017-08-30_15-42-59.mp4-bee_id_9475-25740-1.png,0,0,False,False,True
train/videos/2017-08-30_15-42-59/2017-08-30_15-42-59.mp4-bee_id_9476-25785-1.png,0,1,False,False,True
train/videos/2017-08-30_15-42-59/2017-08-30_15-42-59.mp4-bee_id_9477-25950-1.png,0,0,False,False,True
train/videos/2017-08-30_15-42-59/2017-08-30_15-42-59.mp4-bee_id_9478-26295-1.png,0,0,False,False,True
train/videos/2017-08-30_15-42-59/2017-08-30_15-42-59.mp4-bee_id_9479-26355-1.png,0,0,False,False,True
train/videos/2017-08-30_15-42-59/2017-08-30_15-42-59.mp4-bee_id_9480-26355-1.png,0,0,False,False,True
train/videos/2017-08-30_15-42-59/2017-08-30_15-42-59.mp4-bee_id_9481-26475-1.png,0,0,False,False,True
train/videos/2017-08-30_15-42-59/2017-08-30_15-42-59.mp4-bee_id_9482-26505-1.png,0,0,False,False,True
train/videos/2017-08-30_15-42-59/2017-08-30_15-42-59.mp4-bee_id_9483-26655-1.png,0,0,False,False,True
train/videos/2017-08-30_15-42-59/2017-08-30_15-42-59.mp4-bee_id_9484-26805-1.png,0,0,False,False,True
train/videos/2017-08-30_15-42-59/2017-08-30_15-42-59.mp4-bee_id_9485-26865-1.png,1,1,True,True,True
train/videos/2017-08-30_15-42-59/2017-08-30_15-42-59.mp4-bee_id_9486-26940-1.png,0,2,False,False,True
train/videos/2017-08-30_15-42-59/2017-08-30_15-42-59.mp4-bee_id_9487-27060-1.png,0,2,False,False,True
train/videos/2017-08-30_15-42-59/2017-08-30_15-42-59.mp4-bee_id_9488-27495-1.png,0,2,False,False,True
train/videos/2017-08-30_15-42-59/2017-08-30_15-42-59.mp4-bee_id_9489-27780-1.png,0,0,False,False,True
train/videos/2017-08-30_15-42-59/2017-08-30_15-42-59.mp4-bee_id_9490-28050-1.png,0,0,False,False,True
train/videos/2017-08-30_15-42-59/2017-08-30_15-42-59.mp4-bee_id_9491-28050-1.png,0,0,False,False,True
train/videos/2017-08-30_15-42-59/2017-08-30_15-42-59.mp4-bee_id_9492-28095-1.png,0,1,False,False,True
train/videos/2017-08-30_15-42-59/2017-08-30_15-42-59.mp4-bee_id_9493-28110-1.png,0,3,False,False,True
train/videos/2017-08-30_15-42-59/2017-08-30_15-42-59.mp4-bee_id_9494-28305-1.png,0,0,False,False,True
train/videos/2017-08-30_15-42-59/2017-08-30_15-42-59.mp4-bee_id_9495-28815-1.png,0,2,False,False,True
train/videos/2017-08-30_15-42-59/2017-08-30_15-42-59.mp4-bee_id_9496-28815-1.png,0,1,False,False,True
train/videos/2017-08-30_15-42-59/2017-08-30_15-42-59.mp4-bee_id_9497-28815-1.png,0,2,False,False,True
train/videos/2017-08-30_15-42-59/2017-08-30_15-42-59.mp4-bee_id_9498-28980-1.png,0,0,False,False,True
train/videos/2017-08-30_15-42-59/2017-08-30_15-42-59.mp4-bee_id_9499-29010-1.png,0,0,False,False,True
train/videos/2017-08-30_15-42-59/2017-08-30_15-42-59.mp4-bee_id_9500-29130-1.png,0,0,False,False,True
train/videos/2017-08-30_15-42-59/2017-08-30_15-42-59.mp4-bee_id_9501-29130-1.png,0,0,False,False,True
train/videos/2017-08-30_15-42-59/2017-08-30_15-42-59.mp4-bee_id_9502-29190-1.png,0,0,False,False,True
train/videos/2017-08-30_15-42-59/2017-08-30_15-42-59.mp4-bee_id_9503-29205-1.png,0,0,False,False,True
train/videos/2017-08-30_15-42-59/2017-08-30_15-42-59.mp4-bee_id_9504-29250-1.png,0,0,False,False,True
train/videos/2017-08-30_15-42-59/2017-08-30_15-42-59.mp4-bee_id_9505-29265-1.png,0,1,False,False,True
train/videos/2017-08-30_15-42-59/2017-08-30_15-42-59.mp4-bee_id_9506-29280-1.png,0,1,False,False,True
train/videos/2017-08-30_15-42-59/2017-08-30_15-42-59.mp4-bee_id_9507-29310-1.png,0,0,False,False,True
train/videos/2017-08-30_15-42-59/2017-08-30_15-42-59.mp4-bee_id_9508-29400-1.png,0,0,False,False,True
train/videos/2017-08-30_15-42-59/2017-08-30_15-42-59.mp4-bee_id_9509-29415-1.png,0,1,False,False,True
train/videos/2017-08-30_15-42-59/2017-08-30_15-42-59.mp4-bee_id_9510-29415-1.png,0,0,False,False,True
train/videos/2017-08-30_15-42-59/2017-08-30_15-42-59.mp4-bee_id_9511-29430-1.png,0,1,False,False,True
train/videos/2017-08-30_15-42-59/2017-08-30_15-42-59.mp4-bee_id_9512-29475-1.png,0,2,False,False,True
train/videos/2017-08-30_15-42-59/2017-08-30_15-42-59.mp4-bee_id_9513-29475-1.png,0,0,False,False,True
train/videos/2017-08-30_15-42-59/2017-08-30_15-42-59.mp4-bee_id_9514-29490-1.png,0,0,False,False,True
train/videos/2017-08-30_15-42-59/2017-08-30_15-42-59.mp4-bee_id_9515-29880-1.png,0,1,False,False,True
train/videos/2017-08-30_15-42-59/2017-08-30_15-42-59.mp4-bee_id_9516-29895-1.png,0,1,False,False,True
train/videos/2017-08-30_15-42-59/2017-08-30_15-42-59.mp4-bee_id_9517-29955-1.png,0,0,False,False,True
train/videos/2017-08-30_15-42-59/2017-08-30_15-42-59.mp4-bee_id_9518-30075-1.png,0,0,False,False,True
train/videos/2017-08-30_15-42-59/2017-08-30_15-42-59.mp4-bee_id_9519-30090-1.png,0,0,False,False,True
train/videos/2017-08-30_15-42-59/2017-08-30_15-42-59.mp4-bee_id_9520-30345-1.png,1,1,True,False,True
train/videos/2017-08-30_15-42-59/2017-08-30_15-42-59.mp4-bee_id_9521-30360-1.png,1,0,True,False,True
train/videos/2017-08-30_15-42-59/2017-08-30_15-42-59.mp4-bee_id_9522-30435-1.png,1,0,True,False,True
train/videos/2017-08-30_15-42-59/2017-08-30_15-42-59.mp4-bee_id_9523-30480-1.png,1,0,True,False,True
train/videos/2017-08-30_15-42-59/2017-08-30_15-42-59.mp4-bee_id_9524-30525-1.png,1,2,True,True,True
train/videos/2017-08-30_15-42-59/2017-08-30_15-42-59.mp4-bee_id_9525-30540-1.png,1,2,True,True,True
train/videos/2017-08-30_15-42-59/2017-08-30_15-42-59.mp4-bee_id_9526-30615-1.png,0,0,False,False,True
train/videos/2017-08-30_15-42-59/2017-08-30_15-42-59.mp4-bee_id_9527-30630-1.png,0,0,False,False,True
train/videos/2017-08-30_15-42-59/2017-08-30_15-42-59.mp4-bee_id_9528-30735-1.png,0,1,False,False,True
train/videos/2017-08-30_15-42-59/2017-08-30_15-42-59.mp4-bee_id_9529-30750-1.png,0,0,False,False,True
train/videos/2017-08-30_15-42-59/2017-08-30_15-42-59.mp4-bee_id_9530-30885-1.png,0,0,False,False,True
train/videos/2017-08-30_15-42-59/2017-08-30_15-42-59.mp4-bee_id_9531-30975-1.png,0,1,False,False,True
train/videos/2017-08-30_15-42-59/2017-08-30_15-42-59.mp4-bee_id_9532-30990-1.png,0,0,False,False,True
train/videos/2017-08-30_15-42-59/2017-08-30_15-42-59.mp4-bee_id_9533-31005-1.png,0,0,False,False,True
train/videos/2017-08-30_15-42-59/2017-08-30_15-42-59.mp4-bee_id_9534-31020-1.png,0,0,False,False,True
train/videos/2017-08-30_15-42-59/2017-08-30_15-42-59.mp4-bee_id_9535-31050-1.png,0,1,False,False,True
train/videos/2017-08-30_15-42-59/2017-08-30_15-42-59.mp4-bee_id_9536-31095-1.png,0,0,False,False,True
train/videos/2017-08-30_15-42-59/2017-08-30_15-42-59.mp4-bee_id_9537-31170-1.png,0,1,False,False,True
train/videos/2017-08-30_15-42-59/2017-08-30_15-42-59.mp4-bee_id_9538-31200-1.png,0,0,False,False,True
train/videos/2017-08-30_15-42-59/2017-08-30_15-42-59.mp4-bee_id_9539-31290-1.png,0,2,False,False,True
train/videos/2017-08-30_15-42-59/2017-08-30_15-42-59.mp4-bee_id_9540-31425-1.png,0,0,False,False,True
train/videos/2017-08-30_15-42-59/2017-08-30_15-42-59.mp4-bee_id_9541-31620-1.png,0,0,False,False,True
train/videos/2017-08-30_15-42-59/2017-08-30_15-42-59.mp4-bee_id_9542-31635-1.png,0,0,False,False,True
train/videos/2017-08-30_15-42-59/2017-08-30_15-42-59.mp4-bee_id_9543-31650-1.png,0,1,False,False,True
train/videos/2017-08-30_15-42-59/2017-08-30_15-42-59.mp4-bee_id_9544-31665-1.png,0,0,False,False,True
train/videos/2017-08-30_15-42-59/2017-08-30_15-42-59.mp4-bee_id_9545-31695-1.png,0,0,False,False,True
train/videos/2017-08-30_15-42-59/2017-08-30_15-42-59.mp4-bee_id_9546-31710-1.png,0,1,False,False,True
train/videos/2017-08-30_15-42-59/2017-08-30_15-42-59.mp4-bee_id_9547-31740-1.png,0,0,False,False,True
train/videos/2017-08-30_15-42-59/2017-08-30_15-42-59.mp4-bee_id_9548-31755-1.png,0,0,False,False,True
train/videos/2017-08-30_15-42-59/2017-08-30_15-42-59.mp4-bee_id_9549-31875-1.png,0,0,False,False,True
train/videos/2017-08-30_15-42-59/2017-08-30_15-42-59.mp4-bee_id_9550-31890-1.png,0,0,False,False,True
train/videos/2017-08-30_15-42-59/2017-08-30_15-42-59.mp4-bee_id_9551-31905-1.png,0,0,False,False,True
train/videos/2017-08-30_15-42-59/2017-08-30_15-42-59.mp4-bee_id_9552-31920-1.png,0,0,False,False,True
train/videos/2017-08-30_15-42-59/2017-08-30_15-42-59.mp4-bee_id_9553-31935-1.png,0,0,False,False,True
train/videos/2017-08-30_15-42-59/2017-08-30_15-42-59.mp4-bee_id_9554-31965-1.png,0,2,False,False,True
train/videos/2017-08-30_15-42-59/2017-08-30_15-42-59.mp4-bee_id_9555-31980-1.png,0,0,False,False,True
train/videos/2017-08-30_15-42-59/2017-08-30_15-42-59.mp4-bee_id_9556-31995-1.png,0,0,False,False,True
train/videos/2017-08-30_15-42-59/2017-08-30_15-42-59.mp4-bee_id_9557-32010-1.png,0,0,False,False,True
train/videos/2017-08-30_15-42-59/2017-08-30_15-42-59.mp4-bee_id_9558-32055-1.png,0,0,False,False,True
train/videos/2017-08-30_15-42-59/2017-08-30_15-42-59.mp4-bee_id_9559-32115-1.png,0,0,False,False,True
train/videos/2017-08-30_15-42-59/2017-08-30_15-42-59.mp4-bee_id_9560-32130-1.png,0,0,False,False,True
train/videos/2017-08-30_15-42-59/2017-08-30_15-42-59.mp4-bee_id_9561-32145-1.png,0,0,False,False,True
train/videos/2017-08-30_15-42-59/2017-08-30_15-42-59.mp4-bee_id_9562-32205-1.png,0,0,False,False,True
train/videos/2017-08-30_15-42-59/2017-08-30_15-42-59.mp4-bee_id_9563-32370-1.png,0,0,False,False,True
train/videos/2017-08-30_15-42-59/2017-08-30_15-42-59.mp4-bee_id_9564-32400-1.png,0,0,False,False,True
train/videos/2017-08-30_15-42-59/2017-08-30_15-42-59.mp4-bee_id_9565-32415-1.png,0,0,False,False,True
train/videos/2017-08-30_15-42-59/2017-08-30_15-42-59.mp4-bee_id_9566-32475-1.png,0,2,False,False,True
train/videos/2017-08-30_15-42-59/2017-08-30_15-42-59.mp4-bee_id_9567-32490-1.png,0,0,False,False,True
train/videos/2017-08-30_15-42-59/2017-08-30_15-42-59.mp4-bee_id_9568-32805-1.png,1,1,True,False,True
train/videos/2017-08-30_15-42-59/2017-08-30_15-42-59.mp4-bee_id_9569-32820-1.png,1,0,True,False,True
train/videos/2017-08-30_15-42-59/2017-08-30_15-42-59.mp4-bee_id_9570-32850-1.png,1,0,True,False,True
train/videos/2017-08-30_15-42-59/2017-08-30_15-42-59.mp4-bee_id_9571-32910-1.png,0,1,False,False,True
train/videos/2017-08-30_15-42-59/2017-08-30_15-42-59.mp4-bee_id_9572-32925-1.png,0,0,False,False,True
train/videos/2017-08-30_15-42-59/2017-08-30_15-42-59.mp4-bee_id_9573-32940-1.png,0,0,False,False,True
train/videos/2017-08-30_15-42-59/2017-08-30_15-42-59.mp4-bee_id_9574-33150-1.png,0,2,False,False,True
train/videos/2017-08-30_15-42-59/2017-08-30_15-42-59.mp4-bee_id_9575-33150-1.png,0,2,False,False,True
train/videos/2017-08-30_15-42-59/2017-08-30_15-42-59.mp4-bee_id_9576-33165-1.png,0,0,False,False,True
train/videos/2017-08-30_15-42-59/2017-08-30_15-42-59.mp4-bee_id_9577-33180-1.png,0,3,False,False,True
train/videos/2017-08-30_15-42-59/2017-08-30_15-42-59.mp4-bee_id_9578-33180-1.png,0,0,False,False,True
train/videos/2017-08-30_15-42-59/2017-08-30_15-42-59.mp4-bee_id_9579-33255-1.png,0,0,False,False,True
train/videos/2017-08-30_15-42-59/2017-08-30_15-42-59.mp4-bee_id_9580-33300-1.png,0,0,False,False,True
train/videos/2017-08-30_15-42-59/2017-08-30_15-42-59.mp4-bee_id_9581-33330-1.png,0,2,False,False,True
train/videos/2017-08-30_15-42-59/2017-08-30_15-42-59.mp4-bee_id_9582-33375-1.png,0,2,False,False,True
train/videos/2017-08-30_15-42-59/2017-08-30_15-42-59.mp4-bee_id_9583-33465-1.png,0,0,False,False,True
train/videos/2017-08-30_15-42-59/2017-08-30_15-42-59.mp4-bee_id_9584-33615-1.png,0,0,False,False,True
train/videos/2017-08-30_15-42-59/2017-08-30_15-42-59.mp4-bee_id_9585-33675-1.png,0,0,False,False,True
train/videos/2017-08-30_15-42-59/2017-08-30_15-42-59.mp4-bee_id_9586-33675-1.png,0,1,False,False,True
train/videos/2017-08-30_15-42-59/2017-08-30_15-42-59.mp4-bee_id_9587-33690-1.png,1,0,True,False,True
train/videos/2017-08-30_15-42-59/2017-08-30_15-42-59.mp4-bee_id_9588-33690-1.png,0,0,False,False,True
train/videos/2017-08-30_15-42-59/2017-08-30_15-42-59.mp4-bee_id_9589-33720-1.png,1,1,True,False,True
train/videos/2017-08-30_15-42-59/2017-08-30_15-42-59.mp4-bee_id_9590-33765-1.png,0,0,False,False,True
train/videos/2017-08-30_15-42-59/2017-08-30_15-42-59.mp4-bee_id_9591-33765-1.png,1,0,True,False,True
train/videos/2017-08-30_15-42-59/2017-08-30_15-42-59.mp4-bee_id_9592-33780-1.png,1,0,True,False,True
train/videos/2017-08-30_15-42-59/2017-08-30_15-42-59.mp4-bee_id_9593-33780-1.png,0,1,False,False,True
train/videos/2017-08-30_15-42-59/2017-08-30_15-42-59.mp4-bee_id_9594-33795-1.png,0,0,False,False,True
train/videos/2017-08-30_15-42-59/2017-08-30_15-42-59.mp4-bee_id_9595-33810-1.png,0,0,False,False,True
train/videos/2017-08-30_15-42-59/2017-08-30_15-42-59.mp4-bee_id_9596-33855-1.png,0,0,False,False,True
train/videos/2017-08-30_15-42-59/2017-08-30_15-42-59.mp4-bee_id_9597-33990-1.png,0,1,False,False,True
train/videos/2017-08-30_15-42-59/2017-08-30_15-42-59.mp4-bee_id_9598-34035-1.png,0,0,False,False,True
train/videos/2017-08-30_15-42-59/2017-08-30_15-42-59.mp4-bee_id_9599-34080-1.png,0,1,False,False,True
train/videos/2017-08-30_15-42-59/2017-08-30_15-42-59.mp4-bee_id_9600-34110-1.png,1,2,True,True,True
train/videos/2017-08-30_15-42-59/2017-08-30_15-42-59.mp4-bee_id_9601-34155-1.png,0,0,False,False,True
train/videos/2017-08-30_15-42-59/2017-08-30_15-42-59.mp4-bee_id_9602-34215-1.png,0,0,False,False,True
train/videos/2017-08-30_15-42-59/2017-08-30_15-42-59.mp4-bee_id_9603-34245-1.png,0,0,False,False,True
train/videos/2017-08-30_15-42-59/2017-08-30_15-42-59.mp4-bee_id_9604-34275-1.png,0,0,False,False,True
train/videos/2017-08-30_15-42-59/2017-08-30_15-42-59.mp4-bee_id_9605-34290-1.png,0,1,False,False,True
train/videos/2017-08-30_15-42-59/2017-08-30_15-42-59.mp4-bee_id_9606-34455-1.png,0,0,False,False,True
train/videos/2017-08-30_15-42-59/2017-08-30_15-42-59.mp4-bee_id_9607-34725-1.png,0,0,False,False,True
train/videos/2017-08-30_15-42-59/2017-08-30_15-42-59.mp4-bee_id_9608-34950-1.png,0,0,False,False,True
train/videos/2017-08-30_15-42-59/2017-08-30_15-42-59.mp4-bee_id_9609-35130-1.png,0,0,False,False,True
train/videos/2017-08-30_15-42-59/2017-08-30_15-42-59.mp4-bee_id_9610-35130-1.png,0,2,False,False,True
train/videos/2017-08-30_15-42-59/2017-08-30_15-42-59.mp4-bee_id_9611-35280-1.png,0,0,False,False,True
train/videos/2017-08-30_15-42-59/2017-08-30_15-42-59.mp4-bee_id_9612-35280-1.png,0,0,False,False,True
train/videos/2017-08-30_15-42-59/2017-08-30_15-42-59.mp4-bee_id_9613-35460-1.png,0,2,False,False,True
train/videos/2017-08-30_15-42-59/2017-08-30_15-42-59.mp4-bee_id_9614-35550-1.png,0,0,False,False,True
train/videos/2017-08-30_15-42-59/2017-08-30_15-42-59.mp4-bee_id_9615-35610-1.png,0,0,False,False,True
train/videos/2017-08-30_15-42-59/2017-08-30_15-42-59.mp4-bee_id_9616-35625-1.png,0,0,False,False,True
train/videos/2017-08-30_15-42-59/2017-08-30_15-42-59.mp4-bee_id_9617-35655-1.png,0,1,False,False,True
train/videos/2017-08-30_15-42-59/2017-08-30_15-42-59.mp4-bee_id_9618-35805-1.png,0,0,False,False,True
train/videos/2017-08-30_15-42-59/2017-08-30_15-42-59.mp4-bee_id_9619-35850-1.png,0,1,False,False,True
train/videos/2017-08-30_15-42-59/2017-08-30_15-42-59.mp4-bee_id_9620-35895-1.png,0,0,False,False,True
train/videos/2017-08-30_15-42-59/2017-08-30_15-42-59.mp4-bee_id_9621-35970-1.png,0,0,False,False,True
train/videos/2017-08-30_15-42-59/2017-08-30_15-42-59.mp4-bee_id_9622-36060-1.png,0,3,False,False,True
train/videos/2017-08-30_15-42-59/2017-08-30_15-42-59.mp4-bee_id_9623-36135-1.png,0,0,False,False,True
train/videos/2017-08-30_15-42-59/2017-08-30_15-42-59.mp4-bee_id_9624-36150-1.png,0,0,False,False,True
train/videos/2017-08-30_15-42-59/2017-08-30_15-42-59.mp4-bee_id_9625-36465-1.png,0,0,False,False,True
train/videos/2017-08-30_15-42-59/2017-08-30_15-42-59.mp4-bee_id_9626-36540-1.png,0,0,False,False,True
train/videos/2017-08-30_15-42-59/2017-08-30_15-42-59.mp4-bee_id_9627-36645-1.png,0,0,False,False,True
train/videos/2017-08-30_15-42-59/2017-08-30_15-42-59.mp4-bee_id_9628-36675-1.png,0,1,False,False,True
train/videos/2017-08-30_15-42-59/2017-08-30_15-42-59.mp4-bee_id_9629-36705-1.png,0,0,False,False,True
train/videos/2017-08-30_15-42-59/2017-08-30_15-42-59.mp4-bee_id_9630-36810-1.png,0,1,False,False,True
train/videos/2017-08-30_15-42-59/2017-08-30_15-42-59.mp4-bee_id_9631-36825-1.png,0,0,False,False,True
train/videos/2017-08-30_15-42-59/2017-08-30_15-42-59.mp4-bee_id_9632-36915-1.png,1,0,True,False,True
train/videos/2017-08-30_15-42-59/2017-08-30_15-42-59.mp4-bee_id_9633-36945-1.png,0,0,False,False,True
train/videos/2017-08-30_15-42-59/2017-08-30_15-42-59.mp4-bee_id_9634-37005-1.png,0,0,False,False,True
train/videos/2017-08-30_15-42-59/2017-08-30_15-42-59.mp4-bee_id_9635-37020-1.png,0,0,False,False,True
train/videos/2017-08-30_15-42-59/2017-08-30_15-42-59.mp4-bee_id_9636-37020-1.png,0,0,False,False,True
train/videos/2017-08-30_15-42-59/2017-08-30_15-42-59.mp4-bee_id_9637-37035-1.png,0,0,False,False,True
train/videos/2017-08-30_15-42-59/2017-08-30_15-42-59.mp4-bee_id_9638-37065-1.png,0,1,False,False,True
train/videos/2017-08-30_15-42-59/2017-08-30_15-42-59.mp4-bee_id_9639-37170-1.png,1,0,True,False,True
train/videos/2017-08-30_15-42-59/2017-08-30_15-42-59.mp4-bee_id_9640-37215-1.png,1,0,True,False,True
train/videos/2017-08-30_15-42-59/2017-08-30_15-42-59.mp4-bee_id_9641-37260-1.png,0,0,False,False,True
train/videos/2017-08-30_15-42-59/2017-08-30_15-42-59.mp4-bee_id_9642-37275-1.png,1,0,True,False,True
train/videos/2017-08-30_15-42-59/2017-08-30_15-42-59.mp4-bee_id_9643-37305-1.png,0,0,False,False,True
train/videos/2017-08-30_15-42-59/2017-08-30_15-42-59.mp4-bee_id_9644-37380-1.png,0,0,False,False,True
train/videos/2017-08-30_15-42-59/2017-08-30_15-42-59.mp4-bee_id_9645-37410-1.png,0,0,False,False,True
train/videos/2017-08-30_15-42-59/2017-08-30_15-42-59.mp4-bee_id_9646-37425-1.png,0,0,False,False,True
train/videos/2017-08-30_15-42-59/2017-08-30_15-42-59.mp4-bee_id_9647-37440-1.png,0,3,False,False,True
train/videos/2017-08-30_15-42-59/2017-08-30_15-42-59.mp4-bee_id_9648-37545-1.png,0,2,False,False,True
train/videos/2017-08-30_15-42-59/2017-08-30_15-42-59.mp4-bee_id_9649-37605-1.png,0,0,False,False,True
train/videos/2017-08-30_15-42-59/2017-08-30_15-42-59.mp4-bee_id_9650-37620-1.png,0,0,False,False,True
train/videos/2017-08-30_15-42-59/2017-08-30_15-42-59.mp4-bee_id_9651-37650-1.png,0,1,False,False,True
train/videos/2017-08-30_15-42-59/2017-08-30_15-42-59.mp4-bee_id_9652-37665-1.png,0,0,False,False,True
train/videos/2017-08-30_15-42-59/2017-08-30_15-42-59.mp4-bee_id_9653-37785-1.png,0,1,False,False,True
train/videos/2017-08-30_15-42-59/2017-08-30_15-42-59.mp4-bee_id_9654-37875-1.png,0,0,False,False,True
train/videos/2017-08-30_15-42-59/2017-08-30_15-42-59.mp4-bee_id_9655-38010-1.png,0,0,False,False,True
train/videos/2017-08-30_15-42-59/2017-08-30_15-42-59.mp4-bee_id_9656-38040-1.png,0,1,False,False,True
train/videos/2017-08-30_15-42-59/2017-08-30_15-42-59.mp4-bee_id_9657-38115-1.png,0,0,False,False,True
train/videos/2017-08-30_15-42-59/2017-08-30_15-42-59.mp4-bee_id_9658-38145-1.png,0,0,False,False,True
train/videos/2017-08-30_15-42-59/2017-08-30_15-42-59.mp4-bee_id_9659-38190-1.png,1,1,True,False,True
train/videos/2017-08-30_15-42-59/2017-08-30_15-42-59.mp4-bee_id_9660-38280-1.png,0,0,False,False,True
train/videos/2017-08-30_15-42-59/2017-08-30_15-42-59.mp4-bee_id_9661-38310-1.png,1,2,True,True,True
train/videos/2017-08-30_15-42-59/2017-08-30_15-42-59.mp4-bee_id_9662-38325-1.png,1,0,True,False,True
train/videos/2017-08-30_15-42-59/2017-08-30_15-42-59.mp4-bee_id_9663-38340-1.png,1,0,True,False,True
train/videos/2017-08-30_15-42-59/2017-08-30_15-42-59.mp4-bee_id_9664-38355-1.png,0,2,False,False,True
train/videos/2017-08-30_15-42-59/2017-08-30_15-42-59.mp4-bee_id_9665-38550-1.png,0,1,False,False,True
train/videos/2017-08-30_15-42-59/2017-08-30_15-42-59.mp4-bee_id_9666-38655-1.png,0,0,False,False,True
train/videos/2017-08-30_15-42-59/2017-08-30_15-42-59.mp4-bee_id_9667-38670-1.png,1,1,True,False,True
train/videos/2017-08-30_15-42-59/2017-08-30_15-42-59.mp4-bee_id_9668-38715-1.png,1,0,True,False,True
train/videos/2017-08-30_15-42-59/2017-08-30_15-42-59.mp4-bee_id_9669-38745-1.png,1,2,True,True,True
train/videos/2017-08-30_15-42-59/2017-08-30_15-42-59.mp4-bee_id_9670-39030-1.png,1,0,True,False,True
train/videos/2017-08-30_15-42-59/2017-08-30_15-42-59.mp4-bee_id_9671-39090-1.png,0,0,False,False,True
train/videos/2017-08-30_15-42-59/2017-08-30_15-42-59.mp4-bee_id_9672-39195-1.png,1,0,True,False,True
train/videos/2017-08-30_15-42-59/2017-08-30_15-42-59.mp4-bee_id_9673-39255-1.png,1,0,True,False,True
train/videos/2017-08-30_15-42-59/2017-08-30_15-42-59.mp4-bee_id_9674-39270-1.png,1,0,True,False,True
train/videos/2017-08-30_15-42-59/2017-08-30_15-42-59.mp4-bee_id_9675-39285-1.png,1,0,True,False,True
train/videos/2017-08-30_15-42-59/2017-08-30_15-42-59.mp4-bee_id_9677-39315-1.png,1,2,True,True,True
train/videos/2017-08-30_15-42-59/2017-08-30_15-42-59.mp4-bee_id_9678-39330-1.png,0,1,False,False,True
train/videos/2017-08-30_15-42-59/2017-08-30_15-42-59.mp4-bee_id_9679-39420-1.png,0,0,False,False,True
train/videos/2017-08-30_15-42-59/2017-08-30_15-42-59.mp4-bee_id_9680-39615-1.png,1,0,True,False,True
train/videos/2017-08-30_15-42-59/2017-08-30_15-42-59.mp4-bee_id_9681-39765-1.png,0,0,False,False,True
train/videos/2017-08-30_15-42-59/2017-08-30_15-42-59.mp4-bee_id_9682-39765-1.png,0,0,False,False,True
train/videos/2017-08-30_15-42-59/2017-08-30_15-42-59.mp4-bee_id_9683-39810-1.png,0,0,False,False,True
train/videos/2017-08-30_15-42-59/2017-08-30_15-42-59.mp4-bee_id_9684-39870-1.png,0,0,False,False,True
train/videos/2017-08-30_15-42-59/2017-08-30_15-42-59.mp4-bee_id_9685-39900-1.png,0,0,False,False,True
train/videos/2017-08-30_15-42-59/2017-08-30_15-42-59.mp4-bee_id_9686-39915-1.png,0,0,False,False,True
train/videos/2017-08-30_15-42-59/2017-08-30_15-42-59.mp4-bee_id_9687-39960-1.png,0,0,False,False,True
train/videos/2017-08-30_15-42-59/2017-08-30_15-42-59.mp4-bee_id_9688-40035-1.png,0,0,False,False,True
train/videos/2017-08-30_15-42-59/2017-08-30_15-42-59.mp4-bee_id_9689-40050-1.png,0,0,False,False,True
train/videos/2017-08-30_15-42-59/2017-08-30_15-42-59.mp4-bee_id_9691-40065-1.png,0,1,False,False,True
train/videos/2017-08-30_15-42-59/2017-08-30_15-42-59.mp4-bee_id_9692-40110-1.png,1,1,True,False,True
train/videos/2017-08-30_15-42-59/2017-08-30_15-42-59.mp4-bee_id_9693-40125-1.png,0,0,False,False,True
train/videos/2017-08-30_15-42-59/2017-08-30_15-42-59.mp4-bee_id_9694-40140-1.png,0,1,False,False,True
train/videos/2017-08-30_15-42-59/2017-08-30_15-42-59.mp4-bee_id_9695-40245-1.png,0,1,False,False,True
train/videos/2017-08-30_15-42-59/2017-08-30_15-42-59.mp4-bee_id_9696-40275-1.png,1,0,True,False,True
train/videos/2017-08-30_15-42-59/2017-08-30_15-42-59.mp4-bee_id_9697-40320-1.png,1,1,True,True,True
train/videos/2017-08-30_15-42-59/2017-08-30_15-42-59.mp4-bee_id_9698-40320-1.png,0,0,False,False,True
train/videos/2017-08-30_15-42-59/2017-08-30_15-42-59.mp4-bee_id_9699-40335-1.png,1,0,True,False,True
train/videos/2017-08-30_15-42-59/2017-08-30_15-42-59.mp4-bee_id_9700-40335-1.png,0,2,False,False,True
train/videos/2017-08-30_15-42-59/2017-08-30_15-42-59.mp4-bee_id_9701-40365-1.png,0,0,False,False,True
train/videos/2017-08-30_15-42-59/2017-08-30_15-42-59.mp4-bee_id_9702-40440-1.png,0,0,False,False,True
train/videos/2017-08-30_15-42-59/2017-08-30_15-42-59.mp4-bee_id_9703-40455-1.png,0,2,False,False,True
train/videos/2017-08-30_15-42-59/2017-08-30_15-42-59.mp4-bee_id_9704-40530-1.png,0,1,False,False,True
train/videos/2017-08-30_15-42-59/2017-08-30_15-42-59.mp4-bee_id_9705-40545-1.png,0,1,False,False,True
train/videos/2017-08-30_15-42-59/2017-08-30_15-42-59.mp4-bee_id_9706-40650-1.png,0,2,False,False,True
train/videos/2017-08-30_15-42-59/2017-08-30_15-42-59.mp4-bee_id_9707-40650-1.png,0,0,False,False,True
train/videos/2017-08-30_15-42-59/2017-08-30_15-42-59.mp4-bee_id_9708-40665-1.png,0,0,False,False,True
train/videos/2017-08-30_15-42-59/2017-08-30_15-42-59.mp4-bee_id_9709-40680-1.png,0,0,False,False,True
train/videos/2017-08-30_15-42-59/2017-08-30_15-42-59.mp4-bee_id_9710-40695-1.png,0,0,False,False,True
train/videos/2017-08-30_15-42-59/2017-08-30_15-42-59.mp4-bee_id_9711-40710-1.png,0,0,False,False,True
train/videos/2017-08-30_15-42-59/2017-08-30_15-42-59.mp4-bee_id_9712-40815-1.png,0,1,False,False,True
train/videos/2017-08-30_15-42-59/2017-08-30_15-42-59.mp4-bee_id_9713-40830-1.png,0,0,False,False,True
train/videos/2017-08-30_15-42-59/2017-08-30_15-42-59.mp4-bee_id_9714-40830-1.png,0,0,False,False,True
train/videos/2017-08-30_15-42-59/2017-08-30_15-42-59.mp4-bee_id_9715-40830-1.png,0,0,False,False,True
train/videos/2017-08-30_15-42-59/2017-08-30_15-42-59.mp4-bee_id_9716-40860-1.png,0,1,False,False,True
train/videos/2017-08-30_15-42-59/2017-08-30_15-42-59.mp4-bee_id_9717-40875-1.png,0,1,False,False,True
train/videos/2017-08-30_15-42-59/2017-08-30_15-42-59.mp4-bee_id_9718-40875-1.png,0,0,False,False,True
train/videos/2017-08-30_15-42-59/2017-08-30_15-42-59.mp4-bee_id_9719-40890-1.png,0,1,False,False,True
train/videos/2017-08-30_15-42-59/2017-08-30_15-42-59.mp4-bee_id_9720-40920-1.png,0,0,False,False,True
train/videos/2017-08-30_15-42-59/2017-08-30_15-42-59.mp4-bee_id_9721-40920-1.png,0,0,False,False,True
train/videos/2017-08-30_15-42-59/2017-08-30_15-42-59.mp4-bee_id_9722-40920-1.png,0,2,False,False,True
train/videos/2017-08-30_15-42-59/2017-08-30_15-42-59.mp4-bee_id_9723-40965-1.png,1,0,True,False,True
train/videos/2017-08-30_15-42-59/2017-08-30_15-42-59.mp4-bee_id_9724-41130-1.png,0,0,False,False,True
train/videos/2017-08-30_15-42-59/2017-08-30_15-42-59.mp4-bee_id_9725-41130-1.png,0,0,False,False,True
train/videos/2017-08-30_15-42-59/2017-08-30_15-42-59.mp4-bee_id_9726-41250-1.png,0,0,False,False,True
train/videos/2017-08-30_15-42-59/2017-08-30_15-42-59.mp4-bee_id_9727-41355-1.png,1,2,True,True,True
train/videos/2017-08-30_15-42-59/2017-08-30_15-42-59.mp4-bee_id_9728-41370-1.png,1,1,True,True,True
train/videos/2017-08-30_15-42-59/2017-08-30_15-42-59.mp4-bee_id_9729-41460-1.png,0,0,False,False,True
train/videos/2017-08-30_15-42-59/2017-08-30_15-42-59.mp4-bee_id_9730-41595-1.png,0,0,False,False,True
train/videos/2017-08-30_15-42-59/2017-08-30_15-42-59.mp4-bee_id_9731-41640-1.png,0,1,False,False,True
train/videos/2017-08-30_15-42-59/2017-08-30_15-42-59.mp4-bee_id_9732-41715-1.png,1,1,True,False,True
train/videos/2017-08-30_15-42-59/2017-08-30_15-42-59.mp4-bee_id_9733-41745-1.png,0,0,False,False,True
train/videos/2017-08-30_15-42-59/2017-08-30_15-42-59.mp4-bee_id_9734-41790-1.png,1,1,True,True,True
train/videos/2017-08-30_15-42-59/2017-08-30_15-42-59.mp4-bee_id_9735-41805-1.png,1,1,True,False,True
train/videos/2017-08-30_15-42-59/2017-08-30_15-42-59.mp4-bee_id_9736-41880-1.png,1,0,True,False,True
train/videos/2017-08-30_15-42-59/2017-08-30_15-42-59.mp4-bee_id_9737-41895-1.png,1,1,True,False,True
train/videos/2017-08-30_15-42-59/2017-08-30_15-42-59.mp4-bee_id_9738-42000-1.png,0,0,False,False,True
train/videos/2017-08-30_15-42-59/2017-08-30_15-42-59.mp4-bee_id_9740-42045-1.png,1,0,True,False,True
train/videos/2017-08-30_15-42-59/2017-08-30_15-42-59.mp4-bee_id_9741-42075-1.png,1,1,True,True,True
train/videos/2017-08-30_15-42-59/2017-08-30_15-42-59.mp4-bee_id_9742-42120-1.png,0,0,False,False,True
train/videos/2017-08-30_15-42-59/2017-08-30_15-42-59.mp4-bee_id_9743-42150-1.png,0,2,False,False,True
train/videos/2017-08-30_15-42-59/2017-08-30_15-42-59.mp4-bee_id_9744-42150-1.png,0,1,False,False,True
train/videos/2017-08-30_15-42-59/2017-08-30_15-42-59.mp4-bee_id_9745-42270-1.png,1,1,True,True,True
train/videos/2017-08-30_15-42-59/2017-08-30_15-42-59.mp4-bee_id_9746-42285-1.png,1,2,True,True,True
train/videos/2017-08-30_15-42-59/2017-08-30_15-42-59.mp4-bee_id_9747-42285-1.png,0,0,False,False,True
train/videos/2017-08-30_15-42-59/2017-08-30_15-42-59.mp4-bee_id_9748-42300-1.png,0,0,False,False,True
train/videos/2017-08-30_15-42-59/2017-08-30_15-42-59.mp4-bee_id_9749-42315-1.png,1,1,True,True,True
train/videos/2017-08-30_15-42-59/2017-08-30_15-42-59.mp4-bee_id_9750-42315-1.png,0,0,False,False,True
train/videos/2017-08-30_15-42-59/2017-08-30_15-42-59.mp4-bee_id_9751-42465-1.png,0,1,False,False,True
train/videos/2017-08-30_15-42-59/2017-08-30_15-42-59.mp4-bee_id_9752-42510-1.png,0,0,False,False,True
train/videos/2017-08-30_15-42-59/2017-08-30_15-42-59.mp4-bee_id_9753-42510-1.png,0,0,False,False,True
train/videos/2017-08-30_15-42-59/2017-08-30_15-42-59.mp4-bee_id_9754-42540-1.png,0,1,False,False,True
train/videos/2017-08-30_15-42-59/2017-08-30_15-42-59.mp4-bee_id_9755-42555-1.png,0,0,False,False,True
train/videos/2017-08-30_15-42-59/2017-08-30_15-42-59.mp4-bee_id_9756-42555-1.png,0,0,False,False,True
train/videos/2017-08-30_15-42-59/2017-08-30_15-42-59.mp4-bee_id_9757-42570-1.png,0,0,False,False,True
train/videos/2017-08-30_15-42-59/2017-08-30_15-42-59.mp4-bee_id_9758-42570-1.png,0,0,False,False,True
train/videos/2017-08-30_15-42-59/2017-08-30_15-42-59.mp4-bee_id_9759-42585-1.png,0,0,False,False,True
train/videos/2017-08-30_15-42-59/2017-08-30_15-42-59.mp4-bee_id_9760-42615-1.png,0,0,False,False,True
train/videos/2017-08-30_15-42-59/2017-08-30_15-42-59.mp4-bee_id_9761-42630-1.png,0,0,False,False,True
train/videos/2017-08-30_15-42-59/2017-08-30_15-42-59.mp4-bee_id_9762-42645-1.png,0,0,False,False,True
train/videos/2017-08-30_15-42-59/2017-08-30_15-42-59.mp4-bee_id_9763-42795-1.png,0,0,False,False,True
train/videos/2017-08-30_15-42-59/2017-08-30_15-42-59.mp4-bee_id_9764-42825-1.png,1,1,True,True,True
train/videos/2017-08-30_15-42-59/2017-08-30_15-42-59.mp4-bee_id_9765-42840-1.png,1,0,True,False,True
train/videos/2017-08-30_15-42-59/2017-08-30_15-42-59.mp4-bee_id_9766-42885-1.png,0,0,False,False,True
train/videos/2017-08-30_15-42-59/2017-08-30_15-42-59.mp4-bee_id_9767-42900-1.png,0,0,False,False,True
train/videos/2017-08-30_15-42-59/2017-08-30_15-42-59.mp4-bee_id_9768-42915-1.png,0,0,False,False,True
train/videos/2017-08-30_15-42-59/2017-08-30_15-42-59.mp4-bee_id_9769-42915-1.png,0,0,False,False,True
train/videos/2017-08-30_15-42-59/2017-08-30_15-42-59.mp4-bee_id_9770-43065-1.png,0,2,False,False,True
train/videos/2017-08-30_15-42-59/2017-08-30_15-42-59.mp4-bee_id_9771-43110-1.png,0,2,False,False,True
train/videos/2017-08-30_15-42-59/2017-08-30_15-42-59.mp4-bee_id_9772-43125-1.png,0,1,False,False,True
train/videos/2017-08-30_15-42-59/2017-08-30_15-42-59.mp4-bee_id_9773-43170-1.png,0,1,False,False,True
train/videos/2017-08-30_15-42-59/2017-08-30_15-42-59.mp4-bee_id_9774-43200-1.png,0,0,False,False,True
train/videos/2017-08-30_15-42-59/2017-08-30_15-42-59.mp4-bee_id_9775-43275-1.png,0,0,False,False,True
train/videos/2017-08-30_15-42-59/2017-08-30_15-42-59.mp4-bee_id_9776-43350-1.png,1,1,True,False,True
train/videos/2017-08-30_15-42-59/2017-08-30_15-42-59.mp4-bee_id_9777-43395-1.png,1,1,True,False,True
train/videos/2017-08-30_15-42-59/2017-08-30_15-42-59.mp4-bee_id_9778-43410-1.png,1,1,True,True,True
train/videos/2017-08-30_15-42-59/2017-08-30_15-42-59.mp4-bee_id_9779-43425-1.png,1,0,True,False,True
train/videos/2017-08-30_15-42-59/2017-08-30_15-42-59.mp4-bee_id_9780-43485-1.png,0,0,False,False,True
train/videos/2017-08-30_15-42-59/2017-08-30_15-42-59.mp4-bee_id_9781-43500-1.png,0,0,False,False,True
train/videos/2017-08-30_15-42-59/2017-08-30_15-42-59.mp4-bee_id_9782-43710-1.png,0,0,False,False,True
train/videos/2017-08-30_15-42-59/2017-08-30_15-42-59.mp4-bee_id_9783-43725-1.png,0,1,False,False,True
train/videos/2017-08-30_15-42-59/2017-08-30_15-42-59.mp4-bee_id_9784-43740-1.png,0,0,False,False,True
train/videos/2017-08-30_15-42-59/2017-08-30_15-42-59.mp4-bee_id_9785-43755-1.png,0,0,False,False,True
train/videos/2017-08-30_15-42-59/2017-08-30_15-42-59.mp4-bee_id_9786-43980-1.png,0,1,False,False,True
train/videos/2017-08-30_15-42-59/2017-08-30_15-42-59.mp4-bee_id_9787-43995-1.png,0,0,False,False,True
train/videos/2017-08-30_15-42-59/2017-08-30_15-42-59.mp4-bee_id_9788-44010-1.png,0,0,False,False,True
train/videos/2017-08-30_15-42-59/2017-08-30_15-42-59.mp4-bee_id_9789-44130-1.png,0,1,False,False,True
train/videos/2017-08-30_15-42-59/2017-08-30_15-42-59.mp4-bee_id_9790-44145-1.png,0,0,False,False,True
train/videos/2017-08-30_15-42-59/2017-08-30_15-42-59.mp4-bee_id_9791-44160-1.png,0,0,False,False,True
train/videos/2017-08-30_15-42-59/2017-08-30_15-42-59.mp4-bee_id_9792-44190-1.png,0,2,False,False,True
train/videos/2017-08-30_15-42-59/2017-08-30_15-42-59.mp4-bee_id_9793-44190-1.png,0,2,False,False,True
train/videos/2017-08-30_15-42-59/2017-08-30_15-42-59.mp4-bee_id_9794-44190-1.png,0,0,False,False,True
train/videos/2017-08-30_15-42-59/2017-08-30_15-42-59.mp4-bee_id_9795-44490-1.png,0,0,False,False,True
train/videos/2017-08-30_15-42-59/2017-08-30_15-42-59.mp4-bee_id_9796-44610-1.png,0,0,False,False,True
train/videos/2017-08-30_15-42-59/2017-08-30_15-42-59.mp4-bee_id_9797-44625-1.png,0,0,False,False,True
train/videos/2017-08-30_15-42-59/2017-08-30_15-42-59.mp4-bee_id_9798-44640-1.png,0,0,False,False,True
train/videos/2017-08-30_15-42-59/2017-08-30_15-42-59.mp4-bee_id_9799-44670-1.png,0,0,False,False,True
train/videos/2017-08-30_15-42-59/2017-08-30_15-42-59.mp4-bee_id_9800-44745-1.png,0,0,False,False,True
train/videos/2017-08-30_15-42-59/2017-08-30_15-42-59.mp4-bee_id_9801-44895-1.png,0,0,False,False,True
train/videos/2017-08-30_15-42-59/2017-08-30_15-42-59.mp4-bee_id_9802-44955-1.png,0,0,False,False,True
train/videos/2017-08-30_15-42-59/2017-08-30_15-42-59.mp4-bee_id_9803-44955-1.png,0,0,False,False,True
train/videos/2017-08-30_15-42-59/2017-08-30_15-42-59.mp4-bee_id_9804-44970-1.png,0,0,False,False,True
train/videos/2017-08-30_15-42-59/2017-08-30_15-42-59.mp4-bee_id_9805-44970-1.png,1,0,True,False,True
train/videos/2017-08-30_15-42-59/2017-08-30_15-42-59.mp4-bee_id_9806-44985-1.png,0,0,False,False,True
train/videos/2017-08-30_15-42-59/2017-08-30_15-42-59.mp4-bee_id_9807-45000-1.png,0,1,False,False,True
train/videos/2017-08-30_15-42-59/2017-08-30_15-42-59.mp4-bee_id_9808-45015-1.png,0,1,False,False,True
train/videos/2017-08-30_15-42-59/2017-08-30_15-42-59.mp4-bee_id_9809-45015-1.png,0,0,False,False,True
train/videos/2017-08-30_15-42-59/2017-08-30_15-42-59.mp4-bee_id_9810-45030-1.png,0,0,False,False,True
train/videos/2017-08-30_15-42-59/2017-08-30_15-42-59.mp4-bee_id_9811-45120-1.png,0,0,False,False,True
train/videos/2017-08-30_15-42-59/2017-08-30_15-42-59.mp4-bee_id_9812-45135-1.png,0,2,False,False,True
train/videos/2017-08-30_15-42-59/2017-08-30_15-42-59.mp4-bee_id_9813-45135-1.png,0,1,False,False,True
train/videos/2017-08-30_15-42-59/2017-08-30_15-42-59.mp4-bee_id_9814-45150-1.png,0,0,False,False,True
train/videos/2017-08-30_15-42-59/2017-08-30_15-42-59.mp4-bee_id_9815-45165-1.png,0,1,False,False,True
train/videos/2017-08-30_15-42-59/2017-08-30_15-42-59.mp4-bee_id_9816-45255-1.png,0,0,False,False,True
train/videos/2017-08-30_15-42-59/2017-08-30_15-42-59.mp4-bee_id_9817-45480-1.png,0,3,False,False,True
train/videos/2017-08-30_15-42-59/2017-08-30_15-42-59.mp4-bee_id_9818-45480-1.png,0,0,False,False,True
train/videos/2017-08-30_15-42-59/2017-08-30_15-42-59.mp4-bee_id_9819-45525-1.png,0,0,False,False,True
train/videos/2017-08-30_15-42-59/2017-08-30_15-42-59.mp4-bee_id_9820-45600-1.png,1,1,True,True,True
train/videos/2017-08-30_15-42-59/2017-08-30_15-42-59.mp4-bee_id_9821-45615-1.png,0,0,False,False,True
train/videos/2017-08-30_15-42-59/2017-08-30_15-42-59.mp4-bee_id_9822-45615-1.png,0,0,False,False,True
train/videos/2017-08-30_15-42-59/2017-08-30_15-42-59.mp4-bee_id_9823-45630-1.png,0,0,False,False,True
train/videos/2017-08-30_15-42-59/2017-08-30_15-42-59.mp4-bee_id_9824-45705-1.png,0,0,False,False,True
train/videos/2017-08-30_15-42-59/2017-08-30_15-42-59.mp4-bee_id_9825-45720-1.png,0,0,False,False,True
train/videos/2017-08-30_15-42-59/2017-08-30_15-42-59.mp4-bee_id_9826-45735-1.png,0,0,False,False,True
train/videos/2017-08-30_15-42-59/2017-08-30_15-42-59.mp4-bee_id_9827-45765-1.png,0,0,False,False,True
train/videos/2017-08-30_15-42-59/2017-08-30_15-42-59.mp4-bee_id_9828-45810-1.png,0,0,False,False,True
train/videos/2017-08-30_15-42-59/2017-08-30_15-42-59.mp4-bee_id_9829-45870-1.png,0,1,False,False,True
train/videos/2017-08-30_15-42-59/2017-08-30_15-42-59.mp4-bee_id_9830-45885-1.png,0,0,False,False,True
train/videos/2017-08-30_15-42-59/2017-08-30_15-42-59.mp4-bee_id_9831-45900-1.png,0,1,False,False,True
train/videos/2017-08-30_15-42-59/2017-08-30_15-42-59.mp4-bee_id_9832-45990-1.png,0,0,False,False,True
train/videos/2017-08-30_15-42-59/2017-08-30_15-42-59.mp4-bee_id_9833-46035-1.png,0,2,False,False,True
train/videos/2017-08-30_15-42-59/2017-08-30_15-42-59.mp4-bee_id_9834-46095-1.png,0,0,False,False,True
train/videos/2017-08-30_15-42-59/2017-08-30_15-42-59.mp4-bee_id_9835-46110-1.png,0,0,False,False,True
train/videos/2017-08-30_15-42-59/2017-08-30_15-42-59.mp4-bee_id_9836-46170-1.png,0,0,False,False,True
train/videos/2017-08-30_15-42-59/2017-08-30_15-42-59.mp4-bee_id_9837-46185-1.png,0,0,False,False,True
train/videos/2017-08-30_15-42-59/2017-08-30_15-42-59.mp4-bee_id_9838-46275-1.png,0,0,False,False,True
train/videos/2017-08-30_15-42-59/2017-08-30_15-42-59.mp4-bee_id_9839-46350-1.png,1,1,True,True,True
train/videos/2017-08-30_15-42-59/2017-08-30_15-42-59.mp4-bee_id_9840-46410-1.png,0,2,False,False,True
train/videos/2017-08-30_15-42-59/2017-08-30_15-42-59.mp4-bee_id_9841-46755-1.png,1,1,True,False,True
train/videos/2017-08-30_15-42-59/2017-08-30_15-42-59.mp4-bee_id_9842-46965-1.png,0,0,False,False,True
train/videos/2017-08-30_15-42-59/2017-08-30_15-42-59.mp4-bee_id_9843-47025-1.png,0,0,False,False,True
train/videos/2017-08-30_15-42-59/2017-08-30_15-42-59.mp4-bee_id_9844-47040-1.png,0,0,False,False,True
train/videos/2017-08-30_15-42-59/2017-08-30_15-42-59.mp4-bee_id_9845-47085-1.png,0,0,False,False,True
train/videos/2017-08-30_15-42-59/2017-08-30_15-42-59.mp4-bee_id_9846-47115-1.png,0,0,False,False,True
train/videos/2017-08-30_15-42-59/2017-08-30_15-42-59.mp4-bee_id_9847-47160-1.png,0,1,False,False,True
train/videos/2017-08-30_15-42-59/2017-08-30_15-42-59.mp4-bee_id_9848-47205-1.png,1,2,True,False,True
train/videos/2017-08-30_15-42-59/2017-08-30_15-42-59.mp4-bee_id_9849-47265-1.png,0,0,False,False,True
train/videos/2017-08-30_15-42-59/2017-08-30_15-42-59.mp4-bee_id_9852-47370-1.png,0,0,False,False,True
train/videos/2017-08-30_15-42-59/2017-08-30_15-42-59.mp4-bee_id_9853-47385-1.png,0,0,False,False,True
train/videos/2017-08-30_15-42-59/2017-08-30_15-42-59.mp4-bee_id_9854-47400-1.png,0,0,False,False,True
train/videos/2017-08-30_15-42-59/2017-08-30_15-42-59.mp4-bee_id_9855-47415-1.png,0,0,False,False,True
train/videos/2017-08-30_15-42-59/2017-08-30_15-42-59.mp4-bee_id_9856-47430-1.png,0,0,False,False,True
train/videos/2017-08-30_15-42-59/2017-08-30_15-42-59.mp4-bee_id_9857-47445-1.png,0,1,False,False,True
train/videos/2017-08-30_15-42-59/2017-08-30_15-42-59.mp4-bee_id_9858-47505-1.png,0,1,False,False,True
train/videos/2017-08-30_15-42-59/2017-08-30_15-42-59.mp4-bee_id_9859-47610-1.png,0,0,False,False,True
train/videos/2017-08-30_15-42-59/2017-08-30_15-42-59.mp4-bee_id_9860-47730-1.png,0,0,False,False,True
train/videos/2017-08-30_15-42-59/2017-08-30_15-42-59.mp4-bee_id_9862-47820-1.png,0,1,False,False,True
train/videos/2017-08-30_15-42-59/2017-08-30_15-42-59.mp4-bee_id_9865-47865-1.png,0,0,False,False,True
train/videos/2017-08-30_15-42-59/2017-08-30_15-42-59.mp4-bee_id_9866-47910-1.png,1,2,True,True,True
train/videos/2017-08-30_15-42-59/2017-08-30_15-42-59.mp4-bee_id_9867-47910-1.png,0,1,False,False,True
train/videos/2017-08-30_15-42-59/2017-08-30_15-42-59.mp4-bee_id_9868-47955-1.png,0,1,False,False,True
train/videos/2017-08-30_15-42-59/2017-08-30_15-42-59.mp4-bee_id_9869-47970-1.png,0,0,False,False,True
train/videos/2017-08-30_15-42-59/2017-08-30_15-42-59.mp4-bee_id_9870-48000-1.png,0,1,False,False,True
train/videos/2017-08-30_15-42-59/2017-08-30_15-42-59.mp4-bee_id_9871-48105-1.png,0,0,False,False,True
train/videos/2017-08-30_15-42-59/2017-08-30_15-42-59.mp4-bee_id_9872-48390-1.png,0,2,False,False,True
train/videos/2017-08-30_15-42-59/2017-08-30_15-42-59.mp4-bee_id_9873-48495-1.png,0,0,False,False,True
train/videos/2017-08-30_15-42-59/2017-08-30_15-42-59.mp4-bee_id_9874-48510-1.png,0,1,False,False,True
train/videos/2017-08-30_15-42-59/2017-08-30_15-42-59.mp4-bee_id_9875-48675-1.png,1,0,True,False,True
train/videos/2017-08-30_15-42-59/2017-08-30_15-42-59.mp4-bee_id_9876-48690-1.png,1,1,True,False,True
train/videos/2017-08-30_15-42-59/2017-08-30_15-42-59.mp4-bee_id_9877-48705-1.png,0,2,False,False,True
train/videos/2017-08-30_15-42-59/2017-08-30_15-42-59.mp4-bee_id_9878-48720-1.png,0,2,False,False,True
train/videos/2017-08-30_15-42-59/2017-08-30_15-42-59.mp4-bee_id_9879-48765-1.png,0,0,False,False,True
train/videos/2017-08-30_15-42-59/2017-08-30_15-42-59.mp4-bee_id_9880-48795-1.png,0,0,False,False,True
train/videos/2017-08-30_15-42-59/2017-08-30_15-42-59.mp4-bee_id_9881-48810-1.png,1,1,True,True,True
train/videos/2017-08-30_15-42-59/2017-08-30_15-42-59.mp4-bee_id_9882-48840-1.png,0,0,False,False,True
train/videos/2017-08-30_15-42-59/2017-08-30_15-42-59.mp4-bee_id_9883-48840-1.png,0,0,False,False,True
train/videos/2017-08-30_15-42-59/2017-08-30_15-42-59.mp4-bee_id_9884-48900-1.png,0,0,False,False,True
train/videos/2017-08-30_15-42-59/2017-08-30_15-42-59.mp4-bee_id_9885-48915-1.png,0,0,False,False,True
train/videos/2017-08-30_15-42-59/2017-08-30_15-42-59.mp4-bee_id_9886-48945-1.png,0,0,False,False,True
train/videos/2017-08-30_15-42-59/2017-08-30_15-42-59.mp4-bee_id_9887-48945-1.png,0,0,False,False,True
train/videos/2017-08-30_15-42-59/2017-08-30_15-42-59.mp4-bee_id_9888-49080-1.png,0,0,False,False,True
train/videos/2017-08-30_15-42-59/2017-08-30_15-42-59.mp4-bee_id_9889-49095-1.png,0,0,False,False,True
train/videos/2017-08-30_15-42-59/2017-08-30_15-42-59.mp4-bee_id_9890-49155-1.png,0,0,False,False,True
train/videos/2017-08-30_15-42-59/2017-08-30_15-42-59.mp4-bee_id_9891-49170-1.png,0,0,False,False,True
train/videos/2017-08-30_15-42-59/2017-08-30_15-42-59.mp4-bee_id_9892-49185-1.png,0,0,False,False,True
train/videos/2017-08-30_15-42-59/2017-08-30_15-42-59.mp4-bee_id_9893-49215-1.png,0,0,False,False,True
train/videos/2017-08-30_15-42-59/2017-08-30_15-42-59.mp4-bee_id_9894-49230-1.png,0,0,False,False,True
train/videos/2017-08-30_15-42-59/2017-08-30_15-42-59.mp4-bee_id_9895-49575-1.png,0,0,False,False,True
train/videos/2017-08-30_15-42-59/2017-08-30_15-42-59.mp4-bee_id_9896-49620-1.png,0,0,False,False,True
train/videos/2017-08-30_15-42-59/2017-08-30_15-42-59.mp4-bee_id_9897-49635-1.png,0,1,False,False,True
train/videos/2017-08-30_15-42-59/2017-08-30_15-42-59.mp4-bee_id_9898-49665-1.png,0,0,False,False,True
train/videos/2017-08-30_15-42-59/2017-08-30_15-42-59.mp4-bee_id_9899-49755-1.png,0,0,False,False,True
train/videos/2017-08-30_15-42-59/2017-08-30_15-42-59.mp4-bee_id_9900-49785-1.png,0,1,False,False,True
train/videos/2017-08-30_15-42-59/2017-08-30_15-42-59.mp4-bee_id_9901-49890-1.png,0,1,False,False,True
train/videos/2017-08-30_15-42-59/2017-08-30_15-42-59.mp4-bee_id_9902-49905-1.png,0,0,False,False,True
train/videos/2017-08-30_15-42-59/2017-08-30_15-42-59.mp4-bee_id_9903-49920-1.png,0,0,False,False,True
train/videos/2017-08-30_15-42-59/2017-08-30_15-42-59.mp4-bee_id_9904-49950-1.png,0,0,False,False,True
train/videos/2017-08-30_15-42-59/2017-08-30_15-42-59.mp4-bee_id_9905-49965-1.png,0,1,False,False,True
train/videos/2017-08-30_15-42-59/2017-08-30_15-42-59.mp4-bee_id_9906-49980-1.png,0,1,False,False,True
train/videos/2017-08-30_15-42-59/2017-08-30_15-42-59.mp4-bee_id_9907-49995-1.png,0,1,False,False,True
train/videos/2017-08-30_15-42-59/2017-08-30_15-42-59.mp4-bee_id_9908-50025-1.png,0,0,False,False,True
train/videos/2017-08-30_15-42-59/2017-08-30_15-42-59.mp4-bee_id_9909-50085-1.png,0,2,False,False,True
train/videos/2017-08-30_15-42-59/2017-08-30_15-42-59.mp4-bee_id_9910-50190-1.png,0,0,False,False,True
train/videos/2017-08-30_15-42-59/2017-08-30_15-42-59.mp4-bee_id_9911-50205-1.png,0,0,False,False,True
train/videos/2017-08-30_15-42-59/2017-08-30_15-42-59.mp4-bee_id_9913-50265-1.png,0,0,False,False,True
train/videos/2017-08-30_15-42-59/2017-08-30_15-42-59.mp4-bee_id_9914-50400-1.png,0,0,False,False,True
train/videos/2017-08-30_15-42-59/2017-08-30_15-42-59.mp4-bee_id_9915-50415-1.png,0,0,False,False,True
train/videos/2017-08-30_15-42-59/2017-08-30_15-42-59.mp4-bee_id_9916-50415-1.png,0,0,False,False,True
train/videos/2017-08-30_15-42-59/2017-08-30_15-42-59.mp4-bee_id_9917-50490-1.png,0,0,False,False,True
train/videos/2017-08-30_15-42-59/2017-08-30_15-42-59.mp4-bee_id_9918-50595-1.png,0,0,False,False,True
train/videos/2017-08-30_15-42-59/2017-08-30_15-42-59.mp4-bee_id_9919-50610-1.png,0,0,False,False,True
train/videos/2017-08-30_15-42-59/2017-08-30_15-42-59.mp4-bee_id_9923-50895-1.png,0,1,False,False,True
train/videos/2017-08-30_15-42-59/2017-08-30_15-42-59.mp4-bee_id_9924-50910-1.png,0,0,False,False,True
train/videos/2017-08-30_15-42-59/2017-08-30_15-42-59.mp4-bee_id_9925-50910-1.png,0,0,False,False,True
train/videos/2017-08-30_15-42-59/2017-08-30_15-42-59.mp4-bee_id_9926-50925-1.png,0,0,False,False,True
train/videos/2017-08-30_15-42-59/2017-08-30_15-42-59.mp4-bee_id_9927-50955-1.png,0,0,False,False,True
train/videos/2017-08-30_15-42-59/2017-08-30_15-42-59.mp4-bee_id_9928-50985-1.png,0,0,False,False,True
train/videos/2017-08-30_15-42-59/2017-08-30_15-42-59.mp4-bee_id_9929-51030-1.png,0,0,False,False,True
train/videos/2017-08-30_15-42-59/2017-08-30_15-42-59.mp4-bee_id_9930-51135-1.png,0,1,False,False,True
train/videos/2017-08-30_15-42-59/2017-08-30_15-42-59.mp4-bee_id_9931-51225-1.png,0,0,False,False,True
train/videos/2017-08-30_15-42-59/2017-08-30_15-42-59.mp4-bee_id_9932-51225-1.png,0,1,False,False,True
train/videos/2017-08-30_15-42-59/2017-08-30_15-42-59.mp4-bee_id_9933-51240-1.png,0,0,False,False,True
train/videos/2017-08-30_15-42-59/2017-08-30_15-42-59.mp4-bee_id_9934-51270-1.png,0,0,False,False,True
train/videos/2017-08-30_15-42-59/2017-08-30_15-42-59.mp4-bee_id_9935-51300-1.png,0,0,False,False,True
train/videos/2017-08-30_15-42-59/2017-08-30_15-42-59.mp4-bee_id_9936-51885-1.png,0,1,False,False,True
train/videos/2017-08-30_15-42-59/2017-08-30_15-42-59.mp4-bee_id_9937-51945-1.png,0,0,False,False,True
train/videos/2017-08-30_15-42-59/2017-08-30_15-42-59.mp4-bee_id_9938-52005-1.png,0,1,False,False,True
train/videos/2017-08-30_15-42-59/2017-08-30_15-42-59.mp4-bee_id_9939-52035-1.png,0,0,False,False,True
train/videos/2017-08-30_15-42-59/2017-08-30_15-42-59.mp4-bee_id_9940-52050-1.png,0,1,False,False,True
train/videos/2017-08-30_15-42-59/2017-08-30_15-42-59.mp4-bee_id_9941-52065-1.png,0,0,False,False,True
train/videos/2017-08-30_15-42-59/2017-08-30_15-42-59.mp4-bee_id_9942-52080-1.png,0,0,False,False,True
train/videos/2017-08-30_15-42-59/2017-08-30_15-42-59.mp4-bee_id_9943-52095-1.png,0,2,False,False,True
train/videos/2017-08-30_15-42-59/2017-08-30_15-42-59.mp4-bee_id_9944-52095-1.png,0,1,False,False,True
train/videos/2017-08-30_15-42-59/2017-08-30_15-42-59.mp4-bee_id_9945-52140-1.png,0,2,False,False,True
train/videos/2017-08-30_15-42-59/2017-08-30_15-42-59.mp4-bee_id_9946-52155-1.png,0,0,False,False,True
train/videos/2017-08-30_15-42-59/2017-08-30_15-42-59.mp4-bee_id_9947-52170-1.png,0,0,False,False,True
train/videos/2017-08-30_15-42-59/2017-08-30_15-42-59.mp4-bee_id_9948-52260-1.png,0,0,False,False,True
train/videos/2017-08-30_15-42-59/2017-08-30_15-42-59.mp4-bee_id_9949-52320-1.png,0,1,False,False,True
train/videos/2017-08-30_15-42-59/2017-08-30_15-42-59.mp4-bee_id_9950-52350-1.png,0,0,False,False,True
train/videos/2017-08-30_15-42-59/2017-08-30_15-42-59.mp4-bee_id_9951-52365-1.png,0,0,False,False,True
train/videos/2017-08-30_15-42-59/2017-08-30_15-42-59.mp4-bee_id_9954-52680-1.png,0,2,False,False,True
train/videos/2017-08-30_15-42-59/2017-08-30_15-42-59.mp4-bee_id_9955-52695-1.png,0,0,False,False,True
train/videos/2017-08-30_15-42-59/2017-08-30_15-42-59.mp4-bee_id_9956-52725-1.png,0,0,False,False,True
train/videos/2017-08-30_15-42-59/2017-08-30_15-42-59.mp4-bee_id_9957-52740-1.png,1,0,True,False,True
train/videos/2017-08-30_15-42-59/2017-08-30_15-42-59.mp4-bee_id_9958-52860-1.png,1,0,True,False,True
train/videos/2017-08-30_15-42-59/2017-08-30_15-42-59.mp4-bee_id_9959-53010-1.png,0,1,False,False,True
train/videos/2017-08-30_15-42-59/2017-08-30_15-42-59.mp4-bee_id_9960-53025-1.png,0,1,False,False,True
train/videos/2017-08-30_15-42-59/2017-08-30_15-42-59.mp4-bee_id_9961-53055-1.png,0,0,False,False,True
train/videos/2017-08-30_15-42-59/2017-08-30_15-42-59.mp4-bee_id_9962-53070-1.png,0,2,False,False,True
train/videos/2017-08-30_15-42-59/2017-08-30_15-42-59.mp4-bee_id_9963-53250-1.png,0,0,False,False,True
train/videos/2017-08-30_15-42-59/2017-08-30_15-42-59.mp4-bee_id_9964-53340-1.png,0,0,False,False,True
train/videos/2017-08-30_15-42-59/2017-08-30_15-42-59.mp4-bee_id_9965-53475-1.png,0,0,False,False,True
train/videos/2017-08-30_15-42-59/2017-08-30_15-42-59.mp4-bee_id_9967-53520-1.png,0,0,False,False,True
train/videos/2017-08-30_15-42-59/2017-08-30_15-42-59.mp4-bee_id_9968-53625-1.png,1,0,True,False,True
train/videos/2017-08-30_15-42-59/2017-08-30_15-42-59.mp4-bee_id_9969-53670-1.png,0,2,False,False,True
train/videos/2017-08-30_15-42-59/2017-08-30_15-42-59.mp4-bee_id_9970-53760-1.png,0,0,False,False,True
train/videos/2017-08-30_15-42-59/2017-08-30_15-42-59.mp4-bee_id_9971-53805-1.png,0,0,False,False,True
train/videos/2017-08-30_15-42-59/2017-08-30_15-42-59.mp4-bee_id_9972-53865-1.png,0,0,False,False,True
train/videos/2017-08-30_15-42-59/2017-08-30_15-42-59.mp4-bee_id_9973-53880-1.png,0,1,False,False,True
train/videos/2017-08-30_15-42-59/2017-08-30_15-42-59.mp4-bee_id_9974-53895-1.png,0,0,False,False,True
train/videos/2017-08-30_15-42-59/2017-08-30_15-42-59.mp4-bee_id_9975-53925-1.png,0,0,False,False,True
train/videos/2017-08-30_15-42-59/2017-08-30_15-42-59.mp4-bee_id_9976-54045-1.png,0,0,False,False,True
train/videos/2017-08-30_15-42-59/2017-08-30_15-42-59.mp4-bee_id_9977-54165-1.png,0,1,False,False,True
train/videos/2017-08-30_15-42-59/2017-08-30_15-42-59.mp4-bee_id_9978-54195-1.png,0,0,False,False,True
train/videos/2017-08-30_15-42-59/2017-08-30_15-42-59.mp4-bee_id_9979-54210-1.png,0,0,False,False,True
train/videos/2017-08-30_15-42-59/2017-08-30_15-42-59.mp4-bee_id_9980-54210-1.png,0,0,False,False,True
train/videos/2017-08-30_15-42-59/2017-08-30_15-42-59.mp4-bee_id_9981-54210-1.png,0,0,False,False,True
train/videos/2017-08-30_15-42-59/2017-08-30_15-42-59.mp4-bee_id_9982-54225-1.png,0,0,False,False,True
train/videos/2017-08-30_15-42-59/2017-08-30_15-42-59.mp4-bee_id_9983-54270-1.png,0,0,False,False,True
train/videos/2017-08-30_15-42-59/2017-08-30_15-42-59.mp4-bee_id_9984-54300-1.png,0,0,False,False,True
train/videos/2017-08-30_15-42-59/2017-08-30_15-42-59.mp4-bee_id_9985-54315-1.png,0,0,False,False,True
train/videos/2017-08-30_15-42-59/2017-08-30_15-42-59.mp4-bee_id_9986-54330-1.png,0,0,False,False,True
train/videos/2017-08-30_15-42-59/2017-08-30_15-42-59.mp4-bee_id_9987-54405-1.png,0,0,False,False,True
train/videos/2017-08-30_15-42-59/2017-08-30_15-42-59.mp4-bee_id_9988-54420-1.png,0,0,False,False,True
train/videos/2017-08-30_15-42-59/2017-08-30_15-42-59.mp4-bee_id_9989-54420-1.png,0,0,False,False,True
train/videos/2017-08-30_15-42-59/2017-08-30_15-42-59.mp4-bee_id_9990-54435-1.png,0,0,False,False,True
train/videos/2017-08-30_15-42-59/2017-08-30_15-42-59.mp4-bee_id_9991-54450-1.png,0,0,False,False,True
train/videos/2017-08-30_15-42-59/2017-08-30_15-42-59.mp4-bee_id_9992-54480-1.png,0,1,False,False,True
train/videos/2017-08-30_15-42-59/2017-08-30_15-42-59.mp4-bee_id_9993-54540-1.png,1,0,True,False,True
train/videos/2017-08-30_15-42-59/2017-08-30_15-42-59.mp4-bee_id_9994-54555-1.png,1,0,True,False,True
train/videos/2017-08-30_15-42-59/2017-08-30_15-42-59.mp4-bee_id_9995-54600-1.png,0,0,False,False,True
train/videos/2017-08-30_15-42-59/2017-08-30_15-42-59.mp4-bee_id_9996-54615-1.png,1,1,True,False,True
train/videos/2017-08-30_15-42-59/2017-08-30_15-42-59.mp4-bee_id_9997-54615-1.png,0,0,False,False,True
train/videos/2017-08-30_15-42-59/2017-08-30_15-42-59.mp4-bee_id_9998-54660-1.png,0,0,False,False,True
train/videos/2017-08-30_15-42-59/2017-08-30_15-42-59.mp4-bee_id_9999-54675-1.png,0,1,False,False,True
train/videos/2017-09-20_19-24-55/2017-09-20_19-24-55.mp4-bee_id_2773-15-1.png,0,0,False,False,True
train/videos/2017-09-20_19-24-55/2017-09-20_19-24-55.mp4-bee_id_2775-15-1.png,0,0,False,False,True
train/videos/2017-09-20_19-24-55/2017-09-20_19-24-55.mp4-bee_id_2776-30-1.png,0,1,False,False,True
train/videos/2017-09-20_19-24-55/2017-09-20_19-24-55.mp4-bee_id_2777-30-1.png,0,0,False,False,True
train/videos/2017-09-20_19-24-55/2017-09-20_19-24-55.mp4-bee_id_2778-30-1.png,0,0,False,False,True
train/videos/2017-09-20_19-24-55/2017-09-20_19-24-55.mp4-bee_id_2779-45-1.png,0,0,False,False,True
train/videos/2017-09-20_19-24-55/2017-09-20_19-24-55.mp4-bee_id_2780-60-1.png,1,1,True,True,True
train/videos/2017-09-20_19-24-55/2017-09-20_19-24-55.mp4-bee_id_2782-90-1.png,0,1,False,False,True
train/videos/2017-09-20_19-24-55/2017-09-20_19-24-55.mp4-bee_id_2783-105-1.png,1,0,True,False,True
train/videos/2017-09-20_19-24-55/2017-09-20_19-24-55.mp4-bee_id_2784-105-1.png,0,0,False,False,True
train/videos/2017-09-20_19-24-55/2017-09-20_19-24-55.mp4-bee_id_2785-105-1.png,1,2,True,False,True
train/videos/2017-09-20_19-24-55/2017-09-20_19-24-55.mp4-bee_id_2787-120-1.png,0,0,False,False,True
train/videos/2017-09-20_19-24-55/2017-09-20_19-24-55.mp4-bee_id_2788-150-1.png,0,0,False,False,True
train/videos/2017-09-20_19-24-55/2017-09-20_19-24-55.mp4-bee_id_2789-165-1.png,0,1,False,False,True
train/videos/2017-09-20_19-24-55/2017-09-20_19-24-55.mp4-bee_id_2790-165-1.png,1,0,True,False,True
train/videos/2017-09-20_19-24-55/2017-09-20_19-24-55.mp4-bee_id_2791-180-1.png,0,0,False,False,True
train/videos/2017-09-20_19-24-55/2017-09-20_19-24-55.mp4-bee_id_2792-195-1.png,0,0,False,False,True
train/videos/2017-09-20_19-24-55/2017-09-20_19-24-55.mp4-bee_id_2793-240-1.png,0,0,False,False,True
train/videos/2017-09-20_19-24-55/2017-09-20_19-24-55.mp4-bee_id_2794-315-1.png,1,1,True,True,True
train/videos/2017-09-20_19-24-55/2017-09-20_19-24-55.mp4-bee_id_2795-330-1.png,0,0,False,False,True
train/videos/2017-09-20_19-24-55/2017-09-20_19-24-55.mp4-bee_id_2796-360-1.png,0,0,False,False,True
train/videos/2017-09-20_19-24-55/2017-09-20_19-24-55.mp4-bee_id_2797-390-1.png,0,0,False,False,True
train/videos/2017-09-20_19-24-55/2017-09-20_19-24-55.mp4-bee_id_2799-420-1.png,0,1,False,False,True
train/videos/2017-09-20_19-24-55/2017-09-20_19-24-55.mp4-bee_id_2800-435-1.png,0,0,False,False,True
train/videos/2017-09-20_19-24-55/2017-09-20_19-24-55.mp4-bee_id_2803-600-1.png,0,0,False,False,True
train/videos/2017-09-20_19-24-55/2017-09-20_19-24-55.mp4-bee_id_2805-615-1.png,0,0,False,False,True
train/videos/2017-09-20_19-24-55/2017-09-20_19-24-55.mp4-bee_id_2806-645-1.png,0,0,False,False,True
train/videos/2017-09-20_19-24-55/2017-09-20_19-24-55.mp4-bee_id_2809-690-1.png,0,0,False,False,True
train/videos/2017-09-20_19-24-55/2017-09-20_19-24-55.mp4-bee_id_2810-705-1.png,0,1,False,False,True
train/videos/2017-09-20_19-24-55/2017-09-20_19-24-55.mp4-bee_id_2811-720-1.png,0,0,False,False,True
train/videos/2017-09-20_19-24-55/2017-09-20_19-24-55.mp4-bee_id_2812-750-1.png,0,1,False,False,True
train/videos/2017-09-20_19-24-55/2017-09-20_19-24-55.mp4-bee_id_2813-765-1.png,0,0,False,False,True
train/videos/2017-09-20_19-24-55/2017-09-20_19-24-55.mp4-bee_id_2814-795-1.png,0,0,False,False,True
train/videos/2017-09-20_19-24-55/2017-09-20_19-24-55.mp4-bee_id_2815-810-1.png,0,0,False,False,True
train/videos/2017-09-20_19-24-55/2017-09-20_19-24-55.mp4-bee_id_2816-885-1.png,1,1,True,False,True
train/videos/2017-09-20_19-24-55/2017-09-20_19-24-55.mp4-bee_id_2817-945-1.png,0,1,False,False,True
train/videos/2017-09-20_19-24-55/2017-09-20_19-24-55.mp4-bee_id_2818-945-1.png,1,1,True,False,True
train/videos/2017-09-20_19-24-55/2017-09-20_19-24-55.mp4-bee_id_2819-1005-1.png,0,0,False,False,True
train/videos/2017-09-20_19-24-55/2017-09-20_19-24-55.mp4-bee_id_2820-1020-1.png,0,0,False,False,True
train/videos/2017-09-20_19-24-55/2017-09-20_19-24-55.mp4-bee_id_2821-1020-1.png,1,0,True,False,True
train/videos/2017-09-20_19-24-55/2017-09-20_19-24-55.mp4-bee_id_2822-1035-1.png,0,0,False,False,True
train/videos/2017-09-20_19-24-55/2017-09-20_19-24-55.mp4-bee_id_2823-1035-1.png,0,0,False,False,True
train/videos/2017-09-20_19-24-55/2017-09-20_19-24-55.mp4-bee_id_2824-1065-1.png,0,0,False,False,True
train/videos/2017-09-20_19-24-55/2017-09-20_19-24-55.mp4-bee_id_2825-1065-1.png,0,0,False,False,True
train/videos/2017-09-20_19-24-55/2017-09-20_19-24-55.mp4-bee_id_2826-1170-1.png,0,0,False,False,True
train/videos/2017-09-20_19-24-55/2017-09-20_19-24-55.mp4-bee_id_2827-1200-1.png,0,0,False,False,True
train/videos/2017-09-20_19-24-55/2017-09-20_19-24-55.mp4-bee_id_2828-1245-1.png,0,2,False,False,True
train/videos/2017-09-20_19-24-55/2017-09-20_19-24-55.mp4-bee_id_2829-1260-1.png,0,0,False,False,True
train/videos/2017-09-20_19-24-55/2017-09-20_19-24-55.mp4-bee_id_2830-1290-1.png,0,0,False,False,True
train/videos/2017-09-20_19-24-55/2017-09-20_19-24-55.mp4-bee_id_2831-1290-1.png,0,0,False,False,True
train/videos/2017-09-20_19-24-55/2017-09-20_19-24-55.mp4-bee_id_2832-1335-1.png,1,0,True,False,True
train/videos/2017-09-20_19-24-55/2017-09-20_19-24-55.mp4-bee_id_2833-1365-1.png,0,0,False,False,True
train/videos/2017-09-20_19-24-55/2017-09-20_19-24-55.mp4-bee_id_2835-1395-1.png,0,1,False,False,True
train/videos/2017-09-20_19-24-55/2017-09-20_19-24-55.mp4-bee_id_2836-1440-1.png,1,0,True,False,True
train/videos/2017-09-20_19-24-55/2017-09-20_19-24-55.mp4-bee_id_2838-1515-1.png,0,0,False,False,True
train/videos/2017-09-20_19-24-55/2017-09-20_19-24-55.mp4-bee_id_2839-1560-1.png,0,2,False,False,True
train/videos/2017-09-20_19-24-55/2017-09-20_19-24-55.mp4-bee_id_2840-1575-1.png,1,1,True,False,True
train/videos/2017-09-20_19-24-55/2017-09-20_19-24-55.mp4-bee_id_2841-1575-1.png,0,0,False,False,True
train/videos/2017-09-20_19-24-55/2017-09-20_19-24-55.mp4-bee_id_2842-1590-1.png,0,0,False,False,True
train/videos/2017-09-20_19-24-55/2017-09-20_19-24-55.mp4-bee_id_2843-1590-1.png,0,0,False,False,True
train/videos/2017-09-20_19-24-55/2017-09-20_19-24-55.mp4-bee_id_2844-1620-1.png,1,2,True,True,True
train/videos/2017-09-20_19-24-55/2017-09-20_19-24-55.mp4-bee_id_2845-1650-1.png,0,1,False,False,True
train/videos/2017-09-20_19-24-55/2017-09-20_19-24-55.mp4-bee_id_2846-1695-1.png,0,0,False,False,True
train/videos/2017-09-20_19-24-55/2017-09-20_19-24-55.mp4-bee_id_2847-1695-1.png,0,0,False,False,True
train/videos/2017-09-20_19-24-55/2017-09-20_19-24-55.mp4-bee_id_2848-1695-1.png,0,0,False,False,True
train/videos/2017-09-20_19-24-55/2017-09-20_19-24-55.mp4-bee_id_2849-1710-1.png,0,1,False,False,True
train/videos/2017-09-20_19-24-55/2017-09-20_19-24-55.mp4-bee_id_2850-1770-1.png,1,0,True,False,True
train/videos/2017-09-20_19-24-55/2017-09-20_19-24-55.mp4-bee_id_2851-1860-1.png,0,0,False,False,True
train/videos/2017-09-20_19-24-55/2017-09-20_19-24-55.mp4-bee_id_2852-1860-1.png,1,1,True,False,True
train/videos/2017-09-20_19-24-55/2017-09-20_19-24-55.mp4-bee_id_2853-1950-1.png,0,2,False,False,True
train/videos/2017-09-20_19-24-55/2017-09-20_19-24-55.mp4-bee_id_2854-1965-1.png,0,1,False,False,True
train/videos/2017-09-20_19-24-55/2017-09-20_19-24-55.mp4-bee_id_2855-1980-1.png,0,0,False,False,True
train/videos/2017-09-20_19-24-55/2017-09-20_19-24-55.mp4-bee_id_2856-1980-1.png,1,1,True,True,True
train/videos/2017-09-20_19-24-55/2017-09-20_19-24-55.mp4-bee_id_2857-2010-1.png,0,0,False,False,True
train/videos/2017-09-20_19-24-55/2017-09-20_19-24-55.mp4-bee_id_2858-2010-1.png,0,1,False,False,True
train/videos/2017-09-20_19-24-55/2017-09-20_19-24-55.mp4-bee_id_2859-2055-1.png,0,2,False,False,True
train/videos/2017-09-20_19-24-55/2017-09-20_19-24-55.mp4-bee_id_2861-2145-1.png,0,0,False,False,True
train/videos/2017-09-20_19-24-55/2017-09-20_19-24-55.mp4-bee_id_2862-2175-1.png,1,0,True,False,True
train/videos/2017-09-20_19-24-55/2017-09-20_19-24-55.mp4-bee_id_2863-2175-1.png,1,0,True,False,True
train/videos/2017-09-20_19-24-55/2017-09-20_19-24-55.mp4-bee_id_2864-2190-1.png,1,0,True,False,True
train/videos/2017-09-20_19-24-55/2017-09-20_19-24-55.mp4-bee_id_2865-2190-1.png,1,1,True,True,True
train/videos/2017-09-20_19-24-55/2017-09-20_19-24-55.mp4-bee_id_2868-2265-1.png,0,0,False,False,True
train/videos/2017-09-20_19-24-55/2017-09-20_19-24-55.mp4-bee_id_2870-2370-1.png,0,0,False,False,True
train/videos/2017-09-20_19-24-55/2017-09-20_19-24-55.mp4-bee_id_2871-2370-1.png,1,0,True,False,True
train/videos/2017-09-20_19-24-55/2017-09-20_19-24-55.mp4-bee_id_2872-2385-1.png,1,1,True,True,True
train/videos/2017-09-20_19-24-55/2017-09-20_19-24-55.mp4-bee_id_2873-2445-1.png,1,1,True,True,True
train/videos/2017-09-20_19-24-55/2017-09-20_19-24-55.mp4-bee_id_2874-2460-1.png,1,0,True,False,True
train/videos/2017-09-20_19-24-55/2017-09-20_19-24-55.mp4-bee_id_2875-2460-1.png,1,0,True,False,True
train/videos/2017-09-20_19-24-55/2017-09-20_19-24-55.mp4-bee_id_2876-2475-1.png,1,0,True,False,True
train/videos/2017-09-20_19-24-55/2017-09-20_19-24-55.mp4-bee_id_2877-2475-1.png,1,0,True,False,True
train/videos/2017-09-20_19-24-55/2017-09-20_19-24-55.mp4-bee_id_2878-2565-1.png,0,1,False,False,True
train/videos/2017-09-20_19-24-55/2017-09-20_19-24-55.mp4-bee_id_2879-2565-1.png,1,0,True,False,True
train/videos/2017-09-20_19-24-55/2017-09-20_19-24-55.mp4-bee_id_2880-2580-1.png,0,0,False,False,True
train/videos/2017-09-20_19-24-55/2017-09-20_19-24-55.mp4-bee_id_2881-2580-1.png,0,0,False,False,True
train/videos/2017-09-20_19-24-55/2017-09-20_19-24-55.mp4-bee_id_2882-2595-1.png,0,0,False,False,True
train/videos/2017-09-20_19-24-55/2017-09-20_19-24-55.mp4-bee_id_2883-2610-1.png,1,0,True,False,True
train/videos/2017-09-20_19-24-55/2017-09-20_19-24-55.mp4-bee_id_2884-2610-1.png,1,0,True,False,True
train/videos/2017-09-20_19-24-55/2017-09-20_19-24-55.mp4-bee_id_2885-2610-1.png,0,0,False,False,True
train/videos/2017-09-20_19-24-55/2017-09-20_19-24-55.mp4-bee_id_2886-2610-1.png,1,0,True,False,True
train/videos/2017-09-20_19-24-55/2017-09-20_19-24-55.mp4-bee_id_2888-2670-1.png,1,1,True,False,True
train/videos/2017-09-20_19-24-55/2017-09-20_19-24-55.mp4-bee_id_2889-2745-1.png,1,0,True,False,True
train/videos/2017-09-20_19-24-55/2017-09-20_19-24-55.mp4-bee_id_2890-2790-1.png,1,2,True,False,True
train/videos/2017-09-20_19-24-55/2017-09-20_19-24-55.mp4-bee_id_2891-2790-1.png,1,0,True,False,True
train/videos/2017-09-20_19-24-55/2017-09-20_19-24-55.mp4-bee_id_2893-2850-1.png,0,0,False,False,True
train/videos/2017-09-20_19-24-55/2017-09-20_19-24-55.mp4-bee_id_2894-2865-1.png,0,1,False,False,True
train/videos/2017-09-20_19-24-55/2017-09-20_19-24-55.mp4-bee_id_2895-2880-1.png,0,1,False,False,True
train/videos/2017-09-20_19-24-55/2017-09-20_19-24-55.mp4-bee_id_2896-2910-1.png,1,2,True,True,True
train/videos/2017-09-20_19-24-55/2017-09-20_19-24-55.mp4-bee_id_2898-2940-1.png,0,0,False,False,True
train/videos/2017-09-20_19-24-55/2017-09-20_19-24-55.mp4-bee_id_2899-2940-1.png,0,0,False,False,True
train/videos/2017-09-20_19-24-55/2017-09-20_19-24-55.mp4-bee_id_2900-2940-1.png,0,0,False,False,True
train/videos/2017-09-20_19-24-55/2017-09-20_19-24-55.mp4-bee_id_2901-2985-1.png,0,1,False,False,True
train/videos/2017-09-20_19-24-55/2017-09-20_19-24-55.mp4-bee_id_2902-3030-1.png,0,2,False,False,True
train/videos/2017-09-20_19-24-55/2017-09-20_19-24-55.mp4-bee_id_2903-3030-1.png,1,1,True,False,True
train/videos/2017-09-20_19-24-55/2017-09-20_19-24-55.mp4-bee_id_2904-3060-1.png,0,2,False,False,True
train/videos/2017-09-20_19-24-55/2017-09-20_19-24-55.mp4-bee_id_2906-3105-1.png,0,0,False,False,True
train/videos/2017-09-20_19-24-55/2017-09-20_19-24-55.mp4-bee_id_2907-3135-1.png,0,0,False,False,True
train/videos/2017-09-20_19-24-55/2017-09-20_19-24-55.mp4-bee_id_2908-3165-1.png,0,0,False,False,True
train/videos/2017-09-20_19-24-55/2017-09-20_19-24-55.mp4-bee_id_2909-3180-1.png,0,0,False,False,True
train/videos/2017-09-20_19-24-55/2017-09-20_19-24-55.mp4-bee_id_2910-3180-1.png,0,0,False,False,True
train/videos/2017-09-20_19-24-55/2017-09-20_19-24-55.mp4-bee_id_2911-3195-1.png,0,0,False,False,True
train/videos/2017-09-20_19-24-55/2017-09-20_19-24-55.mp4-bee_id_2912-3225-1.png,1,1,True,False,True
train/videos/2017-09-20_19-24-55/2017-09-20_19-24-55.mp4-bee_id_2914-3270-1.png,0,0,False,False,True
train/videos/2017-09-20_19-24-55/2017-09-20_19-24-55.mp4-bee_id_2915-3270-1.png,0,0,False,False,True
train/videos/2017-09-20_19-24-55/2017-09-20_19-24-55.mp4-bee_id_2916-3270-1.png,1,0,True,False,True
train/videos/2017-09-20_19-24-55/2017-09-20_19-24-55.mp4-bee_id_2917-3285-1.png,1,1,True,False,True
train/videos/2017-09-20_19-24-55/2017-09-20_19-24-55.mp4-bee_id_2918-3300-1.png,0,0,False,False,True
train/videos/2017-09-20_19-24-55/2017-09-20_19-24-55.mp4-bee_id_2919-3345-1.png,0,0,False,False,True
train/videos/2017-09-20_19-24-55/2017-09-20_19-24-55.mp4-bee_id_2922-3405-1.png,0,0,False,False,True
train/videos/2017-09-20_19-24-55/2017-09-20_19-24-55.mp4-bee_id_2923-3405-1.png,0,0,False,False,True
train/videos/2017-09-20_19-24-55/2017-09-20_19-24-55.mp4-bee_id_2924-3450-1.png,0,0,False,False,True
train/videos/2017-09-20_19-24-55/2017-09-20_19-24-55.mp4-bee_id_2925-3480-1.png,0,1,False,False,True
train/videos/2017-09-20_19-24-55/2017-09-20_19-24-55.mp4-bee_id_2926-3495-1.png,1,0,True,False,True
train/videos/2017-09-20_19-24-55/2017-09-20_19-24-55.mp4-bee_id_2927-3570-1.png,0,0,False,False,True
train/videos/2017-09-20_19-24-55/2017-09-20_19-24-55.mp4-bee_id_2928-3570-1.png,0,0,False,False,True
train/videos/2017-09-20_19-24-55/2017-09-20_19-24-55.mp4-bee_id_2930-3600-1.png,0,0,False,False,True
train/videos/2017-09-20_19-24-55/2017-09-20_19-24-55.mp4-bee_id_2931-3615-1.png,1,0,True,False,True
train/videos/2017-09-20_19-24-55/2017-09-20_19-24-55.mp4-bee_id_2933-3630-1.png,0,0,False,False,True
train/videos/2017-09-20_19-24-55/2017-09-20_19-24-55.mp4-bee_id_2934-3630-1.png,1,1,True,False,True
train/videos/2017-09-20_19-24-55/2017-09-20_19-24-55.mp4-bee_id_2935-3645-1.png,0,2,False,False,True
train/videos/2017-09-20_19-24-55/2017-09-20_19-24-55.mp4-bee_id_2936-3705-1.png,1,0,True,False,True
train/videos/2017-09-20_19-24-55/2017-09-20_19-24-55.mp4-bee_id_2937-3735-1.png,0,0,False,False,True
train/videos/2017-09-20_19-24-55/2017-09-20_19-24-55.mp4-bee_id_2938-3750-1.png,0,0,False,False,True
train/videos/2017-09-20_19-24-55/2017-09-20_19-24-55.mp4-bee_id_2939-3765-1.png,0,0,False,False,True
train/videos/2017-09-20_19-24-55/2017-09-20_19-24-55.mp4-bee_id_2940-3765-1.png,0,0,False,False,True
train/videos/2017-09-20_19-24-55/2017-09-20_19-24-55.mp4-bee_id_2941-3780-1.png,0,0,False,False,True
train/videos/2017-09-20_19-24-55/2017-09-20_19-24-55.mp4-bee_id_2942-3795-1.png,0,0,False,False,True
train/videos/2017-09-20_19-24-55/2017-09-20_19-24-55.mp4-bee_id_2943-3900-1.png,0,0,False,False,True
train/videos/2017-09-20_19-24-55/2017-09-20_19-24-55.mp4-bee_id_2945-3960-1.png,0,0,False,False,True
train/videos/2017-09-20_19-24-55/2017-09-20_19-24-55.mp4-bee_id_2947-4005-1.png,0,0,False,False,True
train/videos/2017-09-20_19-24-55/2017-09-20_19-24-55.mp4-bee_id_2948-4080-1.png,0,0,False,False,True
train/videos/2017-09-20_19-24-55/2017-09-20_19-24-55.mp4-bee_id_2949-4110-1.png,0,0,False,False,True
train/videos/2017-09-20_19-24-55/2017-09-20_19-24-55.mp4-bee_id_2950-4110-1.png,0,1,False,False,True
train/videos/2017-09-20_19-24-55/2017-09-20_19-24-55.mp4-bee_id_2952-4125-1.png,0,0,False,False,True
train/videos/2017-09-20_19-24-55/2017-09-20_19-24-55.mp4-bee_id_2953-4140-1.png,1,1,True,False,True
train/videos/2017-09-20_19-24-55/2017-09-20_19-24-55.mp4-bee_id_2954-4215-1.png,0,0,False,False,True
train/videos/2017-09-20_19-24-55/2017-09-20_19-24-55.mp4-bee_id_2955-4215-1.png,0,0,False,False,True
train/videos/2017-09-20_19-24-55/2017-09-20_19-24-55.mp4-bee_id_2956-4245-1.png,0,0,False,False,True
train/videos/2017-09-20_19-24-55/2017-09-20_19-24-55.mp4-bee_id_2957-4260-1.png,1,1,True,True,True
train/videos/2017-09-20_19-24-55/2017-09-20_19-24-55.mp4-bee_id_2958-4290-1.png,0,0,False,False,True
train/videos/2017-09-20_19-24-55/2017-09-20_19-24-55.mp4-bee_id_2959-4305-1.png,0,0,False,False,True
train/videos/2017-09-20_19-24-55/2017-09-20_19-24-55.mp4-bee_id_2960-4320-1.png,0,0,False,False,True
train/videos/2017-09-20_19-24-55/2017-09-20_19-24-55.mp4-bee_id_2961-4365-1.png,1,0,True,False,True
train/videos/2017-09-20_19-24-55/2017-09-20_19-24-55.mp4-bee_id_2962-4380-1.png,1,1,True,False,True
train/videos/2017-09-20_19-24-55/2017-09-20_19-24-55.mp4-bee_id_2963-4440-1.png,1,1,True,False,True
train/videos/2017-09-20_19-24-55/2017-09-20_19-24-55.mp4-bee_id_2965-4500-1.png,0,0,False,False,True
train/videos/2017-09-20_19-24-55/2017-09-20_19-24-55.mp4-bee_id_2968-4545-1.png,0,1,False,False,True
train/videos/2017-09-20_19-24-55/2017-09-20_19-24-55.mp4-bee_id_2970-4575-1.png,0,2,False,False,True
train/videos/2017-09-20_19-24-55/2017-09-20_19-24-55.mp4-bee_id_2971-4575-1.png,1,1,True,True,True
train/videos/2017-09-20_19-24-55/2017-09-20_19-24-55.mp4-bee_id_2972-4575-1.png,1,0,True,False,True
train/videos/2017-09-20_19-24-55/2017-09-20_19-24-55.mp4-bee_id_2974-4590-1.png,1,0,True,False,True
train/videos/2017-09-20_19-24-55/2017-09-20_19-24-55.mp4-bee_id_2975-4605-1.png,1,0,True,False,True
train/videos/2017-09-20_19-24-55/2017-09-20_19-24-55.mp4-bee_id_2976-4620-1.png,0,0,False,False,True
train/videos/2017-09-20_19-24-55/2017-09-20_19-24-55.mp4-bee_id_2977-4635-1.png,1,1,True,False,True
train/videos/2017-09-20_19-24-55/2017-09-20_19-24-55.mp4-bee_id_2978-4680-1.png,1,0,True,False,True
train/videos/2017-09-20_19-24-55/2017-09-20_19-24-55.mp4-bee_id_2979-4695-1.png,1,0,True,False,True
train/videos/2017-09-20_19-24-55/2017-09-20_19-24-55.mp4-bee_id_2980-4695-1.png,1,1,True,True,True
train/videos/2017-09-20_19-24-55/2017-09-20_19-24-55.mp4-bee_id_2981-4725-1.png,0,0,False,False,True
train/videos/2017-09-20_19-24-55/2017-09-20_19-24-55.mp4-bee_id_2983-4800-1.png,1,0,True,False,True
train/videos/2017-09-20_19-24-55/2017-09-20_19-24-55.mp4-bee_id_2984-4845-1.png,0,0,False,False,True
train/videos/2017-09-20_19-24-55/2017-09-20_19-24-55.mp4-bee_id_2985-4920-1.png,1,1,True,False,True
train/videos/2017-09-20_19-24-55/2017-09-20_19-24-55.mp4-bee_id_2986-4965-1.png,0,1,False,False,True
train/videos/2017-09-20_19-24-55/2017-09-20_19-24-55.mp4-bee_id_2987-4995-1.png,0,1,False,False,True
train/videos/2017-09-20_19-24-55/2017-09-20_19-24-55.mp4-bee_id_2988-4995-1.png,0,0,False,False,True
train/videos/2017-09-20_19-24-55/2017-09-20_19-24-55.mp4-bee_id_2989-5010-1.png,1,0,True,False,True
train/videos/2017-09-20_19-24-55/2017-09-20_19-24-55.mp4-bee_id_2990-5025-1.png,1,1,True,True,True
train/videos/2017-09-20_19-24-55/2017-09-20_19-24-55.mp4-bee_id_2991-5040-1.png,0,0,False,False,True
train/videos/2017-09-20_19-24-55/2017-09-20_19-24-55.mp4-bee_id_2992-5055-1.png,1,0,True,False,True
train/videos/2017-09-20_19-24-55/2017-09-20_19-24-55.mp4-bee_id_2993-5070-1.png,1,1,True,True,True
train/videos/2017-09-20_19-24-55/2017-09-20_19-24-55.mp4-bee_id_2995-5115-1.png,1,2,True,True,True
train/videos/2017-09-20_19-24-55/2017-09-20_19-24-55.mp4-bee_id_2996-5190-1.png,1,0,True,False,True
train/videos/2017-09-20_19-24-55/2017-09-20_19-24-55.mp4-bee_id_2997-5205-1.png,0,0,False,False,True
train/videos/2017-09-20_19-24-55/2017-09-20_19-24-55.mp4-bee_id_3000-5325-1.png,0,1,False,False,True
train/videos/2017-09-20_19-24-55/2017-09-20_19-24-55.mp4-bee_id_3001-5340-1.png,0,0,False,False,True
train/videos/2017-09-20_19-24-55/2017-09-20_19-24-55.mp4-bee_id_3002-5355-1.png,0,1,False,False,True
train/videos/2017-09-20_19-24-55/2017-09-20_19-24-55.mp4-bee_id_3003-5385-1.png,1,1,True,True,True
train/videos/2017-09-20_19-24-55/2017-09-20_19-24-55.mp4-bee_id_3004-5415-1.png,0,2,False,False,True
train/videos/2017-09-20_19-24-55/2017-09-20_19-24-55.mp4-bee_id_3005-5445-1.png,0,0,False,False,True
train/videos/2017-09-20_19-24-55/2017-09-20_19-24-55.mp4-bee_id_3007-5565-1.png,1,1,True,False,True
train/videos/2017-09-20_19-24-55/2017-09-20_19-24-55.mp4-bee_id_3008-5565-1.png,0,0,False,False,True
train/videos/2017-09-20_19-24-55/2017-09-20_19-24-55.mp4-bee_id_3009-5580-1.png,1,1,True,True,True
train/videos/2017-09-20_19-24-55/2017-09-20_19-24-55.mp4-bee_id_3010-5595-1.png,0,0,False,False,True
train/videos/2017-09-20_19-24-55/2017-09-20_19-24-55.mp4-bee_id_3011-5625-1.png,1,2,True,False,True
train/videos/2017-09-20_19-24-55/2017-09-20_19-24-55.mp4-bee_id_3012-5625-1.png,0,2,False,False,True
train/videos/2017-09-20_19-24-55/2017-09-20_19-24-55.mp4-bee_id_3013-5640-1.png,1,0,True,False,True
train/videos/2017-09-20_19-24-55/2017-09-20_19-24-55.mp4-bee_id_3014-5655-1.png,0,0,False,False,True
train/videos/2017-09-20_19-24-55/2017-09-20_19-24-55.mp4-bee_id_3015-5685-1.png,0,0,False,False,True
train/videos/2017-09-20_19-24-55/2017-09-20_19-24-55.mp4-bee_id_3016-5700-1.png,0,0,False,False,True
train/videos/2017-09-20_19-24-55/2017-09-20_19-24-55.mp4-bee_id_3017-5715-1.png,0,1,False,False,True
train/videos/2017-09-20_19-24-55/2017-09-20_19-24-55.mp4-bee_id_3018-5775-1.png,0,0,False,False,True
train/videos/2017-09-20_19-24-55/2017-09-20_19-24-55.mp4-bee_id_3019-5790-1.png,0,0,False,False,True
train/videos/2017-09-20_19-24-55/2017-09-20_19-24-55.mp4-bee_id_3020-5805-1.png,0,0,False,False,True
train/videos/2017-09-20_19-24-55/2017-09-20_19-24-55.mp4-bee_id_3021-5835-1.png,0,0,False,False,True
train/videos/2017-09-20_19-24-55/2017-09-20_19-24-55.mp4-bee_id_3022-5880-1.png,0,0,False,False,True
train/videos/2017-09-20_19-24-55/2017-09-20_19-24-55.mp4-bee_id_3023-5910-1.png,0,0,False,False,True
train/videos/2017-09-20_19-24-55/2017-09-20_19-24-55.mp4-bee_id_3024-5955-1.png,1,0,True,False,True
train/videos/2017-09-20_19-24-55/2017-09-20_19-24-55.mp4-bee_id_3025-5985-1.png,0,0,False,False,True
train/videos/2017-09-20_19-24-55/2017-09-20_19-24-55.mp4-bee_id_3026-6000-1.png,1,0,True,False,True
train/videos/2017-09-20_19-24-55/2017-09-20_19-24-55.mp4-bee_id_3027-6075-1.png,0,0,False,False,True
train/videos/2017-09-20_19-24-55/2017-09-20_19-24-55.mp4-bee_id_3028-6135-1.png,0,1,False,False,True
train/videos/2017-09-20_19-24-55/2017-09-20_19-24-55.mp4-bee_id_3029-6150-1.png,1,0,True,False,True
train/videos/2017-09-20_19-24-55/2017-09-20_19-24-55.mp4-bee_id_3030-6150-1.png,0,0,False,False,True
train/videos/2017-09-20_19-24-55/2017-09-20_19-24-55.mp4-bee_id_3032-6195-1.png,0,1,False,False,True
train/videos/2017-09-20_19-24-55/2017-09-20_19-24-55.mp4-bee_id_3034-6255-1.png,1,2,True,True,True
train/videos/2017-09-20_19-24-55/2017-09-20_19-24-55.mp4-bee_id_3035-6270-1.png,1,0,True,False,True
train/videos/2017-09-20_19-24-55/2017-09-20_19-24-55.mp4-bee_id_3036-6270-1.png,1,0,True,False,True
train/videos/2017-09-20_19-24-55/2017-09-20_19-24-55.mp4-bee_id_3037-6285-1.png,1,0,True,False,True
train/videos/2017-09-20_19-24-55/2017-09-20_19-24-55.mp4-bee_id_3039-6360-1.png,1,0,True,False,True
train/videos/2017-09-20_19-24-55/2017-09-20_19-24-55.mp4-bee_id_3040-6360-1.png,0,1,False,False,True
train/videos/2017-09-20_19-24-55/2017-09-20_19-24-55.mp4-bee_id_3042-6390-1.png,0,2,False,False,True
train/videos/2017-09-20_19-24-55/2017-09-20_19-24-55.mp4-bee_id_3043-6420-1.png,0,0,False,False,True
train/videos/2017-09-20_19-24-55/2017-09-20_19-24-55.mp4-bee_id_3044-6480-1.png,1,1,True,False,True
train/videos/2017-09-20_19-24-55/2017-09-20_19-24-55.mp4-bee_id_3045-6480-1.png,0,1,False,False,True
train/videos/2017-09-20_19-24-55/2017-09-20_19-24-55.mp4-bee_id_3046-6480-1.png,0,0,False,False,True
train/videos/2017-09-20_19-24-55/2017-09-20_19-24-55.mp4-bee_id_3047-6510-1.png,0,0,False,False,True
train/videos/2017-09-20_19-24-55/2017-09-20_19-24-55.mp4-bee_id_3048-6510-1.png,0,2,False,False,True
train/videos/2017-09-20_19-24-55/2017-09-20_19-24-55.mp4-bee_id_3049-6510-1.png,1,2,True,True,True
train/videos/2017-09-20_19-24-55/2017-09-20_19-24-55.mp4-bee_id_3050-6525-1.png,0,0,False,False,True
train/videos/2017-09-20_19-24-55/2017-09-20_19-24-55.mp4-bee_id_3052-6645-1.png,1,0,True,False,True
train/videos/2017-09-20_19-24-55/2017-09-20_19-24-55.mp4-bee_id_3053-6660-1.png,0,1,False,False,True
train/videos/2017-09-20_19-24-55/2017-09-20_19-24-55.mp4-bee_id_3054-6690-1.png,0,0,False,False,True
train/videos/2017-09-20_19-24-55/2017-09-20_19-24-55.mp4-bee_id_3055-6735-1.png,0,0,False,False,True
train/videos/2017-09-20_19-24-55/2017-09-20_19-24-55.mp4-bee_id_3056-6840-1.png,0,0,False,False,True
train/videos/2017-09-20_19-24-55/2017-09-20_19-24-55.mp4-bee_id_3057-6855-1.png,0,2,False,False,True
train/videos/2017-09-20_19-24-55/2017-09-20_19-24-55.mp4-bee_id_3058-6885-1.png,1,0,True,False,True
train/videos/2017-09-20_19-24-55/2017-09-20_19-24-55.mp4-bee_id_3059-6900-1.png,1,1,True,False,True
train/videos/2017-09-20_19-24-55/2017-09-20_19-24-55.mp4-bee_id_3060-6915-1.png,1,0,True,False,True
train/videos/2017-09-20_19-24-55/2017-09-20_19-24-55.mp4-bee_id_3061-6960-1.png,1,1,True,True,True
train/videos/2017-09-20_19-24-55/2017-09-20_19-24-55.mp4-bee_id_3062-6975-1.png,0,0,False,False,True
train/videos/2017-09-20_19-24-55/2017-09-20_19-24-55.mp4-bee_id_3063-7020-1.png,0,0,False,False,True
train/videos/2017-09-20_19-24-55/2017-09-20_19-24-55.mp4-bee_id_3064-7035-1.png,0,1,False,False,True
train/videos/2017-09-20_19-24-55/2017-09-20_19-24-55.mp4-bee_id_3065-7050-1.png,0,0,False,False,True
train/videos/2017-09-20_19-24-55/2017-09-20_19-24-55.mp4-bee_id_3066-7095-1.png,0,0,False,False,True
train/videos/2017-09-20_19-24-55/2017-09-20_19-24-55.mp4-bee_id_3067-7125-1.png,1,0,True,False,True
train/videos/2017-09-20_19-24-55/2017-09-20_19-24-55.mp4-bee_id_3068-7140-1.png,1,0,True,False,True
train/videos/2017-09-20_19-24-55/2017-09-20_19-24-55.mp4-bee_id_3069-7200-1.png,1,0,True,False,True
train/videos/2017-09-20_19-24-55/2017-09-20_19-24-55.mp4-bee_id_3070-7305-1.png,1,0,True,False,True
train/videos/2017-09-20_19-24-55/2017-09-20_19-24-55.mp4-bee_id_3071-7335-1.png,1,0,True,False,True
train/videos/2017-09-20_19-24-55/2017-09-20_19-24-55.mp4-bee_id_3072-7380-1.png,0,0,False,False,True
train/videos/2017-09-20_19-24-55/2017-09-20_19-24-55.mp4-bee_id_3075-7410-1.png,0,1,False,False,True
train/videos/2017-09-20_19-24-55/2017-09-20_19-24-55.mp4-bee_id_3076-7410-1.png,0,0,False,False,True
train/videos/2017-09-20_19-24-55/2017-09-20_19-24-55.mp4-bee_id_3077-7455-1.png,1,1,True,False,True
train/videos/2017-09-20_19-24-55/2017-09-20_19-24-55.mp4-bee_id_3078-7485-1.png,0,0,False,False,True
train/videos/2017-09-20_19-24-55/2017-09-20_19-24-55.mp4-bee_id_3079-7500-1.png,0,1,False,False,True
train/videos/2017-09-20_19-24-55/2017-09-20_19-24-55.mp4-bee_id_3080-7515-1.png,0,0,False,False,True
train/videos/2017-09-20_19-24-55/2017-09-20_19-24-55.mp4-bee_id_3081-7515-1.png,0,0,False,False,True
train/videos/2017-09-20_19-24-55/2017-09-20_19-24-55.mp4-bee_id_3082-7530-1.png,0,0,False,False,True
train/videos/2017-09-20_19-24-55/2017-09-20_19-24-55.mp4-bee_id_3084-7620-1.png,0,0,False,False,True
train/videos/2017-09-20_19-24-55/2017-09-20_19-24-55.mp4-bee_id_3085-7665-1.png,0,0,False,False,True
train/videos/2017-09-20_19-24-55/2017-09-20_19-24-55.mp4-bee_id_3086-7665-1.png,0,0,False,False,True
train/videos/2017-09-20_19-24-55/2017-09-20_19-24-55.mp4-bee_id_3089-7785-1.png,0,0,False,False,True
train/videos/2017-09-20_19-24-55/2017-09-20_19-24-55.mp4-bee_id_3090-7815-1.png,0,1,False,False,True
train/videos/2017-09-20_19-24-55/2017-09-20_19-24-55.mp4-bee_id_3091-7815-1.png,1,0,True,False,True
train/videos/2017-09-20_19-24-55/2017-09-20_19-24-55.mp4-bee_id_3092-7830-1.png,1,0,True,False,True
train/videos/2017-09-20_19-24-55/2017-09-20_19-24-55.mp4-bee_id_3093-7860-1.png,0,0,False,False,True
train/videos/2017-09-20_19-24-55/2017-09-20_19-24-55.mp4-bee_id_3094-7890-1.png,0,2,False,False,True
train/videos/2017-09-20_19-24-55/2017-09-20_19-24-55.mp4-bee_id_3095-7980-1.png,0,0,False,False,True
train/videos/2017-09-20_19-24-55/2017-09-20_19-24-55.mp4-bee_id_3096-7995-1.png,0,2,False,False,True
train/videos/2017-09-20_19-24-55/2017-09-20_19-24-55.mp4-bee_id_3097-8040-1.png,1,2,True,False,True
train/videos/2017-09-20_19-24-55/2017-09-20_19-24-55.mp4-bee_id_3098-8040-1.png,0,1,False,False,True
train/videos/2017-09-20_19-24-55/2017-09-20_19-24-55.mp4-bee_id_3099-8070-1.png,0,0,False,False,True
train/videos/2017-09-20_19-24-55/2017-09-20_19-24-55.mp4-bee_id_3100-8130-1.png,0,0,False,False,True
train/videos/2017-09-20_19-24-55/2017-09-20_19-24-55.mp4-bee_id_3101-8175-1.png,1,0,True,False,True
train/videos/2017-09-20_19-24-55/2017-09-20_19-24-55.mp4-bee_id_3102-8265-1.png,0,0,False,False,True
train/videos/2017-09-20_19-24-55/2017-09-20_19-24-55.mp4-bee_id_3103-8325-1.png,0,0,False,False,True
train/videos/2017-09-20_19-24-55/2017-09-20_19-24-55.mp4-bee_id_3104-8325-1.png,0,0,False,False,True
train/videos/2017-09-20_19-24-55/2017-09-20_19-24-55.mp4-bee_id_3105-8355-1.png,0,0,False,False,True
train/videos/2017-09-20_19-24-55/2017-09-20_19-24-55.mp4-bee_id_3106-8355-1.png,0,0,False,False,True
train/videos/2017-09-20_19-24-55/2017-09-20_19-24-55.mp4-bee_id_3107-8370-1.png,0,1,False,False,True
train/videos/2017-09-20_19-24-55/2017-09-20_19-24-55.mp4-bee_id_3108-8385-1.png,0,0,False,False,True
train/videos/2017-09-20_19-24-55/2017-09-20_19-24-55.mp4-bee_id_3109-8490-1.png,1,1,True,True,True
train/videos/2017-09-20_19-24-55/2017-09-20_19-24-55.mp4-bee_id_3110-8520-1.png,0,0,False,False,True
train/videos/2017-09-20_19-24-55/2017-09-20_19-24-55.mp4-bee_id_3111-8520-1.png,0,1,False,False,True
train/videos/2017-09-20_19-24-55/2017-09-20_19-24-55.mp4-bee_id_3112-8565-1.png,0,2,False,False,True
train/videos/2017-09-20_19-24-55/2017-09-20_19-24-55.mp4-bee_id_3113-8580-1.png,1,0,True,False,True
train/videos/2017-09-20_19-24-55/2017-09-20_19-24-55.mp4-bee_id_3114-8625-1.png,1,1,True,True,True
train/videos/2017-09-20_19-24-55/2017-09-20_19-24-55.mp4-bee_id_3115-8625-1.png,0,1,False,False,True
train/videos/2017-09-20_19-24-55/2017-09-20_19-24-55.mp4-bee_id_3116-8625-1.png,0,0,False,False,True
train/videos/2017-09-20_19-24-55/2017-09-20_19-24-55.mp4-bee_id_3117-8640-1.png,0,1,False,False,True
train/videos/2017-09-20_19-24-55/2017-09-20_19-24-55.mp4-bee_id_3118-8700-1.png,0,0,False,False,True
train/videos/2017-09-20_19-24-55/2017-09-20_19-24-55.mp4-bee_id_3119-8700-1.png,1,0,True,False,True
train/videos/2017-09-20_19-24-55/2017-09-20_19-24-55.mp4-bee_id_3120-8715-1.png,1,1,True,True,True
train/videos/2017-09-20_19-24-55/2017-09-20_19-24-55.mp4-bee_id_3121-8820-1.png,1,0,True,False,True
train/videos/2017-09-20_19-24-55/2017-09-20_19-24-55.mp4-bee_id_3122-8835-1.png,0,1,False,False,True
train/videos/2017-09-20_19-24-55/2017-09-20_19-24-55.mp4-bee_id_3123-8940-1.png,0,1,False,False,True
train/videos/2017-09-20_19-24-55/2017-09-20_19-24-55.mp4-bee_id_3124-8955-1.png,0,2,False,False,True
train/videos/2017-09-20_19-24-55/2017-09-20_19-24-55.mp4-bee_id_3125-8970-1.png,0,0,False,False,True
train/videos/2017-09-20_19-24-55/2017-09-20_19-24-55.mp4-bee_id_3126-8985-1.png,0,0,False,False,True
train/videos/2017-09-20_19-24-55/2017-09-20_19-24-55.mp4-bee_id_3127-8985-1.png,0,1,False,False,True
train/videos/2017-09-20_19-24-55/2017-09-20_19-24-55.mp4-bee_id_3128-8985-1.png,0,0,False,False,True
train/videos/2017-09-20_19-24-55/2017-09-20_19-24-55.mp4-bee_id_3129-9030-1.png,0,0,False,False,True
train/videos/2017-09-20_19-24-55/2017-09-20_19-24-55.mp4-bee_id_3132-9240-1.png,1,0,True,False,True
train/videos/2017-09-20_19-24-55/2017-09-20_19-24-55.mp4-bee_id_3133-9255-1.png,1,1,True,True,True
train/videos/2017-09-20_19-24-55/2017-09-20_19-24-55.mp4-bee_id_3134-9270-1.png,0,0,False,False,True
train/videos/2017-09-20_19-24-55/2017-09-20_19-24-55.mp4-bee_id_3135-9285-1.png,0,0,False,False,True
train/videos/2017-09-20_19-24-55/2017-09-20_19-24-55.mp4-bee_id_3136-9285-1.png,0,0,False,False,True
train/videos/2017-09-20_19-24-55/2017-09-20_19-24-55.mp4-bee_id_3137-9330-1.png,0,1,False,False,True
train/videos/2017-09-20_19-24-55/2017-09-20_19-24-55.mp4-bee_id_3138-9420-1.png,0,0,False,False,True
train/videos/2017-09-20_19-24-55/2017-09-20_19-24-55.mp4-bee_id_3141-9465-1.png,0,0,False,False,True
train/videos/2017-09-20_19-24-55/2017-09-20_19-24-55.mp4-bee_id_3142-9465-1.png,0,1,False,False,True
train/videos/2017-09-20_19-24-55/2017-09-20_19-24-55.mp4-bee_id_3143-9495-1.png,0,0,False,False,True
train/videos/2017-09-20_19-24-55/2017-09-20_19-24-55.mp4-bee_id_3144-9540-1.png,1,1,True,True,True
train/videos/2017-09-20_19-24-55/2017-09-20_19-24-55.mp4-bee_id_3146-9555-1.png,1,1,True,True,True
train/videos/2017-09-20_19-24-55/2017-09-20_19-24-55.mp4-bee_id_3148-9570-1.png,0,1,False,False,True
train/videos/2017-09-20_19-24-55/2017-09-20_19-24-55.mp4-bee_id_3149-9600-1.png,1,0,True,False,True
train/videos/2017-09-20_19-24-55/2017-09-20_19-24-55.mp4-bee_id_3150-9630-1.png,0,1,False,False,True
train/videos/2017-09-20_19-24-55/2017-09-20_19-24-55.mp4-bee_id_3151-9690-1.png,1,2,True,True,True
train/videos/2017-09-20_19-24-55/2017-09-20_19-24-55.mp4-bee_id_3152-9705-1.png,0,0,False,False,True
train/videos/2017-09-20_19-24-55/2017-09-20_19-24-55.mp4-bee_id_3154-9780-1.png,1,1,True,True,True
train/videos/2017-09-20_19-24-55/2017-09-20_19-24-55.mp4-bee_id_3155-9825-1.png,0,0,False,False,True
train/videos/2017-09-20_19-24-55/2017-09-20_19-24-55.mp4-bee_id_3156-9855-1.png,0,1,False,False,True
train/videos/2017-09-20_19-24-55/2017-09-20_19-24-55.mp4-bee_id_3158-9900-1.png,1,0,True,False,True
train/videos/2017-09-20_19-24-55/2017-09-20_19-24-55.mp4-bee_id_3159-10020-1.png,0,1,False,False,True
train/videos/2017-09-20_19-24-55/2017-09-20_19-24-55.mp4-bee_id_3160-10035-1.png,0,0,False,False,True
train/videos/2017-09-20_19-24-55/2017-09-20_19-24-55.mp4-bee_id_3161-10080-1.png,0,0,False,False,True
train/videos/2017-09-20_19-24-55/2017-09-20_19-24-55.mp4-bee_id_3162-10080-1.png,0,0,False,False,True
train/videos/2017-09-20_19-24-55/2017-09-20_19-24-55.mp4-bee_id_3163-10140-1.png,0,1,False,False,True
train/videos/2017-09-20_19-24-55/2017-09-20_19-24-55.mp4-bee_id_3164-10185-1.png,0,2,False,False,True
train/videos/2017-09-20_19-24-55/2017-09-20_19-24-55.mp4-bee_id_3165-10200-1.png,1,1,True,True,True
train/videos/2017-09-20_19-24-55/2017-09-20_19-24-55.mp4-bee_id_3166-10230-1.png,0,1,False,False,True
train/videos/2017-09-20_19-24-55/2017-09-20_19-24-55.mp4-bee_id_3167-10230-1.png,1,0,True,False,True
train/videos/2017-09-20_19-24-55/2017-09-20_19-24-55.mp4-bee_id_3168-10275-1.png,1,0,True,False,True
train/videos/2017-09-20_19-24-55/2017-09-20_19-24-55.mp4-bee_id_3169-10275-1.png,1,0,True,False,True
train/videos/2017-09-20_19-24-55/2017-09-20_19-24-55.mp4-bee_id_3170-10365-1.png,0,1,False,False,True
train/videos/2017-09-20_19-24-55/2017-09-20_19-24-55.mp4-bee_id_3171-10425-1.png,0,0,False,False,True
train/videos/2017-09-20_19-24-55/2017-09-20_19-24-55.mp4-bee_id_3172-10440-1.png,0,0,False,False,True
train/videos/2017-09-20_19-24-55/2017-09-20_19-24-55.mp4-bee_id_3173-10455-1.png,0,0,False,False,True
train/videos/2017-09-20_19-24-55/2017-09-20_19-24-55.mp4-bee_id_3174-10455-1.png,0,1,False,False,True
train/videos/2017-09-20_19-24-55/2017-09-20_19-24-55.mp4-bee_id_3175-10485-1.png,0,1,False,False,True
train/videos/2017-09-20_19-24-55/2017-09-20_19-24-55.mp4-bee_id_3176-10515-1.png,0,0,False,False,True
train/videos/2017-09-20_19-24-55/2017-09-20_19-24-55.mp4-bee_id_3177-10530-1.png,0,0,False,False,True
train/videos/2017-09-20_19-24-55/2017-09-20_19-24-55.mp4-bee_id_3178-10530-1.png,0,1,False,False,True
train/videos/2017-09-20_19-24-55/2017-09-20_19-24-55.mp4-bee_id_3179-10560-1.png,0,2,False,False,True
train/videos/2017-09-20_19-24-55/2017-09-20_19-24-55.mp4-bee_id_3180-10575-1.png,0,1,False,False,True
train/videos/2017-09-20_19-24-55/2017-09-20_19-24-55.mp4-bee_id_3181-10590-1.png,0,1,False,False,True
train/videos/2017-09-20_19-24-55/2017-09-20_19-24-55.mp4-bee_id_3182-10650-1.png,0,0,False,False,True
train/videos/2017-09-20_19-24-55/2017-09-20_19-24-55.mp4-bee_id_3183-10740-1.png,0,0,False,False,True
train/videos/2017-09-20_19-24-55/2017-09-20_19-24-55.mp4-bee_id_3185-10740-1.png,0,0,False,False,True
train/videos/2017-09-20_19-24-55/2017-09-20_19-24-55.mp4-bee_id_3187-10830-1.png,0,0,False,False,True
train/videos/2017-09-20_19-24-55/2017-09-20_19-24-55.mp4-bee_id_3188-10845-1.png,1,1,True,False,True
train/videos/2017-09-20_19-24-55/2017-09-20_19-24-55.mp4-bee_id_3189-10905-1.png,1,0,True,False,True
train/videos/2017-09-20_19-24-55/2017-09-20_19-24-55.mp4-bee_id_3190-10935-1.png,1,0,True,False,True
train/videos/2017-09-20_19-24-55/2017-09-20_19-24-55.mp4-bee_id_3191-10935-1.png,1,0,True,False,True
train/videos/2017-09-20_19-24-55/2017-09-20_19-24-55.mp4-bee_id_3192-10965-1.png,0,0,False,False,True
train/videos/2017-09-20_19-24-55/2017-09-20_19-24-55.mp4-bee_id_3193-10965-1.png,0,0,False,False,True
train/videos/2017-09-20_19-24-55/2017-09-20_19-24-55.mp4-bee_id_3194-10995-1.png,0,0,False,False,True
train/videos/2017-09-20_19-24-55/2017-09-20_19-24-55.mp4-bee_id_3196-11160-1.png,0,0,False,False,True
train/videos/2017-09-20_19-24-55/2017-09-20_19-24-55.mp4-bee_id_3197-11175-1.png,0,0,False,False,True
train/videos/2017-09-20_19-24-55/2017-09-20_19-24-55.mp4-bee_id_3198-11175-1.png,0,0,False,False,True
train/videos/2017-09-20_19-24-55/2017-09-20_19-24-55.mp4-bee_id_3200-11205-1.png,0,0,False,False,True
train/videos/2017-09-20_19-24-55/2017-09-20_19-24-55.mp4-bee_id_3201-11265-1.png,0,0,False,False,True
train/videos/2017-09-20_19-24-55/2017-09-20_19-24-55.mp4-bee_id_3202-11310-1.png,0,0,False,False,True
train/videos/2017-09-20_19-24-55/2017-09-20_19-24-55.mp4-bee_id_3204-11355-1.png,1,0,True,False,True
train/videos/2017-09-20_19-24-55/2017-09-20_19-24-55.mp4-bee_id_3205-11445-1.png,0,0,False,False,True
train/videos/2017-09-20_19-24-55/2017-09-20_19-24-55.mp4-bee_id_3206-11505-1.png,1,0,True,False,True
train/videos/2017-09-20_19-24-55/2017-09-20_19-24-55.mp4-bee_id_3207-11520-1.png,0,1,False,False,True
train/videos/2017-09-20_19-24-55/2017-09-20_19-24-55.mp4-bee_id_3208-11565-1.png,0,0,False,False,True
train/videos/2017-09-20_19-24-55/2017-09-20_19-24-55.mp4-bee_id_3209-11595-1.png,0,0,False,False,True
train/videos/2017-09-20_19-24-55/2017-09-20_19-24-55.mp4-bee_id_3210-11610-1.png,0,0,False,False,True
train/videos/2017-09-20_19-24-55/2017-09-20_19-24-55.mp4-bee_id_3211-11700-1.png,1,1,True,False,True
train/videos/2017-09-20_19-24-55/2017-09-20_19-24-55.mp4-bee_id_3212-11700-1.png,0,1,False,False,True
train/videos/2017-09-20_19-24-55/2017-09-20_19-24-55.mp4-bee_id_3213-11775-1.png,0,0,False,False,True
train/videos/2017-09-20_19-24-55/2017-09-20_19-24-55.mp4-bee_id_3214-11775-1.png,0,0,False,False,True
train/videos/2017-09-20_19-24-55/2017-09-20_19-24-55.mp4-bee_id_3215-11820-1.png,0,0,False,False,True
train/videos/2017-09-20_19-24-55/2017-09-20_19-24-55.mp4-bee_id_3216-11835-1.png,1,0,True,False,True
train/videos/2017-09-20_19-24-55/2017-09-20_19-24-55.mp4-bee_id_3217-11955-1.png,0,0,False,False,True
train/videos/2017-09-20_19-24-55/2017-09-20_19-24-55.mp4-bee_id_3218-11955-1.png,1,1,True,False,True
train/videos/2017-09-20_19-24-55/2017-09-20_19-24-55.mp4-bee_id_3219-11970-1.png,1,0,True,False,True
train/videos/2017-09-20_19-24-55/2017-09-20_19-24-55.mp4-bee_id_3220-11970-1.png,1,1,True,True,True
train/videos/2017-09-20_19-24-55/2017-09-20_19-24-55.mp4-bee_id_3221-11970-1.png,0,0,False,False,True
train/videos/2017-09-20_19-24-55/2017-09-20_19-24-55.mp4-bee_id_3222-11970-1.png,0,0,False,False,True
train/videos/2017-09-20_19-24-55/2017-09-20_19-24-55.mp4-bee_id_3223-11985-1.png,0,0,False,False,True
train/videos/2017-09-20_19-24-55/2017-09-20_19-24-55.mp4-bee_id_3224-12000-1.png,0,0,False,False,True
train/videos/2017-09-20_19-24-55/2017-09-20_19-24-55.mp4-bee_id_3225-12015-1.png,0,0,False,False,True
train/videos/2017-09-20_19-24-55/2017-09-20_19-24-55.mp4-bee_id_3226-12015-1.png,1,2,True,False,True
train/videos/2017-09-20_19-24-55/2017-09-20_19-24-55.mp4-bee_id_3227-12015-1.png,1,2,True,False,True
train/videos/2017-09-20_19-24-55/2017-09-20_19-24-55.mp4-bee_id_3228-12030-1.png,1,0,True,False,True
train/videos/2017-09-20_19-24-55/2017-09-20_19-24-55.mp4-bee_id_3229-12150-1.png,0,0,False,False,True
train/videos/2017-09-20_19-24-55/2017-09-20_19-24-55.mp4-bee_id_3230-12165-1.png,0,2,False,False,True
train/videos/2017-09-20_19-24-55/2017-09-20_19-24-55.mp4-bee_id_3231-12180-1.png,1,1,True,False,True
train/videos/2017-09-20_19-24-55/2017-09-20_19-24-55.mp4-bee_id_3232-12180-1.png,0,1,False,False,True
train/videos/2017-09-20_19-24-55/2017-09-20_19-24-55.mp4-bee_id_3233-12195-1.png,0,0,False,False,True
train/videos/2017-09-20_19-24-55/2017-09-20_19-24-55.mp4-bee_id_3234-12225-1.png,1,0,True,False,True
train/videos/2017-09-20_19-24-55/2017-09-20_19-24-55.mp4-bee_id_3235-12240-1.png,0,0,False,False,True
train/videos/2017-09-20_19-24-55/2017-09-20_19-24-55.mp4-bee_id_3236-12255-1.png,1,0,True,False,True
train/videos/2017-09-20_19-24-55/2017-09-20_19-24-55.mp4-bee_id_3239-12465-1.png,0,1,False,False,True
train/videos/2017-09-20_19-24-55/2017-09-20_19-24-55.mp4-bee_id_3241-12480-1.png,1,1,True,False,True
train/videos/2017-09-20_19-24-55/2017-09-20_19-24-55.mp4-bee_id_3242-12480-1.png,0,0,False,False,True
train/videos/2017-09-20_19-24-55/2017-09-20_19-24-55.mp4-bee_id_3243-12540-1.png,1,2,True,False,True
train/videos/2017-09-20_19-24-55/2017-09-20_19-24-55.mp4-bee_id_3244-12555-1.png,0,1,False,False,True
train/videos/2017-09-20_19-24-55/2017-09-20_19-24-55.mp4-bee_id_3245-12585-1.png,1,1,True,False,True
train/videos/2017-09-20_19-24-55/2017-09-20_19-24-55.mp4-bee_id_3246-12600-1.png,1,1,True,True,True
train/videos/2017-09-20_19-24-55/2017-09-20_19-24-55.mp4-bee_id_3247-12630-1.png,0,0,False,False,True
train/videos/2017-09-20_19-24-55/2017-09-20_19-24-55.mp4-bee_id_3249-12735-1.png,0,0,False,False,True
train/videos/2017-09-20_19-24-55/2017-09-20_19-24-55.mp4-bee_id_3250-12795-1.png,0,0,False,False,True
train/videos/2017-09-20_19-24-55/2017-09-20_19-24-55.mp4-bee_id_3251-12795-1.png,0,0,False,False,True
train/videos/2017-09-20_19-24-55/2017-09-20_19-24-55.mp4-bee_id_3252-12840-1.png,0,0,False,False,True
train/videos/2017-09-20_19-24-55/2017-09-20_19-24-55.mp4-bee_id_3253-12870-1.png,0,1,False,False,True
train/videos/2017-09-20_19-24-55/2017-09-20_19-24-55.mp4-bee_id_3254-12870-1.png,0,2,False,False,True
train/videos/2017-09-20_19-24-55/2017-09-20_19-24-55.mp4-bee_id_3255-12885-1.png,0,0,False,False,True
train/videos/2017-09-20_19-24-55/2017-09-20_19-24-55.mp4-bee_id_3256-12915-1.png,0,0,False,False,True
train/videos/2017-09-20_19-24-55/2017-09-20_19-24-55.mp4-bee_id_3257-12975-1.png,0,0,False,False,True
train/videos/2017-09-20_19-24-55/2017-09-20_19-24-55.mp4-bee_id_3258-12975-1.png,0,1,False,False,True
train/videos/2017-09-20_19-24-55/2017-09-20_19-24-55.mp4-bee_id_3259-12990-1.png,0,0,False,False,True
train/videos/2017-09-20_19-24-55/2017-09-20_19-24-55.mp4-bee_id_3260-13020-1.png,0,1,False,False,True
train/videos/2017-09-20_19-24-55/2017-09-20_19-24-55.mp4-bee_id_3261-13020-1.png,0,0,False,False,True
train/videos/2017-09-20_19-24-55/2017-09-20_19-24-55.mp4-bee_id_3262-13050-1.png,0,0,False,False,True
train/videos/2017-09-20_19-24-55/2017-09-20_19-24-55.mp4-bee_id_3263-13065-1.png,0,2,False,False,True
train/videos/2017-09-20_19-24-55/2017-09-20_19-24-55.mp4-bee_id_3264-13080-1.png,0,0,False,False,True
train/videos/2017-09-20_19-24-55/2017-09-20_19-24-55.mp4-bee_id_3265-13110-1.png,0,0,False,False,True
train/videos/2017-09-20_19-24-55/2017-09-20_19-24-55.mp4-bee_id_3266-13215-1.png,0,0,False,False,True
train/videos/2017-09-20_19-24-55/2017-09-20_19-24-55.mp4-bee_id_3267-13230-1.png,1,0,True,False,True
train/videos/2017-09-20_19-24-55/2017-09-20_19-24-55.mp4-bee_id_3268-13245-1.png,1,2,True,False,True
train/videos/2017-09-20_19-24-55/2017-09-20_19-24-55.mp4-bee_id_3269-13260-1.png,0,0,False,False,True
train/videos/2017-09-20_19-24-55/2017-09-20_19-24-55.mp4-bee_id_3270-13290-1.png,1,0,True,False,True
train/videos/2017-09-20_19-24-55/2017-09-20_19-24-55.mp4-bee_id_3271-13320-1.png,1,0,True,False,True
train/videos/2017-09-20_19-24-55/2017-09-20_19-24-55.mp4-bee_id_3272-13440-1.png,0,2,False,False,True
train/videos/2017-09-20_19-24-55/2017-09-20_19-24-55.mp4-bee_id_3273-13455-1.png,1,0,True,False,True
train/videos/2017-09-20_19-24-55/2017-09-20_19-24-55.mp4-bee_id_3274-13500-1.png,0,0,False,False,True
train/videos/2017-09-20_19-24-55/2017-09-20_19-24-55.mp4-bee_id_3275-13545-1.png,0,0,False,False,True
train/videos/2017-09-20_19-24-55/2017-09-20_19-24-55.mp4-bee_id_3276-13545-1.png,0,0,False,False,True
train/videos/2017-09-20_19-24-55/2017-09-20_19-24-55.mp4-bee_id_3277-13560-1.png,0,0,False,False,True
train/videos/2017-09-20_19-24-55/2017-09-20_19-24-55.mp4-bee_id_3278-13560-1.png,0,0,False,False,True
train/videos/2017-09-20_19-24-55/2017-09-20_19-24-55.mp4-bee_id_3279-13560-1.png,0,0,False,False,True
train/videos/2017-09-20_19-24-55/2017-09-20_19-24-55.mp4-bee_id_3280-13590-1.png,0,2,False,False,True
train/videos/2017-09-20_19-24-55/2017-09-20_19-24-55.mp4-bee_id_3281-13680-1.png,0,2,False,False,True
train/videos/2017-09-20_19-24-55/2017-09-20_19-24-55.mp4-bee_id_3282-13680-1.png,0,0,False,False,True
train/videos/2017-09-20_19-24-55/2017-09-20_19-24-55.mp4-bee_id_3283-13680-1.png,0,0,False,False,True
train/videos/2017-09-20_19-24-55/2017-09-20_19-24-55.mp4-bee_id_3284-13800-1.png,0,1,False,False,True
train/videos/2017-09-20_19-24-55/2017-09-20_19-24-55.mp4-bee_id_3285-13815-1.png,1,0,True,False,True
train/videos/2017-09-20_19-24-55/2017-09-20_19-24-55.mp4-bee_id_3286-13830-1.png,1,0,True,False,True
train/videos/2017-09-20_19-24-55/2017-09-20_19-24-55.mp4-bee_id_3287-13860-1.png,1,0,True,False,True
train/videos/2017-09-20_19-24-55/2017-09-20_19-24-55.mp4-bee_id_3288-13860-1.png,1,0,True,False,True
train/videos/2017-09-20_19-24-55/2017-09-20_19-24-55.mp4-bee_id_3289-13905-1.png,0,0,False,False,True
train/videos/2017-09-20_19-24-55/2017-09-20_19-24-55.mp4-bee_id_3290-13905-1.png,0,0,False,False,True
train/videos/2017-09-20_19-24-55/2017-09-20_19-24-55.mp4-bee_id_3291-13920-1.png,0,0,False,False,True
train/videos/2017-09-20_19-24-55/2017-09-20_19-24-55.mp4-bee_id_3292-13935-1.png,0,0,False,False,True
train/videos/2017-09-20_19-24-55/2017-09-20_19-24-55.mp4-bee_id_3293-13950-1.png,0,1,False,False,True
train/videos/2017-09-20_19-24-55/2017-09-20_19-24-55.mp4-bee_id_3294-13965-1.png,0,2,False,False,True
train/videos/2017-09-20_19-24-55/2017-09-20_19-24-55.mp4-bee_id_3295-13965-1.png,0,0,False,False,True
train/videos/2017-09-20_19-24-55/2017-09-20_19-24-55.mp4-bee_id_3296-13980-1.png,0,0,False,False,True
train/videos/2017-09-20_19-24-55/2017-09-20_19-24-55.mp4-bee_id_3297-14055-1.png,0,1,False,False,True
train/videos/2017-09-20_19-24-55/2017-09-20_19-24-55.mp4-bee_id_3298-14115-1.png,0,1,False,False,True
train/videos/2017-09-20_19-24-55/2017-09-20_19-24-55.mp4-bee_id_3299-14130-1.png,0,0,False,False,True
train/videos/2017-09-20_19-24-55/2017-09-20_19-24-55.mp4-bee_id_3300-14190-1.png,0,0,False,False,True
train/videos/2017-09-20_19-24-55/2017-09-20_19-24-55.mp4-bee_id_3301-14220-1.png,0,0,False,False,True
train/videos/2017-09-20_19-24-55/2017-09-20_19-24-55.mp4-bee_id_3302-14220-1.png,1,0,True,False,True
train/videos/2017-09-20_19-24-55/2017-09-20_19-24-55.mp4-bee_id_3303-14235-1.png,1,1,True,True,True
train/videos/2017-09-20_19-24-55/2017-09-20_19-24-55.mp4-bee_id_3304-14250-1.png,1,2,True,False,True
train/videos/2017-09-20_19-24-55/2017-09-20_19-24-55.mp4-bee_id_3305-14265-1.png,1,0,True,False,True
train/videos/2017-09-20_19-24-55/2017-09-20_19-24-55.mp4-bee_id_3306-14280-1.png,0,0,False,False,True
train/videos/2017-09-20_19-24-55/2017-09-20_19-24-55.mp4-bee_id_3307-14280-1.png,1,1,True,False,True
train/videos/2017-09-20_19-24-55/2017-09-20_19-24-55.mp4-bee_id_3308-14280-1.png,1,1,True,True,True
train/videos/2017-09-20_19-24-55/2017-09-20_19-24-55.mp4-bee_id_3309-14310-1.png,1,0,True,False,True
train/videos/2017-09-20_19-24-55/2017-09-20_19-24-55.mp4-bee_id_3310-14340-1.png,0,0,False,False,True
train/videos/2017-09-20_19-24-55/2017-09-20_19-24-55.mp4-bee_id_3311-14400-1.png,0,1,False,False,True
train/videos/2017-09-20_19-24-55/2017-09-20_19-24-55.mp4-bee_id_3312-14415-1.png,0,0,False,False,True
train/videos/2017-09-20_19-24-55/2017-09-20_19-24-55.mp4-bee_id_3313-14460-1.png,0,0,False,False,True
train/videos/2017-09-20_19-24-55/2017-09-20_19-24-55.mp4-bee_id_3314-14475-1.png,0,0,False,False,True
train/videos/2017-09-20_19-24-55/2017-09-20_19-24-55.mp4-bee_id_3315-14520-1.png,0,0,False,False,True
train/videos/2017-09-20_19-24-55/2017-09-20_19-24-55.mp4-bee_id_3316-14535-1.png,0,2,False,False,True
train/videos/2017-09-20_19-24-55/2017-09-20_19-24-55.mp4-bee_id_3317-14550-1.png,0,0,False,False,True
train/videos/2017-09-20_19-24-55/2017-09-20_19-24-55.mp4-bee_id_3318-14565-1.png,0,0,False,False,True
train/videos/2017-09-20_19-24-55/2017-09-20_19-24-55.mp4-bee_id_3319-14565-1.png,0,0,False,False,True
train/videos/2017-09-20_19-24-55/2017-09-20_19-24-55.mp4-bee_id_3320-14700-1.png,0,1,False,False,True
train/videos/2017-09-20_19-24-55/2017-09-20_19-24-55.mp4-bee_id_3321-14700-1.png,1,0,True,False,True
train/videos/2017-09-20_19-24-55/2017-09-20_19-24-55.mp4-bee_id_3322-14700-1.png,1,0,True,False,True
train/videos/2017-09-20_19-24-55/2017-09-20_19-24-55.mp4-bee_id_3323-14715-1.png,1,0,True,False,True
train/videos/2017-09-20_19-24-55/2017-09-20_19-24-55.mp4-bee_id_3324-14730-1.png,1,1,True,True,True
train/videos/2017-09-20_19-24-55/2017-09-20_19-24-55.mp4-bee_id_3325-14790-1.png,0,0,False,False,True
train/videos/2017-09-20_19-24-55/2017-09-20_19-24-55.mp4-bee_id_3326-14805-1.png,1,1,True,False,True
train/videos/2017-09-20_19-24-55/2017-09-20_19-24-55.mp4-bee_id_3327-14805-1.png,1,1,True,True,True
train/videos/2017-09-20_19-24-55/2017-09-20_19-24-55.mp4-bee_id_3328-14895-1.png,0,2,False,False,True
train/videos/2017-09-20_19-24-55/2017-09-20_19-24-55.mp4-bee_id_3329-14925-1.png,1,0,True,False,True
train/videos/2017-09-20_19-24-55/2017-09-20_19-24-55.mp4-bee_id_3330-14925-1.png,0,1,False,False,True
train/videos/2017-09-20_19-24-55/2017-09-20_19-24-55.mp4-bee_id_3331-14925-1.png,0,0,False,False,True
train/videos/2017-09-20_19-24-55/2017-09-20_19-24-55.mp4-bee_id_3332-14940-1.png,1,0,True,False,True
train/videos/2017-09-20_19-24-55/2017-09-20_19-24-55.mp4-bee_id_3333-14955-1.png,1,0,True,False,True
train/videos/2017-09-20_19-24-55/2017-09-20_19-24-55.mp4-bee_id_3334-14985-1.png,1,2,True,True,True
train/videos/2017-09-20_19-24-55/2017-09-20_19-24-55.mp4-bee_id_3335-15030-1.png,0,1,False,False,True
train/videos/2017-09-20_19-24-55/2017-09-20_19-24-55.mp4-bee_id_3336-15045-1.png,0,0,False,False,True
train/videos/2017-09-20_19-24-55/2017-09-20_19-24-55.mp4-bee_id_3338-15165-1.png,0,0,False,False,True
train/videos/2017-09-20_19-24-55/2017-09-20_19-24-55.mp4-bee_id_3339-15180-1.png,0,0,False,False,True
train/videos/2017-09-20_19-24-55/2017-09-20_19-24-55.mp4-bee_id_3341-15195-1.png,1,1,True,True,True
train/videos/2017-09-20_19-24-55/2017-09-20_19-24-55.mp4-bee_id_3342-15210-1.png,0,0,False,False,True
train/videos/2017-09-20_19-24-55/2017-09-20_19-24-55.mp4-bee_id_3343-15225-1.png,0,0,False,False,True
train/videos/2017-09-20_19-24-55/2017-09-20_19-24-55.mp4-bee_id_3344-15240-1.png,0,0,False,False,True
train/videos/2017-09-20_19-24-55/2017-09-20_19-24-55.mp4-bee_id_3345-15270-1.png,0,0,False,False,True
train/videos/2017-09-20_19-24-55/2017-09-20_19-24-55.mp4-bee_id_3346-15375-1.png,0,1,False,False,True
train/videos/2017-09-20_19-24-55/2017-09-20_19-24-55.mp4-bee_id_3347-15375-1.png,0,0,False,False,True
train/videos/2017-09-20_19-24-55/2017-09-20_19-24-55.mp4-bee_id_3348-15420-1.png,1,2,True,False,True
train/videos/2017-09-20_19-24-55/2017-09-20_19-24-55.mp4-bee_id_3349-15450-1.png,0,2,False,False,True
train/videos/2017-09-20_19-24-55/2017-09-20_19-24-55.mp4-bee_id_3350-15450-1.png,0,0,False,False,True
train/videos/2017-09-20_19-24-55/2017-09-20_19-24-55.mp4-bee_id_3351-15450-1.png,1,0,True,False,True
train/videos/2017-09-20_19-24-55/2017-09-20_19-24-55.mp4-bee_id_3353-15465-1.png,0,0,False,False,True
train/videos/2017-09-20_19-24-55/2017-09-20_19-24-55.mp4-bee_id_3354-15465-1.png,1,0,True,False,True
train/videos/2017-09-20_19-24-55/2017-09-20_19-24-55.mp4-bee_id_3355-15480-1.png,1,0,True,False,True
train/videos/2017-09-20_19-24-55/2017-09-20_19-24-55.mp4-bee_id_3356-15510-1.png,0,0,False,False,True
train/videos/2017-09-20_19-24-55/2017-09-20_19-24-55.mp4-bee_id_3357-15525-1.png,0,1,False,False,True
train/videos/2017-09-20_19-24-55/2017-09-20_19-24-55.mp4-bee_id_3358-15540-1.png,0,0,False,False,True
train/videos/2017-09-20_19-24-55/2017-09-20_19-24-55.mp4-bee_id_3359-15540-1.png,0,0,False,False,True
train/videos/2017-09-20_19-24-55/2017-09-20_19-24-55.mp4-bee_id_3360-15555-1.png,1,0,True,False,True
train/videos/2017-09-20_19-24-55/2017-09-20_19-24-55.mp4-bee_id_3361-15555-1.png,0,2,False,False,True
train/videos/2017-09-20_19-24-55/2017-09-20_19-24-55.mp4-bee_id_3362-15675-1.png,0,0,False,False,True
train/videos/2017-09-20_19-24-55/2017-09-20_19-24-55.mp4-bee_id_3363-15675-1.png,0,1,False,False,True
train/videos/2017-09-20_19-24-55/2017-09-20_19-24-55.mp4-bee_id_3364-15765-1.png,0,0,False,False,True
train/videos/2017-09-20_19-24-55/2017-09-20_19-24-55.mp4-bee_id_3365-15795-1.png,0,0,False,False,True
train/videos/2017-09-20_19-24-55/2017-09-20_19-24-55.mp4-bee_id_3366-15810-1.png,1,0,True,False,True
train/videos/2017-09-20_19-24-55/2017-09-20_19-24-55.mp4-bee_id_3367-15885-1.png,0,0,False,False,True
train/videos/2017-09-20_19-24-55/2017-09-20_19-24-55.mp4-bee_id_3368-15900-1.png,1,1,True,False,True
train/videos/2017-09-20_19-24-55/2017-09-20_19-24-55.mp4-bee_id_3369-15975-1.png,1,0,True,False,True
train/videos/2017-09-20_19-24-55/2017-09-20_19-24-55.mp4-bee_id_3370-15990-1.png,0,1,False,False,True
train/videos/2017-09-20_19-24-55/2017-09-20_19-24-55.mp4-bee_id_3371-16005-1.png,0,0,False,False,True
train/videos/2017-09-20_19-24-55/2017-09-20_19-24-55.mp4-bee_id_3372-16020-1.png,0,0,False,False,True
train/videos/2017-09-20_19-24-55/2017-09-20_19-24-55.mp4-bee_id_3373-16035-1.png,1,1,True,True,True
train/videos/2017-09-20_19-24-55/2017-09-20_19-24-55.mp4-bee_id_3374-16050-1.png,0,0,False,False,True
train/videos/2017-09-20_19-24-55/2017-09-20_19-24-55.mp4-bee_id_3375-16050-1.png,0,1,False,False,True
train/videos/2017-09-20_19-24-55/2017-09-20_19-24-55.mp4-bee_id_3376-16080-1.png,0,1,False,False,True
train/videos/2017-09-20_19-24-55/2017-09-20_19-24-55.mp4-bee_id_3377-16125-1.png,0,0,False,False,True
train/videos/2017-09-20_19-24-55/2017-09-20_19-24-55.mp4-bee_id_3378-16230-1.png,0,0,False,False,True
train/videos/2017-09-20_19-24-55/2017-09-20_19-24-55.mp4-bee_id_3379-16245-1.png,0,0,False,False,True
train/videos/2017-09-20_19-24-55/2017-09-20_19-24-55.mp4-bee_id_3380-16245-1.png,0,0,False,False,True
train/videos/2017-09-20_19-24-55/2017-09-20_19-24-55.mp4-bee_id_3381-16305-1.png,0,0,False,False,True
train/videos/2017-09-20_19-24-55/2017-09-20_19-24-55.mp4-bee_id_3382-16335-1.png,0,0,False,False,True
train/videos/2017-09-20_19-24-55/2017-09-20_19-24-55.mp4-bee_id_3383-16380-1.png,0,0,False,False,True
train/videos/2017-09-20_19-24-55/2017-09-20_19-24-55.mp4-bee_id_3385-16560-1.png,0,0,False,False,True
train/videos/2017-09-20_19-24-55/2017-09-20_19-24-55.mp4-bee_id_3387-16680-1.png,0,1,False,False,True
train/videos/2017-09-20_19-24-55/2017-09-20_19-24-55.mp4-bee_id_3390-16815-1.png,0,0,False,False,True
train/videos/2017-09-20_19-24-55/2017-09-20_19-24-55.mp4-bee_id_3391-16830-1.png,0,0,False,False,True
train/videos/2017-09-20_19-24-55/2017-09-20_19-24-55.mp4-bee_id_3392-16875-1.png,0,2,False,False,True
train/videos/2017-09-20_19-24-55/2017-09-20_19-24-55.mp4-bee_id_3393-16890-1.png,0,0,False,False,True
train/videos/2017-09-20_19-24-55/2017-09-20_19-24-55.mp4-bee_id_3394-16935-1.png,1,0,True,False,True
train/videos/2017-09-20_19-24-55/2017-09-20_19-24-55.mp4-bee_id_3395-16950-1.png,1,0,True,False,True
train/videos/2017-09-20_19-24-55/2017-09-20_19-24-55.mp4-bee_id_3396-16980-1.png,0,1,False,False,True
train/videos/2017-09-20_19-24-55/2017-09-20_19-24-55.mp4-bee_id_3397-16980-1.png,0,0,False,False,True
train/videos/2017-09-20_19-24-55/2017-09-20_19-24-55.mp4-bee_id_3398-16995-1.png,0,0,False,False,True
train/videos/2017-09-20_19-24-55/2017-09-20_19-24-55.mp4-bee_id_3399-17070-1.png,0,0,False,False,True
train/videos/2017-09-20_19-24-55/2017-09-20_19-24-55.mp4-bee_id_3400-17085-1.png,1,1,True,False,True
train/videos/2017-09-20_19-24-55/2017-09-20_19-24-55.mp4-bee_id_3401-17130-1.png,0,0,False,False,True
train/videos/2017-09-20_19-24-55/2017-09-20_19-24-55.mp4-bee_id_3403-17190-1.png,1,0,True,False,True
train/videos/2017-09-20_19-24-55/2017-09-20_19-24-55.mp4-bee_id_3404-17205-1.png,0,0,False,False,True
train/videos/2017-09-20_19-24-55/2017-09-20_19-24-55.mp4-bee_id_3405-17235-1.png,0,0,False,False,True
train/videos/2017-09-20_19-24-55/2017-09-20_19-24-55.mp4-bee_id_3406-17235-1.png,0,0,False,False,True
train/videos/2017-09-20_19-24-55/2017-09-20_19-24-55.mp4-bee_id_3407-17250-1.png,0,1,False,False,True
train/videos/2017-09-20_19-24-55/2017-09-20_19-24-55.mp4-bee_id_3408-17250-1.png,0,0,False,False,True
train/videos/2017-09-20_19-24-55/2017-09-20_19-24-55.mp4-bee_id_3409-17280-1.png,0,0,False,False,True
train/videos/2017-09-20_19-24-55/2017-09-20_19-24-55.mp4-bee_id_3410-17325-1.png,0,0,False,False,True
train/videos/2017-09-20_19-24-55/2017-09-20_19-24-55.mp4-bee_id_3411-17340-1.png,0,2,False,False,True
train/videos/2017-09-20_19-24-55/2017-09-20_19-24-55.mp4-bee_id_3412-17340-1.png,0,0,False,False,True
train/videos/2017-09-20_19-24-55/2017-09-20_19-24-55.mp4-bee_id_3413-17430-1.png,0,1,False,False,True
train/videos/2017-09-20_19-24-55/2017-09-20_19-24-55.mp4-bee_id_3414-17445-1.png,1,1,True,False,True
train/videos/2017-09-20_19-24-55/2017-09-20_19-24-55.mp4-bee_id_3416-17475-1.png,1,1,True,False,True
train/videos/2017-09-20_19-24-55/2017-09-20_19-24-55.mp4-bee_id_3417-17520-1.png,1,1,True,True,True
train/videos/2017-09-20_19-24-55/2017-09-20_19-24-55.mp4-bee_id_3418-17565-1.png,0,0,False,False,True
train/videos/2017-09-20_19-24-55/2017-09-20_19-24-55.mp4-bee_id_3420-17625-1.png,0,0,False,False,True
train/videos/2017-09-20_19-24-55/2017-09-20_19-24-55.mp4-bee_id_3421-17640-1.png,0,0,False,False,True
train/videos/2017-09-20_19-24-55/2017-09-20_19-24-55.mp4-bee_id_3423-17670-1.png,0,0,False,False,True
train/videos/2017-09-20_19-24-55/2017-09-20_19-24-55.mp4-bee_id_3424-17700-1.png,0,0,False,False,True
train/videos/2017-09-20_19-24-55/2017-09-20_19-24-55.mp4-bee_id_3425-17715-1.png,0,0,False,False,True
train/videos/2017-09-20_19-24-55/2017-09-20_19-24-55.mp4-bee_id_3426-17805-1.png,0,1,False,False,True
train/videos/2017-09-20_19-24-55/2017-09-20_19-24-55.mp4-bee_id_3427-17805-1.png,0,0,False,False,True
train/videos/2017-09-20_19-24-55/2017-09-20_19-24-55.mp4-bee_id_3428-17820-1.png,0,0,False,False,True
train/videos/2017-09-20_19-24-55/2017-09-20_19-24-55.mp4-bee_id_3429-17835-1.png,1,1,True,True,True
train/videos/2017-09-20_19-24-55/2017-09-20_19-24-55.mp4-bee_id_3430-17880-1.png,0,0,False,False,True
train/videos/2017-09-20_19-24-55/2017-09-20_19-24-55.mp4-bee_id_3431-17895-1.png,0,0,False,False,True
train/videos/2017-09-20_19-24-55/2017-09-20_19-24-55.mp4-bee_id_3432-17940-1.png,0,2,False,False,True
train/videos/2017-09-20_19-24-55/2017-09-20_19-24-55.mp4-bee_id_3434-17955-1.png,0,0,False,False,True
train/videos/2017-09-20_19-24-55/2017-09-20_19-24-55.mp4-bee_id_3435-17970-1.png,0,0,False,False,True
train/videos/2017-09-20_19-24-55/2017-09-20_19-24-55.mp4-bee_id_3436-17985-1.png,0,0,False,False,True
train/videos/2017-09-20_19-24-55/2017-09-20_19-24-55.mp4-bee_id_3437-18000-1.png,0,2,False,False,True
train/videos/2017-09-20_19-24-55/2017-09-20_19-24-55.mp4-bee_id_3438-18060-1.png,0,1,False,False,True
train/videos/2017-09-20_19-24-55/2017-09-20_19-24-55.mp4-bee_id_3439-18120-1.png,1,2,True,True,True
train/videos/2017-09-20_19-24-55/2017-09-20_19-24-55.mp4-bee_id_3440-18150-1.png,0,0,False,False,True
train/videos/2017-09-20_19-24-55/2017-09-20_19-24-55.mp4-bee_id_3441-18165-1.png,1,1,True,True,True
train/videos/2017-09-20_19-24-55/2017-09-20_19-24-55.mp4-bee_id_3442-18255-1.png,0,0,False,False,True
train/videos/2017-09-20_19-24-55/2017-09-20_19-24-55.mp4-bee_id_3443-18285-1.png,0,0,False,False,True
train/videos/2017-09-20_19-24-55/2017-09-20_19-24-55.mp4-bee_id_3444-18285-1.png,0,0,False,False,True
train/videos/2017-09-20_19-24-55/2017-09-20_19-24-55.mp4-bee_id_3445-18285-1.png,0,2,False,False,True
train/videos/2017-09-20_19-24-55/2017-09-20_19-24-55.mp4-bee_id_3446-18300-1.png,1,1,True,False,True
train/videos/2017-09-20_19-24-55/2017-09-20_19-24-55.mp4-bee_id_3447-18315-1.png,0,1,False,False,True
train/videos/2017-09-20_19-24-55/2017-09-20_19-24-55.mp4-bee_id_3448-18360-1.png,1,0,True,False,True
train/videos/2017-09-20_19-24-55/2017-09-20_19-24-55.mp4-bee_id_3449-18375-1.png,0,0,False,False,True
train/videos/2017-09-20_19-24-55/2017-09-20_19-24-55.mp4-bee_id_3450-18390-1.png,0,1,False,False,True
train/videos/2017-09-20_19-24-55/2017-09-20_19-24-55.mp4-bee_id_3451-18405-1.png,1,0,True,False,True
train/videos/2017-09-20_19-24-55/2017-09-20_19-24-55.mp4-bee_id_3452-18420-1.png,0,0,False,False,True
train/videos/2017-09-20_19-24-55/2017-09-20_19-24-55.mp4-bee_id_3453-18435-1.png,1,0,True,False,True
train/videos/2017-09-20_19-24-55/2017-09-20_19-24-55.mp4-bee_id_3454-18435-1.png,0,0,False,False,True
train/videos/2017-09-20_19-24-55/2017-09-20_19-24-55.mp4-bee_id_3455-18450-1.png,0,1,False,False,True
train/videos/2017-09-20_19-24-55/2017-09-20_19-24-55.mp4-bee_id_3456-18495-1.png,0,0,False,False,True
train/videos/2017-09-20_19-24-55/2017-09-20_19-24-55.mp4-bee_id_3457-18510-1.png,0,1,False,False,True
train/videos/2017-09-20_19-24-55/2017-09-20_19-24-55.mp4-bee_id_3458-18570-1.png,0,0,False,False,True
train/videos/2017-09-20_19-24-55/2017-09-20_19-24-55.mp4-bee_id_3459-18600-1.png,0,0,False,False,True
train/videos/2017-09-20_19-24-55/2017-09-20_19-24-55.mp4-bee_id_3460-18600-1.png,1,0,True,False,True
train/videos/2017-09-20_19-24-55/2017-09-20_19-24-55.mp4-bee_id_3461-18630-1.png,0,1,False,False,True
train/videos/2017-09-20_19-24-55/2017-09-20_19-24-55.mp4-bee_id_3462-18645-1.png,0,0,False,False,True
train/videos/2017-09-20_19-24-55/2017-09-20_19-24-55.mp4-bee_id_3463-18660-1.png,0,0,False,False,True
train/videos/2017-09-20_19-24-55/2017-09-20_19-24-55.mp4-bee_id_3464-18720-1.png,1,0,True,False,True
train/videos/2017-09-20_19-24-55/2017-09-20_19-24-55.mp4-bee_id_3465-18735-1.png,0,0,False,False,True
train/videos/2017-09-20_19-24-55/2017-09-20_19-24-55.mp4-bee_id_3466-18780-1.png,0,2,False,False,True
train/videos/2017-09-20_19-24-55/2017-09-20_19-24-55.mp4-bee_id_3467-18840-1.png,0,0,False,False,True
train/videos/2017-09-20_19-24-55/2017-09-20_19-24-55.mp4-bee_id_3468-18840-1.png,1,1,True,True,True
train/videos/2017-09-20_19-24-55/2017-09-20_19-24-55.mp4-bee_id_3469-18840-1.png,0,0,False,False,True
train/videos/2017-09-20_19-24-55/2017-09-20_19-24-55.mp4-bee_id_3470-18900-1.png,0,0,False,False,True
train/videos/2017-09-20_19-24-55/2017-09-20_19-24-55.mp4-bee_id_3471-18930-1.png,1,0,True,False,True
train/videos/2017-09-20_19-24-55/2017-09-20_19-24-55.mp4-bee_id_3472-18945-1.png,0,0,False,False,True
train/videos/2017-09-20_19-24-55/2017-09-20_19-24-55.mp4-bee_id_3473-18960-1.png,0,1,False,False,True
train/videos/2017-09-20_19-24-55/2017-09-20_19-24-55.mp4-bee_id_3474-18975-1.png,0,0,False,False,True
train/videos/2017-09-20_19-24-55/2017-09-20_19-24-55.mp4-bee_id_3476-18975-1.png,0,0,False,False,True
train/videos/2017-09-20_19-24-55/2017-09-20_19-24-55.mp4-bee_id_3477-18975-1.png,1,1,True,False,True
train/videos/2017-09-20_19-24-55/2017-09-20_19-24-55.mp4-bee_id_3478-19035-1.png,0,0,False,False,True
train/videos/2017-09-20_19-24-55/2017-09-20_19-24-55.mp4-bee_id_3479-19095-1.png,1,0,True,False,True
train/videos/2017-09-20_19-24-55/2017-09-20_19-24-55.mp4-bee_id_3480-19110-1.png,1,0,True,False,True
train/videos/2017-09-20_19-24-55/2017-09-20_19-24-55.mp4-bee_id_3481-19125-1.png,1,0,True,False,True
train/videos/2017-09-20_19-24-55/2017-09-20_19-24-55.mp4-bee_id_3482-19155-1.png,1,0,True,False,True
train/videos/2017-09-20_19-24-55/2017-09-20_19-24-55.mp4-bee_id_3483-19230-1.png,1,1,True,False,True
train/videos/2017-09-20_19-24-55/2017-09-20_19-24-55.mp4-bee_id_3484-19320-1.png,0,0,False,False,True
train/videos/2017-09-20_19-24-55/2017-09-20_19-24-55.mp4-bee_id_3485-19335-1.png,0,1,False,False,True
train/videos/2017-09-20_19-24-55/2017-09-20_19-24-55.mp4-bee_id_3486-19335-1.png,0,1,False,False,True
train/videos/2017-09-20_19-24-55/2017-09-20_19-24-55.mp4-bee_id_3487-19350-1.png,0,1,False,False,True
train/videos/2017-09-20_19-24-55/2017-09-20_19-24-55.mp4-bee_id_3488-19395-1.png,0,0,False,False,True
train/videos/2017-09-20_19-24-55/2017-09-20_19-24-55.mp4-bee_id_3489-19395-1.png,0,1,False,False,True
train/videos/2017-09-20_19-24-55/2017-09-20_19-24-55.mp4-bee_id_3490-19410-1.png,0,0,False,False,True
train/videos/2017-09-20_19-24-55/2017-09-20_19-24-55.mp4-bee_id_3491-19410-1.png,1,0,True,False,True
train/videos/2017-09-20_19-24-55/2017-09-20_19-24-55.mp4-bee_id_3492-19410-1.png,0,2,False,False,True
train/videos/2017-09-20_19-24-55/2017-09-20_19-24-55.mp4-bee_id_3493-19425-1.png,0,0,False,False,True
train/videos/2017-09-20_19-24-55/2017-09-20_19-24-55.mp4-bee_id_3495-19545-1.png,0,0,False,False,True
train/videos/2017-09-20_19-24-55/2017-09-20_19-24-55.mp4-bee_id_3496-19575-1.png,1,0,True,False,True
train/videos/2017-09-20_19-24-55/2017-09-20_19-24-55.mp4-bee_id_3497-19575-1.png,0,2,False,False,True
train/videos/2017-09-20_19-24-55/2017-09-20_19-24-55.mp4-bee_id_3498-19590-1.png,1,0,True,False,True
train/videos/2017-09-20_19-24-55/2017-09-20_19-24-55.mp4-bee_id_3499-19590-1.png,0,0,False,False,True
train/videos/2017-09-20_19-24-55/2017-09-20_19-24-55.mp4-bee_id_3500-19635-1.png,0,1,False,False,True
train/videos/2017-09-20_19-24-55/2017-09-20_19-24-55.mp4-bee_id_3501-19635-1.png,0,1,False,False,True
train/videos/2017-09-20_19-24-55/2017-09-20_19-24-55.mp4-bee_id_3502-19650-1.png,0,0,False,False,True
train/videos/2017-09-20_19-24-55/2017-09-20_19-24-55.mp4-bee_id_3503-19650-1.png,0,0,False,False,True
train/videos/2017-09-20_19-24-55/2017-09-20_19-24-55.mp4-bee_id_3504-19680-1.png,0,0,False,False,True
train/videos/2017-09-20_19-24-55/2017-09-20_19-24-55.mp4-bee_id_3505-19800-1.png,0,0,False,False,True
train/videos/2017-09-20_19-24-55/2017-09-20_19-24-55.mp4-bee_id_3506-19800-1.png,1,0,True,False,True
train/videos/2017-09-20_19-24-55/2017-09-20_19-24-55.mp4-bee_id_3507-19815-1.png,0,0,False,False,True
train/videos/2017-09-20_19-24-55/2017-09-20_19-24-55.mp4-bee_id_3508-19815-1.png,1,0,True,False,True
train/videos/2017-09-20_19-24-55/2017-09-20_19-24-55.mp4-bee_id_3509-19815-1.png,0,0,False,False,True
train/videos/2017-09-20_19-24-55/2017-09-20_19-24-55.mp4-bee_id_3510-19830-1.png,0,2,False,False,True
train/videos/2017-09-20_19-24-55/2017-09-20_19-24-55.mp4-bee_id_3512-19905-1.png,0,1,False,False,True
train/videos/2017-09-20_19-24-55/2017-09-20_19-24-55.mp4-bee_id_3513-19935-1.png,1,0,True,False,True
train/videos/2017-09-20_19-24-55/2017-09-20_19-24-55.mp4-bee_id_3514-20010-1.png,1,2,True,False,True
train/videos/2017-09-20_19-24-55/2017-09-20_19-24-55.mp4-bee_id_3516-20055-1.png,1,0,True,False,True
train/videos/2017-09-20_19-24-55/2017-09-20_19-24-55.mp4-bee_id_3517-20070-1.png,1,0,True,False,True
train/videos/2017-09-20_19-24-55/2017-09-20_19-24-55.mp4-bee_id_3518-20070-1.png,1,1,True,True,True
train/videos/2017-09-20_19-24-55/2017-09-20_19-24-55.mp4-bee_id_3519-20085-1.png,0,0,False,False,True
train/videos/2017-09-20_19-24-55/2017-09-20_19-24-55.mp4-bee_id_3520-20100-1.png,1,1,True,False,True
train/videos/2017-09-20_19-24-55/2017-09-20_19-24-55.mp4-bee_id_3521-20100-1.png,1,1,True,True,True
train/videos/2017-09-20_19-24-55/2017-09-20_19-24-55.mp4-bee_id_3522-20160-1.png,1,0,True,False,True
train/videos/2017-09-20_19-24-55/2017-09-20_19-24-55.mp4-bee_id_3523-20220-1.png,0,1,False,False,True
train/videos/2017-09-20_19-24-55/2017-09-20_19-24-55.mp4-bee_id_3525-20250-1.png,1,0,True,False,True
train/videos/2017-09-20_19-24-55/2017-09-20_19-24-55.mp4-bee_id_3526-20265-1.png,1,0,True,False,True
train/videos/2017-09-20_19-24-55/2017-09-20_19-24-55.mp4-bee_id_3527-20280-1.png,0,1,False,False,True
train/videos/2017-09-20_19-24-55/2017-09-20_19-24-55.mp4-bee_id_3528-20325-1.png,1,0,True,False,True
train/videos/2017-09-20_19-24-55/2017-09-20_19-24-55.mp4-bee_id_3529-20340-1.png,0,0,False,False,True
train/videos/2017-09-20_19-24-55/2017-09-20_19-24-55.mp4-bee_id_3530-20385-1.png,1,0,True,False,True
train/videos/2017-09-20_19-24-55/2017-09-20_19-24-55.mp4-bee_id_3531-20415-1.png,1,1,True,False,True
train/videos/2017-09-20_19-24-55/2017-09-20_19-24-55.mp4-bee_id_3532-20415-1.png,0,0,False,False,True
train/videos/2017-09-20_19-24-55/2017-09-20_19-24-55.mp4-bee_id_3533-20490-1.png,1,0,True,False,True
train/videos/2017-09-20_19-24-55/2017-09-20_19-24-55.mp4-bee_id_3534-20520-1.png,0,0,False,False,True
train/videos/2017-09-20_19-24-55/2017-09-20_19-24-55.mp4-bee_id_3535-20520-1.png,1,0,True,False,True
train/videos/2017-09-20_19-24-55/2017-09-20_19-24-55.mp4-bee_id_3536-20565-1.png,1,0,True,False,True
train/videos/2017-09-20_19-24-55/2017-09-20_19-24-55.mp4-bee_id_3539-20610-1.png,1,1,True,False,True
train/videos/2017-09-20_19-24-55/2017-09-20_19-24-55.mp4-bee_id_3540-20640-1.png,0,2,False,False,True
train/videos/2017-09-20_19-24-55/2017-09-20_19-24-55.mp4-bee_id_3541-20655-1.png,0,0,False,False,True
train/videos/2017-09-20_19-24-55/2017-09-20_19-24-55.mp4-bee_id_3542-20700-1.png,1,1,True,False,True
train/videos/2017-09-20_19-24-55/2017-09-20_19-24-55.mp4-bee_id_3544-20760-1.png,1,0,True,False,True
train/videos/2017-09-20_19-24-55/2017-09-20_19-24-55.mp4-bee_id_3546-20775-1.png,1,0,True,False,True
train/videos/2017-09-20_19-24-55/2017-09-20_19-24-55.mp4-bee_id_3547-20805-1.png,1,1,True,True,True
train/videos/2017-09-20_19-24-55/2017-09-20_19-24-55.mp4-bee_id_3548-20865-1.png,1,2,True,True,True
train/videos/2017-09-20_19-24-55/2017-09-20_19-24-55.mp4-bee_id_3549-20880-1.png,0,1,False,False,True
train/videos/2017-09-20_19-24-55/2017-09-20_19-24-55.mp4-bee_id_3550-20895-1.png,1,0,True,False,True
train/videos/2017-09-20_19-24-55/2017-09-20_19-24-55.mp4-bee_id_3551-20925-1.png,1,0,True,False,True
train/videos/2017-09-20_19-24-55/2017-09-20_19-24-55.mp4-bee_id_3552-20955-1.png,1,1,True,True,True
train/videos/2017-09-20_19-24-55/2017-09-20_19-24-55.mp4-bee_id_3553-20955-1.png,0,0,False,False,True
train/videos/2017-09-20_19-24-55/2017-09-20_19-24-55.mp4-bee_id_3554-20955-1.png,1,1,True,True,True
train/videos/2017-09-20_19-24-55/2017-09-20_19-24-55.mp4-bee_id_3556-20985-1.png,1,2,True,False,True
train/videos/2017-09-20_19-24-55/2017-09-20_19-24-55.mp4-bee_id_3557-20985-1.png,0,1,False,False,True
train/videos/2017-09-20_19-24-55/2017-09-20_19-24-55.mp4-bee_id_3559-21030-1.png,0,2,False,False,True
train/videos/2017-09-20_19-24-55/2017-09-20_19-24-55.mp4-bee_id_3560-21045-1.png,0,0,False,False,True
train/videos/2017-09-20_19-24-55/2017-09-20_19-24-55.mp4-bee_id_3562-21060-1.png,1,1,True,True,True
train/videos/2017-09-20_19-24-55/2017-09-20_19-24-55.mp4-bee_id_3563-21090-1.png,0,2,False,False,True
train/videos/2017-09-20_19-24-55/2017-09-20_19-24-55.mp4-bee_id_3564-21105-1.png,1,0,True,False,True
train/videos/2017-09-20_19-24-55/2017-09-20_19-24-55.mp4-bee_id_3565-21135-1.png,0,2,False,False,True
train/videos/2017-09-20_19-24-55/2017-09-20_19-24-55.mp4-bee_id_3566-21150-1.png,1,2,True,False,True
train/videos/2017-09-20_19-24-55/2017-09-20_19-24-55.mp4-bee_id_3567-21225-1.png,0,0,False,False,True
train/videos/2017-09-20_19-24-55/2017-09-20_19-24-55.mp4-bee_id_3568-21240-1.png,1,0,True,False,True
train/videos/2017-09-20_19-24-55/2017-09-20_19-24-55.mp4-bee_id_3569-21255-1.png,1,3,True,True,True
train/videos/2017-09-20_19-24-55/2017-09-20_19-24-55.mp4-bee_id_3572-21285-1.png,0,0,False,False,True
train/videos/2017-09-20_19-24-55/2017-09-20_19-24-55.mp4-bee_id_3573-21285-1.png,0,0,False,False,True
train/videos/2017-09-20_19-24-55/2017-09-20_19-24-55.mp4-bee_id_3574-21315-1.png,0,1,False,False,True
train/videos/2017-09-20_19-24-55/2017-09-20_19-24-55.mp4-bee_id_3575-21345-1.png,0,0,False,False,True
train/videos/2017-09-20_19-24-55/2017-09-20_19-24-55.mp4-bee_id_3576-21360-1.png,0,1,False,False,True
train/videos/2017-09-20_19-24-55/2017-09-20_19-24-55.mp4-bee_id_3577-21375-1.png,0,0,False,False,True
train/videos/2017-09-20_19-24-55/2017-09-20_19-24-55.mp4-bee_id_3578-21390-1.png,0,0,False,False,True
train/videos/2017-09-20_19-24-55/2017-09-20_19-24-55.mp4-bee_id_3579-21405-1.png,0,0,False,False,True
train/videos/2017-09-20_19-24-55/2017-09-20_19-24-55.mp4-bee_id_3580-21405-1.png,0,0,False,False,True
train/videos/2017-09-20_19-24-55/2017-09-20_19-24-55.mp4-bee_id_3581-21420-1.png,0,0,False,False,True
train/videos/2017-09-20_19-24-55/2017-09-20_19-24-55.mp4-bee_id_3582-21450-1.png,0,0,False,False,True
train/videos/2017-09-20_19-24-55/2017-09-20_19-24-55.mp4-bee_id_3583-21480-1.png,1,3,True,True,True
train/videos/2017-09-20_19-24-55/2017-09-20_19-24-55.mp4-bee_id_3584-21510-1.png,0,0,False,False,True
train/videos/2017-09-20_19-24-55/2017-09-20_19-24-55.mp4-bee_id_3585-21600-1.png,0,1,False,False,True
train/videos/2017-09-20_19-24-55/2017-09-20_19-24-55.mp4-bee_id_3586-21630-1.png,0,0,False,False,True
train/videos/2017-09-20_19-24-55/2017-09-20_19-24-55.mp4-bee_id_3587-21660-1.png,1,1,True,False,True
train/videos/2017-09-20_19-24-55/2017-09-20_19-24-55.mp4-bee_id_3588-21675-1.png,1,0,True,False,True
train/videos/2017-09-20_19-24-55/2017-09-20_19-24-55.mp4-bee_id_3589-21675-1.png,0,0,False,False,True
train/videos/2017-09-20_19-24-55/2017-09-20_19-24-55.mp4-bee_id_3590-21705-1.png,1,0,True,False,True
train/videos/2017-09-20_19-24-55/2017-09-20_19-24-55.mp4-bee_id_3591-21720-1.png,0,0,False,False,True
train/videos/2017-09-20_19-24-55/2017-09-20_19-24-55.mp4-bee_id_3592-21765-1.png,0,2,False,False,True
train/videos/2017-09-20_19-24-55/2017-09-20_19-24-55.mp4-bee_id_3593-21765-1.png,0,0,False,False,True
train/videos/2017-09-20_19-24-55/2017-09-20_19-24-55.mp4-bee_id_3594-21810-1.png,1,1,True,False,True
train/videos/2017-09-20_19-24-55/2017-09-20_19-24-55.mp4-bee_id_3595-21810-1.png,0,0,False,False,True
train/videos/2017-09-20_19-24-55/2017-09-20_19-24-55.mp4-bee_id_3596-21825-1.png,0,1,False,False,True
train/videos/2017-09-20_19-24-55/2017-09-20_19-24-55.mp4-bee_id_3597-21840-1.png,1,2,True,False,True
train/videos/2017-09-20_19-24-55/2017-09-20_19-24-55.mp4-bee_id_3598-21885-1.png,0,0,False,False,True
train/videos/2017-09-20_19-24-55/2017-09-20_19-24-55.mp4-bee_id_3599-21900-1.png,1,0,True,False,True
train/videos/2017-09-20_19-24-55/2017-09-20_19-24-55.mp4-bee_id_3600-21900-1.png,1,1,True,False,True
train/videos/2017-09-20_19-24-55/2017-09-20_19-24-55.mp4-bee_id_3601-21915-1.png,1,0,True,False,True
train/videos/2017-09-20_19-24-55/2017-09-20_19-24-55.mp4-bee_id_3602-21960-1.png,0,0,False,False,True
train/videos/2017-09-20_19-24-55/2017-09-20_19-24-55.mp4-bee_id_3603-22005-1.png,0,0,False,False,True
train/videos/2017-09-20_19-24-55/2017-09-20_19-24-55.mp4-bee_id_3604-22050-1.png,0,2,False,False,True
train/videos/2017-09-20_19-24-55/2017-09-20_19-24-55.mp4-bee_id_3605-22065-1.png,0,2,False,False,True
train/videos/2017-09-20_19-24-55/2017-09-20_19-24-55.mp4-bee_id_3606-22065-1.png,0,0,False,False,True
train/videos/2017-09-20_19-24-55/2017-09-20_19-24-55.mp4-bee_id_3607-22140-1.png,0,0,False,False,True
train/videos/2017-09-20_19-24-55/2017-09-20_19-24-55.mp4-bee_id_3609-22230-1.png,0,0,False,False,True
train/videos/2017-09-20_19-24-55/2017-09-20_19-24-55.mp4-bee_id_3610-22275-1.png,0,1,False,False,True
train/videos/2017-09-20_19-24-55/2017-09-20_19-24-55.mp4-bee_id_3611-22290-1.png,0,0,False,False,True
train/videos/2017-09-20_19-24-55/2017-09-20_19-24-55.mp4-bee_id_3612-22290-1.png,0,1,False,False,True
train/videos/2017-09-20_19-24-55/2017-09-20_19-24-55.mp4-bee_id_3613-22305-1.png,0,1,False,False,True
train/videos/2017-09-20_19-24-55/2017-09-20_19-24-55.mp4-bee_id_3614-22320-1.png,0,0,False,False,True
train/videos/2017-09-20_19-24-55/2017-09-20_19-24-55.mp4-bee_id_3615-22320-1.png,0,0,False,False,True
train/videos/2017-09-20_19-24-55/2017-09-20_19-24-55.mp4-bee_id_3617-22470-1.png,0,0,False,False,True
train/videos/2017-09-20_19-24-55/2017-09-20_19-24-55.mp4-bee_id_3618-22515-1.png,0,0,False,False,True
train/videos/2017-09-20_19-24-55/2017-09-20_19-24-55.mp4-bee_id_3619-22530-1.png,1,1,True,False,True
train/videos/2017-09-20_19-24-55/2017-09-20_19-24-55.mp4-bee_id_3620-22530-1.png,0,0,False,False,True
train/videos/2017-09-20_19-24-55/2017-09-20_19-24-55.mp4-bee_id_3621-22560-1.png,0,0,False,False,True
train/videos/2017-09-20_19-24-55/2017-09-20_19-24-55.mp4-bee_id_3622-22605-1.png,0,0,False,False,True
train/videos/2017-09-20_19-24-55/2017-09-20_19-24-55.mp4-bee_id_3623-22620-1.png,1,1,True,False,True
train/videos/2017-09-20_19-24-55/2017-09-20_19-24-55.mp4-bee_id_3624-22680-1.png,0,0,False,False,True
train/videos/2017-09-20_19-24-55/2017-09-20_19-24-55.mp4-bee_id_3625-22740-1.png,1,2,True,True,True
train/videos/2017-09-20_19-24-55/2017-09-20_19-24-55.mp4-bee_id_3626-22755-1.png,0,1,False,False,True
train/videos/2017-09-20_19-24-55/2017-09-20_19-24-55.mp4-bee_id_3627-22785-1.png,0,0,False,False,True
train/videos/2017-09-20_19-24-55/2017-09-20_19-24-55.mp4-bee_id_3628-22785-1.png,0,0,False,False,True
train/videos/2017-09-20_19-24-55/2017-09-20_19-24-55.mp4-bee_id_3629-22800-1.png,0,0,False,False,True
train/videos/2017-09-20_19-24-55/2017-09-20_19-24-55.mp4-bee_id_3630-22845-1.png,0,0,False,False,True
train/videos/2017-09-20_19-24-55/2017-09-20_19-24-55.mp4-bee_id_3631-22905-1.png,0,1,False,False,True
train/videos/2017-09-20_19-24-55/2017-09-20_19-24-55.mp4-bee_id_3632-22950-1.png,0,0,False,False,True
train/videos/2017-09-20_19-24-55/2017-09-20_19-24-55.mp4-bee_id_3634-23040-1.png,0,0,False,False,True
train/videos/2017-09-20_19-24-55/2017-09-20_19-24-55.mp4-bee_id_3637-23130-1.png,1,1,True,False,True
train/videos/2017-09-20_19-24-55/2017-09-20_19-24-55.mp4-bee_id_3638-23175-1.png,0,0,False,False,True
train/videos/2017-09-20_19-24-55/2017-09-20_19-24-55.mp4-bee_id_3639-23190-1.png,1,2,True,False,True
train/videos/2017-09-20_19-24-55/2017-09-20_19-24-55.mp4-bee_id_3640-23235-1.png,0,0,False,False,True
train/videos/2017-09-20_19-24-55/2017-09-20_19-24-55.mp4-bee_id_3641-23235-1.png,0,0,False,False,True
train/videos/2017-09-20_19-24-55/2017-09-20_19-24-55.mp4-bee_id_3642-23250-1.png,0,1,False,False,True
train/videos/2017-09-20_19-24-55/2017-09-20_19-24-55.mp4-bee_id_3643-23280-1.png,0,0,False,False,True
train/videos/2017-09-20_19-24-55/2017-09-20_19-24-55.mp4-bee_id_3644-23295-1.png,0,0,False,False,True
train/videos/2017-09-20_19-24-55/2017-09-20_19-24-55.mp4-bee_id_3645-23325-1.png,1,0,True,False,True
train/videos/2017-09-20_19-24-55/2017-09-20_19-24-55.mp4-bee_id_3646-23340-1.png,0,1,False,False,True
train/videos/2017-09-20_19-24-55/2017-09-20_19-24-55.mp4-bee_id_3647-23340-1.png,1,2,True,False,True
train/videos/2017-09-20_19-24-55/2017-09-20_19-24-55.mp4-bee_id_3648-23355-1.png,1,0,True,False,True
train/videos/2017-09-20_19-24-55/2017-09-20_19-24-55.mp4-bee_id_3649-23430-1.png,0,0,False,False,True
train/videos/2017-09-20_19-24-55/2017-09-20_19-24-55.mp4-bee_id_3650-23490-1.png,0,1,False,False,True
train/videos/2017-09-20_19-24-55/2017-09-20_19-24-55.mp4-bee_id_3651-23505-1.png,0,0,False,False,True
train/videos/2017-09-20_19-24-55/2017-09-20_19-24-55.mp4-bee_id_3652-23520-1.png,1,0,True,False,True
train/videos/2017-09-20_19-24-55/2017-09-20_19-24-55.mp4-bee_id_3653-23550-1.png,0,0,False,False,True
train/videos/2017-09-20_19-24-55/2017-09-20_19-24-55.mp4-bee_id_3654-23565-1.png,0,0,False,False,True
train/videos/2017-09-20_19-24-55/2017-09-20_19-24-55.mp4-bee_id_3655-23700-1.png,1,1,True,False,True
train/videos/2017-09-20_19-24-55/2017-09-20_19-24-55.mp4-bee_id_3657-23730-1.png,0,2,False,False,True
train/videos/2017-09-20_19-24-55/2017-09-20_19-24-55.mp4-bee_id_3658-23745-1.png,1,1,True,False,True
train/videos/2017-09-20_19-24-55/2017-09-20_19-24-55.mp4-bee_id_3659-23760-1.png,0,0,False,False,True
train/videos/2017-09-20_19-24-55/2017-09-20_19-24-55.mp4-bee_id_3661-23880-1.png,0,0,False,False,True
train/videos/2017-09-20_19-24-55/2017-09-20_19-24-55.mp4-bee_id_3662-23895-1.png,0,0,False,False,True
train/videos/2017-09-20_19-24-55/2017-09-20_19-24-55.mp4-bee_id_3663-23895-1.png,1,0,True,False,True
train/videos/2017-09-20_19-24-55/2017-09-20_19-24-55.mp4-bee_id_3664-23910-1.png,0,1,False,False,True
train/videos/2017-09-20_19-24-55/2017-09-20_19-24-55.mp4-bee_id_3665-23940-1.png,0,3,False,False,True
train/videos/2017-09-20_19-24-55/2017-09-20_19-24-55.mp4-bee_id_3666-23985-1.png,0,0,False,False,True
train/videos/2017-09-20_19-24-55/2017-09-20_19-24-55.mp4-bee_id_3667-24000-1.png,0,0,False,False,True
train/videos/2017-09-20_19-24-55/2017-09-20_19-24-55.mp4-bee_id_3669-24045-1.png,0,0,False,False,True
train/videos/2017-09-20_19-24-55/2017-09-20_19-24-55.mp4-bee_id_3670-24075-1.png,0,0,False,False,True
train/videos/2017-09-20_19-24-55/2017-09-20_19-24-55.mp4-bee_id_3671-24075-1.png,0,0,False,False,True
train/videos/2017-09-20_19-24-55/2017-09-20_19-24-55.mp4-bee_id_3672-24165-1.png,0,0,False,False,True
train/videos/2017-09-20_19-24-55/2017-09-20_19-24-55.mp4-bee_id_3674-24180-1.png,0,0,False,False,True
train/videos/2017-09-20_19-24-55/2017-09-20_19-24-55.mp4-bee_id_3675-24210-1.png,0,1,False,False,True
train/videos/2017-09-20_19-24-55/2017-09-20_19-24-55.mp4-bee_id_3677-24240-1.png,0,0,False,False,True
train/videos/2017-09-20_19-24-55/2017-09-20_19-24-55.mp4-bee_id_3678-24270-1.png,1,0,True,False,True
train/videos/2017-09-20_19-24-55/2017-09-20_19-24-55.mp4-bee_id_3679-24315-1.png,1,0,True,False,True
train/videos/2017-09-20_19-24-55/2017-09-20_19-24-55.mp4-bee_id_3680-24375-1.png,0,0,False,False,True
train/videos/2017-09-20_19-24-55/2017-09-20_19-24-55.mp4-bee_id_3681-24375-1.png,0,0,False,False,True
train/videos/2017-09-20_19-24-55/2017-09-20_19-24-55.mp4-bee_id_3682-24390-1.png,0,0,False,False,True
train/videos/2017-09-20_19-24-55/2017-09-20_19-24-55.mp4-bee_id_3683-24405-1.png,0,0,False,False,True
train/videos/2017-09-20_19-24-55/2017-09-20_19-24-55.mp4-bee_id_3685-24405-1.png,0,0,False,False,True
train/videos/2017-09-20_19-24-55/2017-09-20_19-24-55.mp4-bee_id_3686-24420-1.png,0,2,False,False,True
train/videos/2017-09-20_19-24-55/2017-09-20_19-24-55.mp4-bee_id_3687-24435-1.png,0,0,False,False,True
train/videos/2017-09-20_19-24-55/2017-09-20_19-24-55.mp4-bee_id_3688-24465-1.png,0,0,False,False,True
train/videos/2017-09-20_19-24-55/2017-09-20_19-24-55.mp4-bee_id_3689-24495-1.png,0,0,False,False,True
train/videos/2017-09-20_19-24-55/2017-09-20_19-24-55.mp4-bee_id_3690-24495-1.png,1,1,True,False,True
train/videos/2017-09-20_19-24-55/2017-09-20_19-24-55.mp4-bee_id_3691-24510-1.png,0,0,False,False,True
train/videos/2017-09-20_19-24-55/2017-09-20_19-24-55.mp4-bee_id_3693-24555-1.png,0,0,False,False,True
train/videos/2017-09-20_19-24-55/2017-09-20_19-24-55.mp4-bee_id_3695-24585-1.png,0,1,False,False,True
train/videos/2017-09-20_19-24-55/2017-09-20_19-24-55.mp4-bee_id_3697-24660-1.png,1,2,True,False,True
train/videos/2017-09-20_19-24-55/2017-09-20_19-24-55.mp4-bee_id_3698-24705-1.png,0,0,False,False,True
train/videos/2017-09-20_19-24-55/2017-09-20_19-24-55.mp4-bee_id_3699-24720-1.png,1,0,True,False,True
train/videos/2017-09-20_19-24-55/2017-09-20_19-24-55.mp4-bee_id_3700-24735-1.png,1,0,True,False,True
train/videos/2017-09-20_19-24-55/2017-09-20_19-24-55.mp4-bee_id_3701-24750-1.png,0,0,False,False,True
train/videos/2017-09-20_19-24-55/2017-09-20_19-24-55.mp4-bee_id_3702-24750-1.png,0,0,False,False,True
train/videos/2017-09-20_19-24-55/2017-09-20_19-24-55.mp4-bee_id_3703-24825-1.png,0,0,False,False,True
train/videos/2017-09-20_19-24-55/2017-09-20_19-24-55.mp4-bee_id_3704-24840-1.png,1,2,True,True,True
train/videos/2017-09-20_19-24-55/2017-09-20_19-24-55.mp4-bee_id_3705-24840-1.png,0,0,False,False,True
train/videos/2017-09-20_19-24-55/2017-09-20_19-24-55.mp4-bee_id_3706-24855-1.png,0,0,False,False,True
train/videos/2017-09-20_19-24-55/2017-09-20_19-24-55.mp4-bee_id_3708-24900-1.png,0,0,False,False,True
train/videos/2017-09-20_19-24-55/2017-09-20_19-24-55.mp4-bee_id_3709-24900-1.png,0,0,False,False,True
train/videos/2017-09-20_19-24-55/2017-09-20_19-24-55.mp4-bee_id_3710-24915-1.png,0,2,False,False,True
train/videos/2017-09-20_19-24-55/2017-09-20_19-24-55.mp4-bee_id_3711-24930-1.png,1,0,True,False,True
train/videos/2017-09-20_19-24-55/2017-09-20_19-24-55.mp4-bee_id_3712-24975-1.png,0,0,False,False,True
train/videos/2017-09-20_19-24-55/2017-09-20_19-24-55.mp4-bee_id_3713-24975-1.png,0,1,False,False,True
train/videos/2017-09-20_19-24-55/2017-09-20_19-24-55.mp4-bee_id_3714-25020-1.png,0,0,False,False,True
train/videos/2017-09-20_19-24-55/2017-09-20_19-24-55.mp4-bee_id_3715-25080-1.png,0,0,False,False,True
train/videos/2017-09-20_19-24-55/2017-09-20_19-24-55.mp4-bee_id_3716-25095-1.png,0,0,False,False,True
train/videos/2017-09-20_19-24-55/2017-09-20_19-24-55.mp4-bee_id_3717-25095-1.png,0,0,False,False,True
train/videos/2017-09-20_19-24-55/2017-09-20_19-24-55.mp4-bee_id_3718-25110-1.png,0,2,False,False,True
train/videos/2017-09-20_19-24-55/2017-09-20_19-24-55.mp4-bee_id_3719-25125-1.png,0,0,False,False,True
train/videos/2017-09-20_19-24-55/2017-09-20_19-24-55.mp4-bee_id_3720-25155-1.png,0,1,False,False,True
train/videos/2017-09-20_19-24-55/2017-09-20_19-24-55.mp4-bee_id_3721-25155-1.png,0,1,False,False,True
train/videos/2017-09-20_19-24-55/2017-09-20_19-24-55.mp4-bee_id_3722-25170-1.png,0,2,False,False,True
train/videos/2017-09-20_19-24-55/2017-09-20_19-24-55.mp4-bee_id_3724-25200-1.png,0,0,False,False,True
train/videos/2017-09-20_19-24-55/2017-09-20_19-24-55.mp4-bee_id_3725-25215-1.png,0,1,False,False,True
train/videos/2017-09-20_19-24-55/2017-09-20_19-24-55.mp4-bee_id_3726-25260-1.png,0,1,False,False,True
train/videos/2017-09-20_19-24-55/2017-09-20_19-24-55.mp4-bee_id_3727-25275-1.png,0,0,False,False,True
train/videos/2017-09-20_19-24-55/2017-09-20_19-24-55.mp4-bee_id_3728-25335-1.png,1,0,True,False,True
train/videos/2017-09-20_19-24-55/2017-09-20_19-24-55.mp4-bee_id_3729-25335-1.png,0,0,False,False,True
train/videos/2017-09-20_19-24-55/2017-09-20_19-24-55.mp4-bee_id_3730-25350-1.png,0,0,False,False,True
train/videos/2017-09-20_19-24-55/2017-09-20_19-24-55.mp4-bee_id_3731-25350-1.png,0,1,False,False,True
train/videos/2017-09-20_19-24-55/2017-09-20_19-24-55.mp4-bee_id_3732-25410-1.png,0,0,False,False,True
train/videos/2017-09-20_19-24-55/2017-09-20_19-24-55.mp4-bee_id_3733-25440-1.png,0,2,False,False,True
train/videos/2017-09-20_19-24-55/2017-09-20_19-24-55.mp4-bee_id_3734-25440-1.png,1,0,True,False,True
train/videos/2017-09-20_19-24-55/2017-09-20_19-24-55.mp4-bee_id_3735-25485-1.png,0,0,False,False,True
train/videos/2017-09-20_19-24-55/2017-09-20_19-24-55.mp4-bee_id_3736-25620-1.png,1,0,True,False,True
train/videos/2017-09-20_19-24-55/2017-09-20_19-24-55.mp4-bee_id_3737-25635-1.png,1,1,True,True,True
train/videos/2017-09-20_19-24-55/2017-09-20_19-24-55.mp4-bee_id_3738-25635-1.png,0,0,False,False,True
train/videos/2017-09-20_19-24-55/2017-09-20_19-24-55.mp4-bee_id_3739-25650-1.png,0,0,False,False,True
train/videos/2017-09-20_19-24-55/2017-09-20_19-24-55.mp4-bee_id_3743-25785-1.png,0,0,False,False,True
train/videos/2017-09-20_19-24-55/2017-09-20_19-24-55.mp4-bee_id_3744-25830-1.png,1,0,True,False,True
train/videos/2017-09-20_19-24-55/2017-09-20_19-24-55.mp4-bee_id_3745-25875-1.png,0,0,False,False,True
train/videos/2017-09-20_19-24-55/2017-09-20_19-24-55.mp4-bee_id_3746-25875-1.png,0,0,False,False,True
train/videos/2017-09-20_19-24-55/2017-09-20_19-24-55.mp4-bee_id_3747-25890-1.png,0,0,False,False,True
train/videos/2017-09-20_19-24-55/2017-09-20_19-24-55.mp4-bee_id_3748-25905-1.png,0,0,False,False,True
train/videos/2017-09-20_19-24-55/2017-09-20_19-24-55.mp4-bee_id_3749-25905-1.png,1,0,True,False,True
train/videos/2017-09-20_19-24-55/2017-09-20_19-24-55.mp4-bee_id_3750-25905-1.png,0,0,False,False,True
train/videos/2017-09-20_19-24-55/2017-09-20_19-24-55.mp4-bee_id_3751-25920-1.png,0,0,False,False,True
train/videos/2017-09-20_19-24-55/2017-09-20_19-24-55.mp4-bee_id_3752-25965-1.png,0,0,False,False,True
train/videos/2017-09-20_19-24-55/2017-09-20_19-24-55.mp4-bee_id_3753-25980-1.png,0,0,False,False,True
train/videos/2017-09-20_19-24-55/2017-09-20_19-24-55.mp4-bee_id_3756-26040-1.png,0,0,False,False,True
train/videos/2017-09-20_19-24-55/2017-09-20_19-24-55.mp4-bee_id_3757-26055-1.png,0,0,False,False,True
train/videos/2017-09-20_19-24-55/2017-09-20_19-24-55.mp4-bee_id_3758-26085-1.png,1,0,True,False,True
train/videos/2017-09-20_19-24-55/2017-09-20_19-24-55.mp4-bee_id_3760-26175-1.png,0,1,False,False,True
train/videos/2017-09-20_19-24-55/2017-09-20_19-24-55.mp4-bee_id_3761-26190-1.png,0,0,False,False,True
train/videos/2017-09-20_19-24-55/2017-09-20_19-24-55.mp4-bee_id_3762-26190-1.png,0,0,False,False,True
train/videos/2017-09-20_19-24-55/2017-09-20_19-24-55.mp4-bee_id_3764-26220-1.png,1,0,True,False,True
train/videos/2017-09-20_19-24-55/2017-09-20_19-24-55.mp4-bee_id_3765-26235-1.png,0,0,False,False,True
train/videos/2017-09-20_19-24-55/2017-09-20_19-24-55.mp4-bee_id_3766-26250-1.png,0,0,False,False,True
train/videos/2017-09-20_19-24-55/2017-09-20_19-24-55.mp4-bee_id_3767-26265-1.png,0,0,False,False,True
train/videos/2017-09-20_19-24-55/2017-09-20_19-24-55.mp4-bee_id_3768-26265-1.png,0,0,False,False,True
train/videos/2017-09-20_19-24-55/2017-09-20_19-24-55.mp4-bee_id_3769-26280-1.png,0,0,False,False,True
train/videos/2017-09-20_19-24-55/2017-09-20_19-24-55.mp4-bee_id_3770-26295-1.png,0,0,False,False,True
train/videos/2017-09-20_19-24-55/2017-09-20_19-24-55.mp4-bee_id_3771-26325-1.png,0,0,False,False,True
train/videos/2017-09-20_19-24-55/2017-09-20_19-24-55.mp4-bee_id_3773-26415-1.png,1,0,True,False,True
train/videos/2017-09-20_19-24-55/2017-09-20_19-24-55.mp4-bee_id_3774-26445-1.png,0,0,False,False,True
train/videos/2017-09-20_19-24-55/2017-09-20_19-24-55.mp4-bee_id_3775-26445-1.png,1,0,True,False,True
train/videos/2017-09-20_19-24-55/2017-09-20_19-24-55.mp4-bee_id_3776-26505-1.png,0,1,False,False,True
train/videos/2017-09-20_19-24-55/2017-09-20_19-24-55.mp4-bee_id_3777-26505-1.png,1,0,True,False,True
train/videos/2017-09-20_19-24-55/2017-09-20_19-24-55.mp4-bee_id_3778-26505-1.png,0,0,False,False,True
train/videos/2017-09-20_19-24-55/2017-09-20_19-24-55.mp4-bee_id_3779-26520-1.png,0,1,False,False,True
train/videos/2017-09-20_19-24-55/2017-09-20_19-24-55.mp4-bee_id_3780-26520-1.png,0,0,False,False,True
train/videos/2017-09-20_19-24-55/2017-09-20_19-24-55.mp4-bee_id_3781-26565-1.png,0,0,False,False,True
train/videos/2017-09-20_19-24-55/2017-09-20_19-24-55.mp4-bee_id_3782-26580-1.png,0,0,False,False,True
train/videos/2017-09-20_19-24-55/2017-09-20_19-24-55.mp4-bee_id_3783-26685-1.png,0,0,False,False,True
train/videos/2017-09-20_19-24-55/2017-09-20_19-24-55.mp4-bee_id_3784-26685-1.png,0,0,False,False,True
train/videos/2017-09-20_19-24-55/2017-09-20_19-24-55.mp4-bee_id_3785-26730-1.png,1,1,True,False,True
train/videos/2017-09-20_19-24-55/2017-09-20_19-24-55.mp4-bee_id_3787-26745-1.png,0,0,False,False,True
train/videos/2017-09-20_19-24-55/2017-09-20_19-24-55.mp4-bee_id_3788-26775-1.png,0,0,False,False,True
train/videos/2017-09-20_19-24-55/2017-09-20_19-24-55.mp4-bee_id_3789-26790-1.png,0,0,False,False,True
train/videos/2017-09-20_19-24-55/2017-09-20_19-24-55.mp4-bee_id_3790-26805-1.png,1,0,True,False,True
train/videos/2017-09-20_19-24-55/2017-09-20_19-24-55.mp4-bee_id_3791-26820-1.png,0,0,False,False,True
train/videos/2017-09-20_19-24-55/2017-09-20_19-24-55.mp4-bee_id_3793-26895-1.png,0,0,False,False,True
train/videos/2017-09-20_19-24-55/2017-09-20_19-24-55.mp4-bee_id_3794-27015-1.png,1,0,True,False,True
train/videos/2017-09-20_19-24-55/2017-09-20_19-24-55.mp4-bee_id_3795-27105-1.png,0,0,False,False,True
train/videos/2017-09-20_19-24-55/2017-09-20_19-24-55.mp4-bee_id_3796-27105-1.png,0,1,False,False,True
train/videos/2017-09-20_19-24-55/2017-09-20_19-24-55.mp4-bee_id_3797-27120-1.png,0,0,False,False,True
train/videos/2017-09-20_19-24-55/2017-09-20_19-24-55.mp4-bee_id_3798-27120-1.png,1,0,True,False,True
train/videos/2017-09-20_19-24-55/2017-09-20_19-24-55.mp4-bee_id_3800-27210-1.png,0,0,False,False,True
train/videos/2017-09-20_19-24-55/2017-09-20_19-24-55.mp4-bee_id_3801-27225-1.png,1,0,True,False,True
train/videos/2017-09-20_19-24-55/2017-09-20_19-24-55.mp4-bee_id_3802-27240-1.png,0,1,False,False,True
train/videos/2017-09-20_19-24-55/2017-09-20_19-24-55.mp4-bee_id_3804-27375-1.png,0,1,False,False,True
train/videos/2017-09-20_19-24-55/2017-09-20_19-24-55.mp4-bee_id_3806-27450-1.png,0,0,False,False,True
train/videos/2017-09-20_19-24-55/2017-09-20_19-24-55.mp4-bee_id_3807-27450-1.png,1,0,True,False,True
train/videos/2017-09-20_19-24-55/2017-09-20_19-24-55.mp4-bee_id_3810-27495-1.png,0,0,False,False,True
train/videos/2017-09-20_19-24-55/2017-09-20_19-24-55.mp4-bee_id_3811-27510-1.png,0,2,False,False,True
train/videos/2017-09-20_19-24-55/2017-09-20_19-24-55.mp4-bee_id_3813-27525-1.png,0,1,False,False,True
train/videos/2017-09-20_19-24-55/2017-09-20_19-24-55.mp4-bee_id_3814-27525-1.png,0,1,False,False,True
train/videos/2017-09-20_19-24-55/2017-09-20_19-24-55.mp4-bee_id_3815-27540-1.png,0,0,False,False,True
train/videos/2017-09-20_19-24-55/2017-09-20_19-24-55.mp4-bee_id_3816-27555-1.png,1,0,True,False,True
train/videos/2017-09-20_19-24-55/2017-09-20_19-24-55.mp4-bee_id_3817-27630-1.png,0,0,False,False,True
train/videos/2017-09-20_19-24-55/2017-09-20_19-24-55.mp4-bee_id_3818-27630-1.png,0,0,False,False,True
train/videos/2017-09-20_19-24-55/2017-09-20_19-24-55.mp4-bee_id_3819-27645-1.png,0,0,False,False,True
train/videos/2017-09-20_19-24-55/2017-09-20_19-24-55.mp4-bee_id_3820-27705-1.png,1,0,True,False,True
train/videos/2017-09-20_19-24-55/2017-09-20_19-24-55.mp4-bee_id_3821-27720-1.png,1,0,True,False,True
train/videos/2017-09-20_19-24-55/2017-09-20_19-24-55.mp4-bee_id_3822-27720-1.png,1,2,True,False,True
train/videos/2017-09-20_19-24-55/2017-09-20_19-24-55.mp4-bee_id_3823-27750-1.png,0,0,False,False,True
train/videos/2017-09-20_19-24-55/2017-09-20_19-24-55.mp4-bee_id_3824-27780-1.png,1,0,True,False,True
train/videos/2017-09-20_19-24-55/2017-09-20_19-24-55.mp4-bee_id_3825-27780-1.png,0,0,False,False,True
train/videos/2017-09-20_19-24-55/2017-09-20_19-24-55.mp4-bee_id_3826-27810-1.png,1,0,True,False,True
train/videos/2017-09-20_19-24-55/2017-09-20_19-24-55.mp4-bee_id_3827-27885-1.png,0,1,False,False,True
train/videos/2017-09-20_19-24-55/2017-09-20_19-24-55.mp4-bee_id_3828-27915-1.png,0,0,False,False,True
train/videos/2017-09-20_19-24-55/2017-09-20_19-24-55.mp4-bee_id_3829-27915-1.png,0,0,False,False,True
train/videos/2017-09-20_19-24-55/2017-09-20_19-24-55.mp4-bee_id_3831-28005-1.png,1,2,True,False,True
train/videos/2017-09-20_19-24-55/2017-09-20_19-24-55.mp4-bee_id_3832-28080-1.png,0,1,False,False,True
train/videos/2017-09-20_19-24-55/2017-09-20_19-24-55.mp4-bee_id_3833-28125-1.png,0,0,False,False,True
train/videos/2017-09-20_19-24-55/2017-09-20_19-24-55.mp4-bee_id_3834-28140-1.png,0,1,False,False,True
train/videos/2017-09-20_19-24-55/2017-09-20_19-24-55.mp4-bee_id_3835-28185-1.png,0,0,False,False,True
train/videos/2017-09-20_19-24-55/2017-09-20_19-24-55.mp4-bee_id_3836-28185-1.png,1,0,True,False,True
train/videos/2017-09-20_19-24-55/2017-09-20_19-24-55.mp4-bee_id_3837-28185-1.png,0,0,False,False,True
train/videos/2017-09-20_19-24-55/2017-09-20_19-24-55.mp4-bee_id_3838-28215-1.png,0,0,False,False,True
train/videos/2017-09-20_19-24-55/2017-09-20_19-24-55.mp4-bee_id_3839-28230-1.png,1,0,True,False,True
train/videos/2017-09-20_19-24-55/2017-09-20_19-24-55.mp4-bee_id_3840-28245-1.png,1,1,True,True,True
train/videos/2017-09-20_19-24-55/2017-09-20_19-24-55.mp4-bee_id_3841-28275-1.png,1,0,True,False,True
train/videos/2017-09-20_19-24-55/2017-09-20_19-24-55.mp4-bee_id_3842-28290-1.png,1,2,True,False,True
train/videos/2017-09-20_19-24-55/2017-09-20_19-24-55.mp4-bee_id_3843-28305-1.png,0,1,False,False,True
train/videos/2017-09-20_19-24-55/2017-09-20_19-24-55.mp4-bee_id_3844-28305-1.png,1,1,True,False,True
train/videos/2017-09-20_19-24-55/2017-09-20_19-24-55.mp4-bee_id_3846-28395-1.png,0,1,False,False,True
train/videos/2017-09-20_19-24-55/2017-09-20_19-24-55.mp4-bee_id_3847-28410-1.png,0,0,False,False,True
train/videos/2017-09-20_19-24-55/2017-09-20_19-24-55.mp4-bee_id_3848-28470-1.png,1,0,True,False,True
train/videos/2017-09-20_19-24-55/2017-09-20_19-24-55.mp4-bee_id_3849-28485-1.png,1,0,True,False,True
train/videos/2017-09-20_19-24-55/2017-09-20_19-24-55.mp4-bee_id_3850-28515-1.png,0,0,False,False,True
train/videos/2017-09-20_19-24-55/2017-09-20_19-24-55.mp4-bee_id_3851-28530-1.png,1,1,True,False,True
train/videos/2017-09-20_19-24-55/2017-09-20_19-24-55.mp4-bee_id_3852-28545-1.png,1,0,True,False,True
train/videos/2017-09-20_19-24-55/2017-09-20_19-24-55.mp4-bee_id_3853-28575-1.png,0,0,False,False,True
train/videos/2017-09-20_19-24-55/2017-09-20_19-24-55.mp4-bee_id_3854-28575-1.png,0,0,False,False,True
train/videos/2017-09-20_19-24-55/2017-09-20_19-24-55.mp4-bee_id_3856-28635-1.png,0,0,False,False,True
train/videos/2017-09-20_19-24-55/2017-09-20_19-24-55.mp4-bee_id_3857-28635-1.png,1,0,True,False,True
train/videos/2017-09-20_19-24-55/2017-09-20_19-24-55.mp4-bee_id_3858-28650-1.png,1,0,True,False,True
train/videos/2017-09-20_19-24-55/2017-09-20_19-24-55.mp4-bee_id_3859-28665-1.png,1,1,True,False,True
train/videos/2017-09-20_19-24-55/2017-09-20_19-24-55.mp4-bee_id_3861-28680-1.png,1,2,True,True,True
train/videos/2017-09-20_19-24-55/2017-09-20_19-24-55.mp4-bee_id_3862-28710-1.png,0,0,False,False,True
train/videos/2017-09-20_19-24-55/2017-09-20_19-24-55.mp4-bee_id_3863-28785-1.png,0,0,False,False,True
train/videos/2017-09-20_19-24-55/2017-09-20_19-24-55.mp4-bee_id_3864-28860-1.png,1,1,True,False,True
train/videos/2017-09-20_19-24-55/2017-09-20_19-24-55.mp4-bee_id_3865-28875-1.png,1,1,True,True,True
train/videos/2017-09-20_19-24-55/2017-09-20_19-24-55.mp4-bee_id_3866-28920-1.png,0,0,False,False,True
train/videos/2017-09-20_19-24-55/2017-09-20_19-24-55.mp4-bee_id_3868-28920-1.png,0,0,False,False,True
train/videos/2017-09-20_19-24-55/2017-09-20_19-24-55.mp4-bee_id_3869-28935-1.png,0,0,False,False,True
train/videos/2017-09-20_19-24-55/2017-09-20_19-24-55.mp4-bee_id_3870-28980-1.png,0,2,False,False,True
train/videos/2017-09-20_19-24-55/2017-09-20_19-24-55.mp4-bee_id_3871-29010-1.png,0,2,False,False,True
train/videos/2017-09-20_19-24-55/2017-09-20_19-24-55.mp4-bee_id_3872-29040-1.png,0,1,False,False,True
train/videos/2017-09-20_19-24-55/2017-09-20_19-24-55.mp4-bee_id_3878-29280-1.png,0,1,False,False,True
train/videos/2017-09-20_19-24-55/2017-09-20_19-24-55.mp4-bee_id_3879-29310-1.png,1,1,True,False,True
train/videos/2017-09-20_19-24-55/2017-09-20_19-24-55.mp4-bee_id_3880-29310-1.png,0,1,False,False,True
train/videos/2017-09-20_19-24-55/2017-09-20_19-24-55.mp4-bee_id_3881-29325-1.png,0,0,False,False,True
train/videos/2017-09-20_19-24-55/2017-09-20_19-24-55.mp4-bee_id_3882-29325-1.png,1,2,True,False,True
train/videos/2017-09-20_19-24-55/2017-09-20_19-24-55.mp4-bee_id_3883-29340-1.png,0,1,False,False,True
train/videos/2017-09-20_19-24-55/2017-09-20_19-24-55.mp4-bee_id_3884-29355-1.png,0,0,False,False,True
train/videos/2017-09-20_19-24-55/2017-09-20_19-24-55.mp4-bee_id_3885-29385-1.png,0,1,False,False,True
train/videos/2017-09-20_19-24-55/2017-09-20_19-24-55.mp4-bee_id_3887-29550-1.png,0,2,False,False,True
train/videos/2017-09-20_19-24-55/2017-09-20_19-24-55.mp4-bee_id_3888-29595-1.png,0,0,False,False,True
train/videos/2017-09-20_19-24-55/2017-09-20_19-24-55.mp4-bee_id_3889-29595-1.png,0,1,False,False,True
train/videos/2017-09-20_19-24-55/2017-09-20_19-24-55.mp4-bee_id_3891-29610-1.png,0,0,False,False,True
train/videos/2017-09-20_19-24-55/2017-09-20_19-24-55.mp4-bee_id_3892-29625-1.png,0,0,False,False,True
train/videos/2017-09-20_19-24-55/2017-09-20_19-24-55.mp4-bee_id_3894-29685-1.png,1,0,True,False,True
train/videos/2017-09-20_19-24-55/2017-09-20_19-24-55.mp4-bee_id_3895-29700-1.png,0,0,False,False,True
train/videos/2017-09-20_19-24-55/2017-09-20_19-24-55.mp4-bee_id_3896-29835-1.png,0,0,False,False,True
train/videos/2017-09-20_19-24-55/2017-09-20_19-24-55.mp4-bee_id_3897-29850-1.png,1,1,True,False,True
train/videos/2017-09-20_19-24-55/2017-09-20_19-24-55.mp4-bee_id_3898-29850-1.png,1,0,True,False,True
train/videos/2017-09-20_19-24-55/2017-09-20_19-24-55.mp4-bee_id_3899-29895-1.png,0,0,False,False,True
train/videos/2017-09-20_19-24-55/2017-09-20_19-24-55.mp4-bee_id_3901-29910-1.png,0,0,False,False,True
train/videos/2017-09-20_19-24-55/2017-09-20_19-24-55.mp4-bee_id_3902-29925-1.png,0,0,False,False,True
train/videos/2017-09-20_19-24-55/2017-09-20_19-24-55.mp4-bee_id_3903-29925-1.png,0,0,False,False,True
train/videos/2017-09-20_19-24-55/2017-09-20_19-24-55.mp4-bee_id_3904-29940-1.png,0,1,False,False,True
train/videos/2017-09-20_19-24-55/2017-09-20_19-24-55.mp4-bee_id_3907-29985-1.png,0,0,False,False,True
train/videos/2017-09-20_19-24-55/2017-09-20_19-24-55.mp4-bee_id_3908-30015-1.png,0,0,False,False,True
train/videos/2017-09-20_19-24-55/2017-09-20_19-24-55.mp4-bee_id_3909-30030-1.png,0,1,False,False,True
train/videos/2017-09-20_19-24-55/2017-09-20_19-24-55.mp4-bee_id_3910-30060-1.png,0,0,False,False,True
train/videos/2017-09-20_19-24-55/2017-09-20_19-24-55.mp4-bee_id_3911-30075-1.png,0,0,False,False,True
train/videos/2017-09-20_19-24-55/2017-09-20_19-24-55.mp4-bee_id_3912-30150-1.png,0,0,False,False,True
train/videos/2017-09-20_19-24-55/2017-09-20_19-24-55.mp4-bee_id_3913-30255-1.png,1,1,True,False,True
train/videos/2017-09-20_19-24-55/2017-09-20_19-24-55.mp4-bee_id_3914-30255-1.png,1,2,True,True,True
train/videos/2017-09-20_19-24-55/2017-09-20_19-24-55.mp4-bee_id_3915-30285-1.png,0,0,False,False,True
train/videos/2017-09-20_19-24-55/2017-09-20_19-24-55.mp4-bee_id_3917-30360-1.png,0,0,False,False,True
train/videos/2017-09-20_19-24-55/2017-09-20_19-24-55.mp4-bee_id_3918-30390-1.png,1,0,True,False,True
train/videos/2017-09-20_19-24-55/2017-09-20_19-24-55.mp4-bee_id_3920-30495-1.png,1,1,True,False,True
train/videos/2017-09-20_19-24-55/2017-09-20_19-24-55.mp4-bee_id_3922-30555-1.png,1,0,True,False,True
train/videos/2017-09-20_19-24-55/2017-09-20_19-24-55.mp4-bee_id_3923-30630-1.png,1,1,True,True,True
train/videos/2017-09-20_19-24-55/2017-09-20_19-24-55.mp4-bee_id_3924-30645-1.png,0,0,False,False,True
train/videos/2017-09-20_19-24-55/2017-09-20_19-24-55.mp4-bee_id_3925-30660-1.png,0,0,False,False,True
train/videos/2017-09-20_19-24-55/2017-09-20_19-24-55.mp4-bee_id_3926-30660-1.png,1,0,True,False,True
train/videos/2017-09-20_19-24-55/2017-09-20_19-24-55.mp4-bee_id_3929-30825-1.png,1,0,True,False,True
train/videos/2017-09-20_19-24-55/2017-09-20_19-24-55.mp4-bee_id_3930-30825-1.png,0,0,False,False,True
train/videos/2017-09-20_19-24-55/2017-09-20_19-24-55.mp4-bee_id_3931-30840-1.png,1,0,True,False,True
train/videos/2017-09-20_19-24-55/2017-09-20_19-24-55.mp4-bee_id_3932-30870-1.png,0,0,False,False,True
train/videos/2017-09-20_19-24-55/2017-09-20_19-24-55.mp4-bee_id_3933-30900-1.png,0,0,False,False,True
train/videos/2017-09-20_19-24-55/2017-09-20_19-24-55.mp4-bee_id_3936-31005-1.png,1,0,True,False,True
train/videos/2017-09-20_19-24-55/2017-09-20_19-24-55.mp4-bee_id_3937-31020-1.png,1,3,True,True,True
train/videos/2017-09-20_19-24-55/2017-09-20_19-24-55.mp4-bee_id_3938-31140-1.png,0,0,False,False,True
train/videos/2017-09-20_19-24-55/2017-09-20_19-24-55.mp4-bee_id_3939-31185-1.png,0,0,False,False,True
train/videos/2017-09-20_19-24-55/2017-09-20_19-24-55.mp4-bee_id_3940-31215-1.png,0,0,False,False,True
train/videos/2017-09-20_19-24-55/2017-09-20_19-24-55.mp4-bee_id_3941-31275-1.png,0,0,False,False,True
train/videos/2017-09-20_19-24-55/2017-09-20_19-24-55.mp4-bee_id_3942-31335-1.png,0,0,False,False,True
train/videos/2017-09-20_19-24-55/2017-09-20_19-24-55.mp4-bee_id_3943-31350-1.png,1,2,True,True,True
train/videos/2017-09-20_19-24-55/2017-09-20_19-24-55.mp4-bee_id_3944-31350-1.png,0,1,False,False,True
train/videos/2017-09-20_19-24-55/2017-09-20_19-24-55.mp4-bee_id_3945-31425-1.png,0,0,False,False,True
train/videos/2017-09-20_19-24-55/2017-09-20_19-24-55.mp4-bee_id_3946-31440-1.png,0,1,False,False,True
train/videos/2017-09-20_19-24-55/2017-09-20_19-24-55.mp4-bee_id_3949-31515-1.png,0,0,False,False,True
train/videos/2017-09-20_19-24-55/2017-09-20_19-24-55.mp4-bee_id_3950-31530-1.png,0,0,False,False,True
train/videos/2017-09-20_19-24-55/2017-09-20_19-24-55.mp4-bee_id_3951-31530-1.png,0,0,False,False,True
train/videos/2017-09-20_19-24-55/2017-09-20_19-24-55.mp4-bee_id_3952-31650-1.png,1,0,True,False,True
train/videos/2017-09-20_19-24-55/2017-09-20_19-24-55.mp4-bee_id_3953-31665-1.png,0,2,False,False,True
train/videos/2017-09-20_19-24-55/2017-09-20_19-24-55.mp4-bee_id_3954-31725-1.png,1,0,True,False,True
train/videos/2017-09-20_19-24-55/2017-09-20_19-24-55.mp4-bee_id_3955-31815-1.png,0,0,False,False,True
train/videos/2017-09-20_19-24-55/2017-09-20_19-24-55.mp4-bee_id_3956-31875-1.png,1,0,True,False,True
train/videos/2017-09-20_19-24-55/2017-09-20_19-24-55.mp4-bee_id_3957-31890-1.png,1,1,True,True,True
train/videos/2017-09-20_19-24-55/2017-09-20_19-24-55.mp4-bee_id_3958-31950-1.png,0,0,False,False,True
train/videos/2017-09-20_19-24-55/2017-09-20_19-24-55.mp4-bee_id_3959-31965-1.png,0,0,False,False,True
train/videos/2017-09-20_19-24-55/2017-09-20_19-24-55.mp4-bee_id_3960-31965-1.png,0,0,False,False,True
train/videos/2017-09-20_19-24-55/2017-09-20_19-24-55.mp4-bee_id_3961-31965-1.png,1,0,True,False,True
train/videos/2017-09-20_19-24-55/2017-09-20_19-24-55.mp4-bee_id_3962-31965-1.png,1,0,True,False,True
train/videos/2017-09-20_19-24-55/2017-09-20_19-24-55.mp4-bee_id_3963-32130-1.png,0,0,False,False,True
train/videos/2017-09-20_19-24-55/2017-09-20_19-24-55.mp4-bee_id_3964-32160-1.png,0,0,False,False,True
train/videos/2017-09-20_19-24-55/2017-09-20_19-24-55.mp4-bee_id_3965-32175-1.png,0,0,False,False,True
train/videos/2017-09-20_19-24-55/2017-09-20_19-24-55.mp4-bee_id_3966-32220-1.png,0,1,False,False,True
train/videos/2017-09-20_19-24-55/2017-09-20_19-24-55.mp4-bee_id_3967-32235-1.png,0,0,False,False,True
train/videos/2017-09-20_19-24-55/2017-09-20_19-24-55.mp4-bee_id_3969-32250-1.png,0,0,False,False,True
train/videos/2017-09-20_19-24-55/2017-09-20_19-24-55.mp4-bee_id_3970-32250-1.png,1,1,True,True,True
train/videos/2017-09-20_19-24-55/2017-09-20_19-24-55.mp4-bee_id_3971-32265-1.png,0,0,False,False,True
train/videos/2017-09-20_19-24-55/2017-09-20_19-24-55.mp4-bee_id_3972-32265-1.png,0,1,False,False,True
train/videos/2017-09-20_19-24-55/2017-09-20_19-24-55.mp4-bee_id_3973-32295-1.png,0,1,False,False,True
train/videos/2017-09-20_19-24-55/2017-09-20_19-24-55.mp4-bee_id_3974-32355-1.png,1,1,True,True,True
train/videos/2017-09-20_19-24-55/2017-09-20_19-24-55.mp4-bee_id_3975-32370-1.png,1,1,True,True,True
train/videos/2017-09-20_19-24-55/2017-09-20_19-24-55.mp4-bee_id_3976-32445-1.png,0,0,False,False,True
train/videos/2017-09-20_19-24-55/2017-09-20_19-24-55.mp4-bee_id_3977-32490-1.png,1,2,True,True,True
train/videos/2017-09-20_19-24-55/2017-09-20_19-24-55.mp4-bee_id_3978-32505-1.png,0,0,False,False,True
train/videos/2017-09-20_19-24-55/2017-09-20_19-24-55.mp4-bee_id_3979-32580-1.png,0,0,False,False,True
train/videos/2017-09-20_19-24-55/2017-09-20_19-24-55.mp4-bee_id_3980-32670-1.png,0,0,False,False,True
train/videos/2017-09-20_19-24-55/2017-09-20_19-24-55.mp4-bee_id_3981-32685-1.png,1,0,True,False,True
train/videos/2017-09-20_19-24-55/2017-09-20_19-24-55.mp4-bee_id_3982-32715-1.png,0,0,False,False,True
train/videos/2017-09-20_19-24-55/2017-09-20_19-24-55.mp4-bee_id_3983-32715-1.png,0,0,False,False,True
train/videos/2017-09-20_19-24-55/2017-09-20_19-24-55.mp4-bee_id_3984-32730-1.png,0,1,False,False,True
train/videos/2017-09-20_19-24-55/2017-09-20_19-24-55.mp4-bee_id_3985-32820-1.png,0,0,False,False,True
train/videos/2017-09-20_19-24-55/2017-09-20_19-24-55.mp4-bee_id_3986-32835-1.png,1,1,True,False,True
train/videos/2017-09-20_19-24-55/2017-09-20_19-24-55.mp4-bee_id_3987-32865-1.png,0,0,False,False,True
train/videos/2017-09-20_19-24-55/2017-09-20_19-24-55.mp4-bee_id_3988-32895-1.png,0,0,False,False,True
train/videos/2017-09-20_19-24-55/2017-09-20_19-24-55.mp4-bee_id_3990-32895-1.png,0,0,False,False,True
train/videos/2017-09-20_19-24-55/2017-09-20_19-24-55.mp4-bee_id_3991-32910-1.png,0,0,False,False,True
train/videos/2017-09-20_19-24-55/2017-09-20_19-24-55.mp4-bee_id_3992-32925-1.png,0,0,False,False,True
train/videos/2017-09-20_19-24-55/2017-09-20_19-24-55.mp4-bee_id_3993-32925-1.png,0,0,False,False,True
train/videos/2017-09-20_19-24-55/2017-09-20_19-24-55.mp4-bee_id_3994-33000-1.png,0,0,False,False,True
train/videos/2017-09-20_19-24-55/2017-09-20_19-24-55.mp4-bee_id_3995-33090-1.png,0,0,False,False,True
train/videos/2017-09-20_19-24-55/2017-09-20_19-24-55.mp4-bee_id_3996-33120-1.png,1,0,True,False,True
train/videos/2017-09-20_19-24-55/2017-09-20_19-24-55.mp4-bee_id_3997-33135-1.png,1,1,True,False,True
train/videos/2017-09-20_19-24-55/2017-09-20_19-24-55.mp4-bee_id_3998-33150-1.png,1,0,True,False,True
train/videos/2017-09-20_19-24-55/2017-09-20_19-24-55.mp4-bee_id_3999-33195-1.png,0,0,False,False,True
train/videos/2017-09-20_19-24-55/2017-09-20_19-24-55.mp4-bee_id_4000-33255-1.png,1,1,True,True,True
train/videos/2017-09-20_19-24-55/2017-09-20_19-24-55.mp4-bee_id_4001-33315-1.png,0,0,False,False,True
train/videos/2017-09-20_19-24-55/2017-09-20_19-24-55.mp4-bee_id_4002-33330-1.png,0,0,False,False,True
train/videos/2017-09-20_19-24-55/2017-09-20_19-24-55.mp4-bee_id_4003-33330-1.png,0,1,False,False,True
train/videos/2017-09-20_19-24-55/2017-09-20_19-24-55.mp4-bee_id_4004-33420-1.png,1,0,True,False,True
train/videos/2017-09-20_19-24-55/2017-09-20_19-24-55.mp4-bee_id_4005-33420-1.png,1,0,True,False,True
train/videos/2017-09-20_19-24-55/2017-09-20_19-24-55.mp4-bee_id_4006-33435-1.png,1,0,True,False,True
train/videos/2017-09-20_19-24-55/2017-09-20_19-24-55.mp4-bee_id_4007-33450-1.png,1,0,True,False,True
train/videos/2017-09-20_19-24-55/2017-09-20_19-24-55.mp4-bee_id_4008-33480-1.png,0,1,False,False,True
train/videos/2017-09-20_19-24-55/2017-09-20_19-24-55.mp4-bee_id_4009-33540-1.png,0,0,False,False,True
train/videos/2017-09-20_19-24-55/2017-09-20_19-24-55.mp4-bee_id_4010-33555-1.png,0,0,False,False,True
train/videos/2017-09-20_19-24-55/2017-09-20_19-24-55.mp4-bee_id_4011-33585-1.png,0,0,False,False,True
train/videos/2017-09-20_19-24-55/2017-09-20_19-24-55.mp4-bee_id_4012-33600-1.png,0,0,False,False,True
train/videos/2017-09-20_19-24-55/2017-09-20_19-24-55.mp4-bee_id_4015-33690-1.png,0,0,False,False,True
train/videos/2017-09-20_19-24-55/2017-09-20_19-24-55.mp4-bee_id_4016-33705-1.png,1,0,True,False,True
train/videos/2017-09-20_19-24-55/2017-09-20_19-24-55.mp4-bee_id_4017-33750-1.png,1,0,True,False,True
train/videos/2017-09-20_19-24-55/2017-09-20_19-24-55.mp4-bee_id_4018-33795-1.png,1,1,True,True,True
train/videos/2017-09-20_19-24-55/2017-09-20_19-24-55.mp4-bee_id_4019-33810-1.png,0,0,False,False,True
train/videos/2017-09-20_19-24-55/2017-09-20_19-24-55.mp4-bee_id_4020-33810-1.png,1,2,True,True,True
train/videos/2017-09-20_19-24-55/2017-09-20_19-24-55.mp4-bee_id_4021-33825-1.png,1,0,True,False,True
train/videos/2017-09-20_19-24-55/2017-09-20_19-24-55.mp4-bee_id_4022-33840-1.png,1,0,True,False,True
train/videos/2017-09-20_19-24-55/2017-09-20_19-24-55.mp4-bee_id_4023-33840-1.png,1,1,True,True,True
train/videos/2017-09-20_19-24-55/2017-09-20_19-24-55.mp4-bee_id_4024-33885-1.png,1,0,True,False,True
train/videos/2017-09-20_19-24-55/2017-09-20_19-24-55.mp4-bee_id_4026-33900-1.png,0,0,False,False,True
train/videos/2017-09-20_19-24-55/2017-09-20_19-24-55.mp4-bee_id_4029-33960-1.png,1,1,True,True,True
train/videos/2017-09-20_19-24-55/2017-09-20_19-24-55.mp4-bee_id_4030-33975-1.png,0,0,False,False,True
train/videos/2017-09-20_19-24-55/2017-09-20_19-24-55.mp4-bee_id_4032-34065-1.png,0,0,False,False,True
train/videos/2017-09-20_19-24-55/2017-09-20_19-24-55.mp4-bee_id_4033-34140-1.png,1,1,True,True,True
train/videos/2017-09-20_19-24-55/2017-09-20_19-24-55.mp4-bee_id_4034-34140-1.png,0,0,False,False,True
train/videos/2017-09-20_19-24-55/2017-09-20_19-24-55.mp4-bee_id_4035-34155-1.png,0,0,False,False,True
train/videos/2017-09-20_19-24-55/2017-09-20_19-24-55.mp4-bee_id_4036-34200-1.png,0,0,False,False,True
train/videos/2017-09-20_19-24-55/2017-09-20_19-24-55.mp4-bee_id_4037-34200-1.png,0,0,False,False,True
train/videos/2017-09-20_19-24-55/2017-09-20_19-24-55.mp4-bee_id_4038-34200-1.png,1,0,True,False,True
train/videos/2017-09-20_19-24-55/2017-09-20_19-24-55.mp4-bee_id_4039-34245-1.png,0,1,False,False,True
train/videos/2017-09-20_19-24-55/2017-09-20_19-24-55.mp4-bee_id_4040-34245-1.png,0,0,False,False,True
train/videos/2017-09-20_19-24-55/2017-09-20_19-24-55.mp4-bee_id_4041-34275-1.png,1,2,True,True,True
train/videos/2017-09-20_19-24-55/2017-09-20_19-24-55.mp4-bee_id_4042-34275-1.png,1,1,True,False,True
train/videos/2017-09-20_19-24-55/2017-09-20_19-24-55.mp4-bee_id_4043-34305-1.png,1,2,True,True,True
train/videos/2017-09-20_19-24-55/2017-09-20_19-24-55.mp4-bee_id_4044-34320-1.png,1,2,True,True,True
train/videos/2017-09-20_19-24-55/2017-09-20_19-24-55.mp4-bee_id_4045-34320-1.png,0,2,False,False,True
train/videos/2017-09-20_19-24-55/2017-09-20_19-24-55.mp4-bee_id_4046-34335-1.png,0,0,False,False,True
train/videos/2017-09-20_19-24-55/2017-09-20_19-24-55.mp4-bee_id_4047-34350-1.png,1,2,True,False,True
train/videos/2017-09-20_19-24-55/2017-09-20_19-24-55.mp4-bee_id_4048-34425-1.png,0,1,False,False,True
train/videos/2017-09-20_19-24-55/2017-09-20_19-24-55.mp4-bee_id_4049-34530-1.png,0,1,False,False,True
train/videos/2017-09-20_19-24-55/2017-09-20_19-24-55.mp4-bee_id_4050-34530-1.png,0,0,False,False,True
train/videos/2017-09-20_19-24-55/2017-09-20_19-24-55.mp4-bee_id_4052-34575-1.png,1,1,True,False,True
train/videos/2017-09-20_19-24-55/2017-09-20_19-24-55.mp4-bee_id_4053-34650-1.png,1,0,True,False,True
train/videos/2017-09-20_19-24-55/2017-09-20_19-24-55.mp4-bee_id_4054-34650-1.png,0,2,False,False,True
train/videos/2017-09-20_19-24-55/2017-09-20_19-24-55.mp4-bee_id_4055-34665-1.png,1,0,True,False,True
train/videos/2017-09-20_19-24-55/2017-09-20_19-24-55.mp4-bee_id_4056-34680-1.png,0,2,False,False,True
train/videos/2017-09-20_19-24-55/2017-09-20_19-24-55.mp4-bee_id_4057-34695-1.png,1,0,True,False,True
train/videos/2017-09-20_19-24-55/2017-09-20_19-24-55.mp4-bee_id_4059-34755-1.png,1,0,True,False,True
train/videos/2017-09-20_19-24-55/2017-09-20_19-24-55.mp4-bee_id_4060-34785-1.png,1,0,True,False,True
train/videos/2017-09-20_19-24-55/2017-09-20_19-24-55.mp4-bee_id_4062-34815-1.png,0,0,False,False,True
train/videos/2017-09-20_19-24-55/2017-09-20_19-24-55.mp4-bee_id_4064-34935-1.png,0,0,False,False,True
train/videos/2017-09-20_19-24-55/2017-09-20_19-24-55.mp4-bee_id_4065-34950-1.png,0,0,False,False,True
train/videos/2017-09-20_19-24-55/2017-09-20_19-24-55.mp4-bee_id_4066-34950-1.png,0,0,False,False,True
train/videos/2017-09-20_19-24-55/2017-09-20_19-24-55.mp4-bee_id_4067-35010-1.png,1,2,True,True,True
train/videos/2017-09-20_19-24-55/2017-09-20_19-24-55.mp4-bee_id_4068-35025-1.png,0,0,False,False,True
train/videos/2017-09-20_19-24-55/2017-09-20_19-24-55.mp4-bee_id_4069-35025-1.png,0,0,False,False,True
train/videos/2017-09-20_19-24-55/2017-09-20_19-24-55.mp4-bee_id_4070-35025-1.png,0,0,False,False,True
train/videos/2017-09-20_19-24-55/2017-09-20_19-24-55.mp4-bee_id_4071-35055-1.png,0,0,False,False,True
train/videos/2017-09-20_19-24-55/2017-09-20_19-24-55.mp4-bee_id_4072-35070-1.png,0,3,False,False,True
train/videos/2017-09-20_19-24-55/2017-09-20_19-24-55.mp4-bee_id_4073-35085-1.png,0,0,False,False,True
train/videos/2017-09-20_19-24-55/2017-09-20_19-24-55.mp4-bee_id_4074-35100-1.png,0,0,False,False,True
train/videos/2017-09-20_19-24-55/2017-09-20_19-24-55.mp4-bee_id_4075-35130-1.png,1,0,True,False,True
train/videos/2017-09-20_19-24-55/2017-09-20_19-24-55.mp4-bee_id_4077-35280-1.png,0,0,False,False,True
train/videos/2017-09-20_19-24-55/2017-09-20_19-24-55.mp4-bee_id_4078-35295-1.png,0,0,False,False,True
train/videos/2017-09-20_19-24-55/2017-09-20_19-24-55.mp4-bee_id_4079-35310-1.png,0,0,False,False,True
train/videos/2017-09-20_19-24-55/2017-09-20_19-24-55.mp4-bee_id_4080-35340-1.png,0,0,False,False,True
train/videos/2017-09-20_19-24-55/2017-09-20_19-24-55.mp4-bee_id_4081-35370-1.png,0,0,False,False,True
train/videos/2017-09-20_19-24-55/2017-09-20_19-24-55.mp4-bee_id_4082-35370-1.png,0,0,False,False,True
train/videos/2017-09-20_19-24-55/2017-09-20_19-24-55.mp4-bee_id_4083-35415-1.png,0,0,False,False,True
train/videos/2017-09-20_19-24-55/2017-09-20_19-24-55.mp4-bee_id_4084-35430-1.png,0,0,False,False,True
train/videos/2017-09-20_19-24-55/2017-09-20_19-24-55.mp4-bee_id_4085-35445-1.png,0,0,False,False,True
train/videos/2017-09-20_19-24-55/2017-09-20_19-24-55.mp4-bee_id_4086-35475-1.png,1,0,True,False,True
train/videos/2017-09-20_19-24-55/2017-09-20_19-24-55.mp4-bee_id_4088-35490-1.png,0,0,False,False,True
train/videos/2017-09-20_19-24-55/2017-09-20_19-24-55.mp4-bee_id_4089-35520-1.png,1,0,True,False,True
train/videos/2017-09-20_19-24-55/2017-09-20_19-24-55.mp4-bee_id_4090-35520-1.png,1,1,True,False,True
train/videos/2017-09-20_19-24-55/2017-09-20_19-24-55.mp4-bee_id_4091-35550-1.png,1,0,True,False,True
train/videos/2017-09-20_19-24-55/2017-09-20_19-24-55.mp4-bee_id_4092-35580-1.png,0,0,False,False,True
train/videos/2017-09-20_19-24-55/2017-09-20_19-24-55.mp4-bee_id_4093-35610-1.png,0,0,False,False,True
train/videos/2017-09-20_19-24-55/2017-09-20_19-24-55.mp4-bee_id_4094-35625-1.png,1,1,True,True,True
train/videos/2017-09-20_19-24-55/2017-09-20_19-24-55.mp4-bee_id_4095-35640-1.png,1,0,True,False,True
train/videos/2017-09-20_19-24-55/2017-09-20_19-24-55.mp4-bee_id_4096-35700-1.png,0,0,False,False,True
train/videos/2017-09-20_19-24-55/2017-09-20_19-24-55.mp4-bee_id_4097-35715-1.png,0,1,False,False,True
train/videos/2017-09-20_19-24-55/2017-09-20_19-24-55.mp4-bee_id_4098-35715-1.png,0,2,False,False,True
train/videos/2017-09-20_19-24-55/2017-09-20_19-24-55.mp4-bee_id_4099-35775-1.png,0,0,False,False,True
train/videos/2017-09-20_19-24-55/2017-09-20_19-24-55.mp4-bee_id_4100-35805-1.png,0,0,False,False,True
train/videos/2017-09-20_19-24-55/2017-09-20_19-24-55.mp4-bee_id_4101-35865-1.png,0,0,False,False,True
train/videos/2017-09-20_19-24-55/2017-09-20_19-24-55.mp4-bee_id_4102-35880-1.png,0,2,False,False,True
train/videos/2017-09-20_19-24-55/2017-09-20_19-24-55.mp4-bee_id_4103-35880-1.png,1,0,True,False,True
train/videos/2017-09-20_19-24-55/2017-09-20_19-24-55.mp4-bee_id_4104-35895-1.png,1,0,True,False,True
train/videos/2017-09-20_19-24-55/2017-09-20_19-24-55.mp4-bee_id_4105-35895-1.png,0,1,False,False,True
train/videos/2017-09-20_19-24-55/2017-09-20_19-24-55.mp4-bee_id_4107-35940-1.png,1,0,True,False,True
train/videos/2017-09-20_19-24-55/2017-09-20_19-24-55.mp4-bee_id_4108-35970-1.png,1,1,True,False,True
train/videos/2017-09-20_19-24-55/2017-09-20_19-24-55.mp4-bee_id_4109-36000-1.png,1,1,True,False,True
train/videos/2017-09-20_19-24-55/2017-09-20_19-24-55.mp4-bee_id_4110-36015-1.png,1,0,True,False,True
train/videos/2017-09-20_19-24-55/2017-09-20_19-24-55.mp4-bee_id_4112-36045-1.png,1,1,True,False,True
train/videos/2017-09-20_19-24-55/2017-09-20_19-24-55.mp4-bee_id_4113-36045-1.png,0,1,False,False,True
train/videos/2017-09-20_19-24-55/2017-09-20_19-24-55.mp4-bee_id_4114-36060-1.png,1,0,True,False,True
train/videos/2017-09-20_19-24-55/2017-09-20_19-24-55.mp4-bee_id_4115-36120-1.png,0,0,False,False,True
train/videos/2017-09-20_19-24-55/2017-09-20_19-24-55.mp4-bee_id_4116-36135-1.png,1,2,True,True,True
train/videos/2017-09-20_19-24-55/2017-09-20_19-24-55.mp4-bee_id_4117-36165-1.png,1,1,True,True,True
train/videos/2017-09-20_19-24-55/2017-09-20_19-24-55.mp4-bee_id_4118-36300-1.png,0,0,False,False,True
train/videos/2017-09-20_19-24-55/2017-09-20_19-24-55.mp4-bee_id_4119-36345-1.png,0,0,False,False,True
train/videos/2017-09-20_19-24-55/2017-09-20_19-24-55.mp4-bee_id_4120-36375-1.png,0,2,False,False,True
train/videos/2017-09-20_19-24-55/2017-09-20_19-24-55.mp4-bee_id_4122-36420-1.png,0,0,False,False,True
train/videos/2017-09-20_19-24-55/2017-09-20_19-24-55.mp4-bee_id_4123-36435-1.png,0,0,False,False,True
train/videos/2017-09-20_19-24-55/2017-09-20_19-24-55.mp4-bee_id_4124-36495-1.png,0,1,False,False,True
train/videos/2017-09-20_19-24-55/2017-09-20_19-24-55.mp4-bee_id_4125-36525-1.png,0,0,False,False,True
train/videos/2017-09-20_19-24-55/2017-09-20_19-24-55.mp4-bee_id_4126-36525-1.png,0,0,False,False,True
train/videos/2017-09-20_19-24-55/2017-09-20_19-24-55.mp4-bee_id_4127-36555-1.png,0,0,False,False,True
train/videos/2017-09-20_19-24-55/2017-09-20_19-24-55.mp4-bee_id_4128-36570-1.png,0,2,False,False,True
train/videos/2017-09-20_19-24-55/2017-09-20_19-24-55.mp4-bee_id_4129-36570-1.png,0,0,False,False,True
train/videos/2017-09-20_19-24-55/2017-09-20_19-24-55.mp4-bee_id_4130-36570-1.png,0,0,False,False,True
train/videos/2017-09-20_19-24-55/2017-09-20_19-24-55.mp4-bee_id_4131-36600-1.png,0,1,False,False,True
train/videos/2017-09-20_19-24-55/2017-09-20_19-24-55.mp4-bee_id_4132-36600-1.png,0,1,False,False,True
train/videos/2017-09-20_19-24-55/2017-09-20_19-24-55.mp4-bee_id_4133-36615-1.png,0,1,False,False,True
train/videos/2017-09-20_19-24-55/2017-09-20_19-24-55.mp4-bee_id_4134-36630-1.png,0,0,False,False,True
train/videos/2017-09-20_19-24-55/2017-09-20_19-24-55.mp4-bee_id_4135-36690-1.png,0,0,False,False,True
train/videos/2017-09-20_19-24-55/2017-09-20_19-24-55.mp4-bee_id_4137-36720-1.png,1,1,True,False,True
train/videos/2017-09-20_19-24-55/2017-09-20_19-24-55.mp4-bee_id_4138-36735-1.png,0,0,False,False,True
train/videos/2017-09-20_19-24-55/2017-09-20_19-24-55.mp4-bee_id_4140-36840-1.png,0,0,False,False,True
train/videos/2017-09-20_19-24-55/2017-09-20_19-24-55.mp4-bee_id_4141-36855-1.png,0,1,False,False,True
train/videos/2017-09-20_19-24-55/2017-09-20_19-24-55.mp4-bee_id_4142-36855-1.png,1,1,True,True,True
train/videos/2017-09-20_19-24-55/2017-09-20_19-24-55.mp4-bee_id_4143-36900-1.png,0,0,False,False,True
train/videos/2017-09-20_19-24-55/2017-09-20_19-24-55.mp4-bee_id_4146-37005-1.png,1,2,True,True,True
train/videos/2017-09-20_19-24-55/2017-09-20_19-24-55.mp4-bee_id_4147-37020-1.png,1,0,True,False,True
train/videos/2017-09-20_19-24-55/2017-09-20_19-24-55.mp4-bee_id_4148-37035-1.png,0,0,False,False,True
train/videos/2017-09-20_19-24-55/2017-09-20_19-24-55.mp4-bee_id_4149-37035-1.png,0,2,False,False,True
train/videos/2017-09-20_19-24-55/2017-09-20_19-24-55.mp4-bee_id_4150-37050-1.png,0,0,False,False,True
train/videos/2017-09-20_19-24-55/2017-09-20_19-24-55.mp4-bee_id_4151-37065-1.png,0,0,False,False,True
train/videos/2017-09-20_19-24-55/2017-09-20_19-24-55.mp4-bee_id_4152-37080-1.png,1,0,True,False,True
train/videos/2017-09-20_19-24-55/2017-09-20_19-24-55.mp4-bee_id_4153-37095-1.png,0,0,False,False,True
train/videos/2017-09-20_19-24-55/2017-09-20_19-24-55.mp4-bee_id_4154-37110-1.png,0,0,False,False,True
train/videos/2017-09-20_19-24-55/2017-09-20_19-24-55.mp4-bee_id_4155-37185-1.png,0,0,False,False,True
train/videos/2017-09-20_19-24-55/2017-09-20_19-24-55.mp4-bee_id_4156-37230-1.png,0,1,False,False,True
train/videos/2017-09-20_19-24-55/2017-09-20_19-24-55.mp4-bee_id_4157-37305-1.png,0,1,False,False,True
train/videos/2017-09-20_19-24-55/2017-09-20_19-24-55.mp4-bee_id_4158-37365-1.png,0,0,False,False,True
train/videos/2017-09-20_19-24-55/2017-09-20_19-24-55.mp4-bee_id_4159-37380-1.png,1,0,True,False,True
train/videos/2017-09-20_19-24-55/2017-09-20_19-24-55.mp4-bee_id_4160-37410-1.png,0,1,False,False,True
train/videos/2017-09-20_19-24-55/2017-09-20_19-24-55.mp4-bee_id_4161-37425-1.png,1,0,True,False,True
train/videos/2017-09-20_19-24-55/2017-09-20_19-24-55.mp4-bee_id_4162-37440-1.png,1,0,True,False,True
train/videos/2017-09-20_19-24-55/2017-09-20_19-24-55.mp4-bee_id_4163-37470-1.png,1,0,True,False,True
train/videos/2017-09-20_19-24-55/2017-09-20_19-24-55.mp4-bee_id_4164-37500-1.png,0,0,False,False,True
train/videos/2017-09-20_19-24-55/2017-09-20_19-24-55.mp4-bee_id_4166-37530-1.png,0,1,False,False,True
train/videos/2017-09-20_19-24-55/2017-09-20_19-24-55.mp4-bee_id_4167-37545-1.png,0,0,False,False,True
train/videos/2017-09-20_19-24-55/2017-09-20_19-24-55.mp4-bee_id_4168-37575-1.png,0,1,False,False,True
train/videos/2017-09-20_19-24-55/2017-09-20_19-24-55.mp4-bee_id_4169-37695-1.png,0,0,False,False,True
train/videos/2017-09-20_19-24-55/2017-09-20_19-24-55.mp4-bee_id_4170-37710-1.png,1,1,True,False,True
train/videos/2017-09-20_19-24-55/2017-09-20_19-24-55.mp4-bee_id_4171-37710-1.png,0,0,False,False,True
train/videos/2017-09-20_19-24-55/2017-09-20_19-24-55.mp4-bee_id_4173-37740-1.png,1,0,True,False,True
train/videos/2017-09-20_19-24-55/2017-09-20_19-24-55.mp4-bee_id_4174-37755-1.png,0,2,False,False,True
train/videos/2017-09-20_19-24-55/2017-09-20_19-24-55.mp4-bee_id_4175-37830-1.png,0,0,False,False,True
train/videos/2017-09-20_19-24-55/2017-09-20_19-24-55.mp4-bee_id_4176-37845-1.png,1,0,True,False,True
train/videos/2017-09-20_19-24-55/2017-09-20_19-24-55.mp4-bee_id_4177-37860-1.png,0,0,False,False,True
train/videos/2017-09-20_19-24-55/2017-09-20_19-24-55.mp4-bee_id_4178-37875-1.png,0,0,False,False,True
train/videos/2017-09-20_19-24-55/2017-09-20_19-24-55.mp4-bee_id_4179-37935-1.png,1,0,True,False,True
train/videos/2017-09-20_19-24-55/2017-09-20_19-24-55.mp4-bee_id_4180-37950-1.png,1,0,True,False,True
train/videos/2017-09-20_19-24-55/2017-09-20_19-24-55.mp4-bee_id_4181-37980-1.png,1,0,True,False,True
train/videos/2017-09-20_19-24-55/2017-09-20_19-24-55.mp4-bee_id_4182-37995-1.png,1,1,True,False,True
train/videos/2017-09-20_19-24-55/2017-09-20_19-24-55.mp4-bee_id_4184-38040-1.png,0,0,False,False,True
train/videos/2017-09-20_19-24-55/2017-09-20_19-24-55.mp4-bee_id_4185-38055-1.png,0,0,False,False,True
train/videos/2017-09-20_19-24-55/2017-09-20_19-24-55.mp4-bee_id_4186-38055-1.png,0,0,False,False,True
train/videos/2017-09-20_19-24-55/2017-09-20_19-24-55.mp4-bee_id_4187-38130-1.png,0,1,False,False,True
train/videos/2017-09-20_19-24-55/2017-09-20_19-24-55.mp4-bee_id_4188-38130-1.png,0,1,False,False,True
train/videos/2017-09-20_19-24-55/2017-09-20_19-24-55.mp4-bee_id_4189-38130-1.png,1,0,True,False,True
train/videos/2017-09-20_19-24-55/2017-09-20_19-24-55.mp4-bee_id_4190-38190-1.png,1,0,True,False,True
train/videos/2017-09-20_19-24-55/2017-09-20_19-24-55.mp4-bee_id_4191-38250-1.png,0,0,False,False,True
train/videos/2017-09-20_19-24-55/2017-09-20_19-24-55.mp4-bee_id_4192-38280-1.png,0,1,False,False,True
train/videos/2017-09-20_19-24-55/2017-09-20_19-24-55.mp4-bee_id_4193-38280-1.png,0,0,False,False,True
train/videos/2017-09-20_19-24-55/2017-09-20_19-24-55.mp4-bee_id_4194-38310-1.png,0,0,False,False,True
train/videos/2017-09-20_19-24-55/2017-09-20_19-24-55.mp4-bee_id_4195-38310-1.png,1,0,True,False,True
train/videos/2017-09-20_19-24-55/2017-09-20_19-24-55.mp4-bee_id_4196-38340-1.png,1,0,True,False,True
train/videos/2017-09-20_19-24-55/2017-09-20_19-24-55.mp4-bee_id_4197-38355-1.png,0,0,False,False,True
train/videos/2017-09-20_19-24-55/2017-09-20_19-24-55.mp4-bee_id_4199-38385-1.png,0,0,False,False,True
train/videos/2017-09-20_19-24-55/2017-09-20_19-24-55.mp4-bee_id_4200-38415-1.png,0,0,False,False,True
train/videos/2017-09-20_19-24-55/2017-09-20_19-24-55.mp4-bee_id_4201-38430-1.png,1,0,True,False,True
train/videos/2017-09-20_19-24-55/2017-09-20_19-24-55.mp4-bee_id_4202-38460-1.png,0,0,False,False,True
train/videos/2017-09-20_19-24-55/2017-09-20_19-24-55.mp4-bee_id_4203-38475-1.png,0,1,False,False,True
train/videos/2017-09-20_19-24-55/2017-09-20_19-24-55.mp4-bee_id_4204-38535-1.png,1,2,True,True,True
train/videos/2017-09-20_19-24-55/2017-09-20_19-24-55.mp4-bee_id_4205-38580-1.png,0,0,False,False,True
train/videos/2017-09-20_19-24-55/2017-09-20_19-24-55.mp4-bee_id_4206-38610-1.png,0,0,False,False,True
train/videos/2017-09-20_19-24-55/2017-09-20_19-24-55.mp4-bee_id_4207-38640-1.png,0,0,False,False,True
train/videos/2017-09-20_19-24-55/2017-09-20_19-24-55.mp4-bee_id_4208-38685-1.png,0,0,False,False,True
train/videos/2017-09-20_19-24-55/2017-09-20_19-24-55.mp4-bee_id_4209-38685-1.png,0,0,False,False,True
train/videos/2017-09-20_19-24-55/2017-09-20_19-24-55.mp4-bee_id_4210-38715-1.png,1,1,True,False,True
train/videos/2017-09-20_19-24-55/2017-09-20_19-24-55.mp4-bee_id_4211-38715-1.png,0,0,False,False,True
train/videos/2017-09-20_19-24-55/2017-09-20_19-24-55.mp4-bee_id_4212-38745-1.png,0,0,False,False,True
train/videos/2017-09-20_19-24-55/2017-09-20_19-24-55.mp4-bee_id_4213-38790-1.png,0,1,False,False,True
train/videos/2017-09-20_19-24-55/2017-09-20_19-24-55.mp4-bee_id_4214-38895-1.png,0,0,False,False,True
train/videos/2017-09-20_19-24-55/2017-09-20_19-24-55.mp4-bee_id_4216-38925-1.png,0,0,False,False,True
train/videos/2017-09-20_19-24-55/2017-09-20_19-24-55.mp4-bee_id_4217-38925-1.png,0,1,False,False,True
train/videos/2017-09-20_19-24-55/2017-09-20_19-24-55.mp4-bee_id_4218-38955-1.png,0,0,False,False,True
train/videos/2017-09-20_19-24-55/2017-09-20_19-24-55.mp4-bee_id_4219-38955-1.png,0,0,False,False,True
train/videos/2017-09-20_19-24-55/2017-09-20_19-24-55.mp4-bee_id_4220-38955-1.png,0,1,False,False,True
train/videos/2017-09-20_19-24-55/2017-09-20_19-24-55.mp4-bee_id_4222-38985-1.png,1,0,True,False,True
train/videos/2017-09-20_19-24-55/2017-09-20_19-24-55.mp4-bee_id_4223-39045-1.png,1,0,True,False,True
train/videos/2017-09-20_19-24-55/2017-09-20_19-24-55.mp4-bee_id_4224-39120-1.png,0,0,False,False,True
train/videos/2017-09-20_19-24-55/2017-09-20_19-24-55.mp4-bee_id_4225-39135-1.png,0,0,False,False,True
train/videos/2017-09-20_19-24-55/2017-09-20_19-24-55.mp4-bee_id_4226-39165-1.png,0,0,False,False,True
train/videos/2017-09-20_19-24-55/2017-09-20_19-24-55.mp4-bee_id_4227-39180-1.png,0,1,False,False,True
train/videos/2017-09-20_19-24-55/2017-09-20_19-24-55.mp4-bee_id_4228-39180-1.png,0,0,False,False,True
train/videos/2017-09-20_19-24-55/2017-09-20_19-24-55.mp4-bee_id_4229-39195-1.png,0,0,False,False,True
train/videos/2017-09-20_19-24-55/2017-09-20_19-24-55.mp4-bee_id_4230-39195-1.png,0,0,False,False,True
train/videos/2017-09-20_19-24-55/2017-09-20_19-24-55.mp4-bee_id_4231-39210-1.png,0,1,False,False,True
train/videos/2017-09-20_19-24-55/2017-09-20_19-24-55.mp4-bee_id_4232-39210-1.png,0,0,False,False,True
train/videos/2017-09-20_19-24-55/2017-09-20_19-24-55.mp4-bee_id_4233-39225-1.png,0,0,False,False,True
train/videos/2017-09-20_19-24-55/2017-09-20_19-24-55.mp4-bee_id_4234-39225-1.png,0,0,False,False,True
train/videos/2017-09-20_19-24-55/2017-09-20_19-24-55.mp4-bee_id_4235-39240-1.png,0,0,False,False,True
train/videos/2017-09-20_19-24-55/2017-09-20_19-24-55.mp4-bee_id_4236-39345-1.png,1,1,True,True,True
train/videos/2017-09-20_19-24-55/2017-09-20_19-24-55.mp4-bee_id_4237-39360-1.png,0,1,False,False,True
train/videos/2017-09-20_19-24-55/2017-09-20_19-24-55.mp4-bee_id_4238-39375-1.png,0,1,False,False,True
train/videos/2017-09-20_19-24-55/2017-09-20_19-24-55.mp4-bee_id_4239-39405-1.png,0,0,False,False,True
train/videos/2017-09-20_19-24-55/2017-09-20_19-24-55.mp4-bee_id_4240-39435-1.png,0,0,False,False,True
train/videos/2017-09-20_19-24-55/2017-09-20_19-24-55.mp4-bee_id_4242-39465-1.png,1,0,True,False,True
train/videos/2017-09-20_19-24-55/2017-09-20_19-24-55.mp4-bee_id_4243-39495-1.png,1,2,True,True,True
train/videos/2017-09-20_19-24-55/2017-09-20_19-24-55.mp4-bee_id_4244-39525-1.png,0,0,False,False,True
train/videos/2017-09-20_19-24-55/2017-09-20_19-24-55.mp4-bee_id_4245-39585-1.png,1,0,True,False,True
train/videos/2017-09-20_19-24-55/2017-09-20_19-24-55.mp4-bee_id_4246-39600-1.png,1,2,True,False,True
train/videos/2017-09-20_19-24-55/2017-09-20_19-24-55.mp4-bee_id_4247-39720-1.png,0,1,False,False,True
train/videos/2017-09-20_19-24-55/2017-09-20_19-24-55.mp4-bee_id_4248-39720-1.png,1,1,True,False,True
train/videos/2017-09-20_19-24-55/2017-09-20_19-24-55.mp4-bee_id_4249-39735-1.png,1,1,True,True,True
train/videos/2017-09-20_19-24-55/2017-09-20_19-24-55.mp4-bee_id_4250-39780-1.png,1,1,True,False,True
train/videos/2017-09-20_19-24-55/2017-09-20_19-24-55.mp4-bee_id_4251-39810-1.png,1,2,True,False,True
train/videos/2017-09-20_19-24-55/2017-09-20_19-24-55.mp4-bee_id_4252-39810-1.png,0,0,False,False,True
train/videos/2017-09-20_19-24-55/2017-09-20_19-24-55.mp4-bee_id_4253-39810-1.png,1,1,True,True,True
train/videos/2017-09-20_19-24-55/2017-09-20_19-24-55.mp4-bee_id_4254-39855-1.png,0,0,False,False,True
train/videos/2017-09-20_19-24-55/2017-09-20_19-24-55.mp4-bee_id_4255-39870-1.png,1,1,True,False,True
train/videos/2017-09-20_19-24-55/2017-09-20_19-24-55.mp4-bee_id_4256-39870-1.png,1,0,True,False,True
train/videos/2017-09-20_19-24-55/2017-09-20_19-24-55.mp4-bee_id_4257-39900-1.png,0,0,False,False,True
train/videos/2017-09-20_19-24-55/2017-09-20_19-24-55.mp4-bee_id_4258-39900-1.png,0,1,False,False,True
train/videos/2017-09-20_19-24-55/2017-09-20_19-24-55.mp4-bee_id_4259-39900-1.png,0,1,False,False,True
train/videos/2017-09-20_19-24-55/2017-09-20_19-24-55.mp4-bee_id_4260-39960-1.png,0,2,False,False,True
train/videos/2017-09-20_19-24-55/2017-09-20_19-24-55.mp4-bee_id_4261-40065-1.png,1,2,True,True,True
train/videos/2017-09-20_19-24-55/2017-09-20_19-24-55.mp4-bee_id_4262-40110-1.png,1,0,True,False,True
train/videos/2017-09-20_19-24-55/2017-09-20_19-24-55.mp4-bee_id_4263-40140-1.png,0,0,False,False,True
train/videos/2017-09-20_19-24-55/2017-09-20_19-24-55.mp4-bee_id_4264-40140-1.png,1,1,True,True,True
train/videos/2017-09-20_19-24-55/2017-09-20_19-24-55.mp4-bee_id_4265-40140-1.png,1,1,True,True,True
train/videos/2017-09-20_19-24-55/2017-09-20_19-24-55.mp4-bee_id_4266-40155-1.png,1,1,True,True,True
train/videos/2017-09-20_19-24-55/2017-09-20_19-24-55.mp4-bee_id_4267-40200-1.png,0,0,False,False,True
train/videos/2017-09-20_19-24-55/2017-09-20_19-24-55.mp4-bee_id_4268-40215-1.png,0,0,False,False,True
train/videos/2017-09-20_19-24-55/2017-09-20_19-24-55.mp4-bee_id_4269-40245-1.png,1,0,True,False,True
train/videos/2017-09-20_19-24-55/2017-09-20_19-24-55.mp4-bee_id_4270-40245-1.png,0,2,False,False,True
train/videos/2017-09-20_19-24-55/2017-09-20_19-24-55.mp4-bee_id_4271-40290-1.png,0,0,False,False,True
train/videos/2017-09-20_19-24-55/2017-09-20_19-24-55.mp4-bee_id_4272-40305-1.png,0,0,False,False,True
train/videos/2017-09-20_19-24-55/2017-09-20_19-24-55.mp4-bee_id_4273-40425-1.png,0,1,False,False,True
train/videos/2017-09-20_19-24-55/2017-09-20_19-24-55.mp4-bee_id_4274-40455-1.png,1,1,True,True,True
train/videos/2017-09-20_19-24-55/2017-09-20_19-24-55.mp4-bee_id_4275-40530-1.png,1,1,True,True,True
train/videos/2017-09-20_19-24-55/2017-09-20_19-24-55.mp4-bee_id_4276-40545-1.png,0,0,False,False,True
train/videos/2017-09-20_19-24-55/2017-09-20_19-24-55.mp4-bee_id_4277-40545-1.png,1,0,True,False,True
train/videos/2017-09-20_19-24-55/2017-09-20_19-24-55.mp4-bee_id_4278-40560-1.png,0,0,False,False,True
train/videos/2017-09-20_19-24-55/2017-09-20_19-24-55.mp4-bee_id_4280-40635-1.png,0,0,False,False,True
train/videos/2017-09-20_19-24-55/2017-09-20_19-24-55.mp4-bee_id_4281-40635-1.png,0,0,False,False,True
train/videos/2017-09-20_19-24-55/2017-09-20_19-24-55.mp4-bee_id_4282-40695-1.png,0,0,False,False,True
train/videos/2017-09-20_19-24-55/2017-09-20_19-24-55.mp4-bee_id_4283-40710-1.png,0,1,False,False,True
train/videos/2017-09-20_19-24-55/2017-09-20_19-24-55.mp4-bee_id_4284-40740-1.png,0,1,False,False,True
train/videos/2017-09-20_19-24-55/2017-09-20_19-24-55.mp4-bee_id_4285-40785-1.png,1,1,True,True,True
train/videos/2017-09-20_19-24-55/2017-09-20_19-24-55.mp4-bee_id_4286-40800-1.png,1,0,True,False,True
train/videos/2017-09-20_19-24-55/2017-09-20_19-24-55.mp4-bee_id_4288-40845-1.png,0,1,False,False,True
train/videos/2017-09-20_19-24-55/2017-09-20_19-24-55.mp4-bee_id_4289-40860-1.png,1,0,True,False,True
train/videos/2017-09-20_19-24-55/2017-09-20_19-24-55.mp4-bee_id_4290-40935-1.png,0,1,False,False,True
train/videos/2017-09-20_19-24-55/2017-09-20_19-24-55.mp4-bee_id_4291-40980-1.png,0,0,False,False,True
train/videos/2017-09-20_19-24-55/2017-09-20_19-24-55.mp4-bee_id_4292-40980-1.png,0,0,False,False,True
train/videos/2017-09-20_19-24-55/2017-09-20_19-24-55.mp4-bee_id_4293-40995-1.png,0,0,False,False,True
train/videos/2017-09-20_19-24-55/2017-09-20_19-24-55.mp4-bee_id_4294-41025-1.png,1,2,True,False,True
train/videos/2017-09-20_19-24-55/2017-09-20_19-24-55.mp4-bee_id_4296-41070-1.png,0,0,False,False,True
train/videos/2017-09-20_19-24-55/2017-09-20_19-24-55.mp4-bee_id_4297-41160-1.png,0,0,False,False,True
train/videos/2017-09-20_19-24-55/2017-09-20_19-24-55.mp4-bee_id_4298-41175-1.png,0,0,False,False,True
train/videos/2017-09-20_19-24-55/2017-09-20_19-24-55.mp4-bee_id_4299-41205-1.png,0,0,False,False,True
train/videos/2017-09-20_19-24-55/2017-09-20_19-24-55.mp4-bee_id_4300-41205-1.png,0,1,False,False,True
train/videos/2017-09-20_19-24-55/2017-09-20_19-24-55.mp4-bee_id_4302-41340-1.png,0,0,False,False,True
train/videos/2017-09-20_19-24-55/2017-09-20_19-24-55.mp4-bee_id_4303-41370-1.png,1,0,True,False,True
train/videos/2017-09-20_19-24-55/2017-09-20_19-24-55.mp4-bee_id_4304-41385-1.png,1,0,True,False,True
train/videos/2017-09-20_19-24-55/2017-09-20_19-24-55.mp4-bee_id_4305-41385-1.png,0,0,False,False,True
train/videos/2017-09-20_19-24-55/2017-09-20_19-24-55.mp4-bee_id_4306-41400-1.png,0,0,False,False,True
train/videos/2017-09-20_19-24-55/2017-09-20_19-24-55.mp4-bee_id_4307-41400-1.png,0,0,False,False,True
train/videos/2017-09-20_19-24-55/2017-09-20_19-24-55.mp4-bee_id_4308-41430-1.png,0,0,False,False,True
train/videos/2017-09-20_19-24-55/2017-09-20_19-24-55.mp4-bee_id_4309-41490-1.png,0,0,False,False,True
train/videos/2017-09-20_19-24-55/2017-09-20_19-24-55.mp4-bee_id_4310-41505-1.png,0,1,False,False,True
train/videos/2017-09-20_19-24-55/2017-09-20_19-24-55.mp4-bee_id_4311-41520-1.png,0,0,False,False,True
train/videos/2017-09-20_19-24-55/2017-09-20_19-24-55.mp4-bee_id_4312-41550-1.png,0,1,False,False,True
train/videos/2017-09-20_19-24-55/2017-09-20_19-24-55.mp4-bee_id_4313-41565-1.png,0,2,False,False,True
train/videos/2017-09-20_19-24-55/2017-09-20_19-24-55.mp4-bee_id_4314-41595-1.png,1,0,True,False,True
train/videos/2017-09-20_19-24-55/2017-09-20_19-24-55.mp4-bee_id_4315-41610-1.png,0,0,False,False,True
train/videos/2017-09-20_19-24-55/2017-09-20_19-24-55.mp4-bee_id_4316-41625-1.png,0,0,False,False,True
train/videos/2017-09-20_19-24-55/2017-09-20_19-24-55.mp4-bee_id_4317-41655-1.png,1,0,True,False,True
train/videos/2017-09-20_19-24-55/2017-09-20_19-24-55.mp4-bee_id_4318-41685-1.png,1,1,True,True,True
train/videos/2017-09-20_19-24-55/2017-09-20_19-24-55.mp4-bee_id_4319-41730-1.png,0,0,False,False,True
train/videos/2017-09-20_19-24-55/2017-09-20_19-24-55.mp4-bee_id_4320-41760-1.png,0,0,False,False,True
train/videos/2017-09-20_19-24-55/2017-09-20_19-24-55.mp4-bee_id_4321-41895-1.png,0,1,False,False,True
train/videos/2017-09-20_19-24-55/2017-09-20_19-24-55.mp4-bee_id_4322-41925-1.png,0,2,False,False,True
train/videos/2017-09-20_19-24-55/2017-09-20_19-24-55.mp4-bee_id_4323-41970-1.png,0,1,False,False,True
train/videos/2017-09-20_19-24-55/2017-09-20_19-24-55.mp4-bee_id_4324-42030-1.png,0,1,False,False,True
train/videos/2017-09-20_19-24-55/2017-09-20_19-24-55.mp4-bee_id_4325-42075-1.png,1,0,True,False,True
train/videos/2017-09-20_19-24-55/2017-09-20_19-24-55.mp4-bee_id_4326-42090-1.png,1,1,True,True,True
train/videos/2017-09-20_19-24-55/2017-09-20_19-24-55.mp4-bee_id_4327-42180-1.png,1,0,True,False,True
train/videos/2017-09-20_19-24-55/2017-09-20_19-24-55.mp4-bee_id_4328-42195-1.png,0,1,False,False,True
train/videos/2017-09-20_19-24-55/2017-09-20_19-24-55.mp4-bee_id_4329-42210-1.png,0,0,False,False,True
train/videos/2017-09-20_19-24-55/2017-09-20_19-24-55.mp4-bee_id_4330-42210-1.png,0,1,False,False,True
train/videos/2017-09-20_19-24-55/2017-09-20_19-24-55.mp4-bee_id_4331-42225-1.png,0,1,False,False,True
train/videos/2017-09-20_19-24-55/2017-09-20_19-24-55.mp4-bee_id_4332-42255-1.png,1,1,True,True,True
train/videos/2017-09-20_19-24-55/2017-09-20_19-24-55.mp4-bee_id_4333-42255-1.png,0,1,False,False,True
train/videos/2017-09-20_19-24-55/2017-09-20_19-24-55.mp4-bee_id_4334-42360-1.png,0,1,False,False,True
train/videos/2017-09-20_19-24-55/2017-09-20_19-24-55.mp4-bee_id_4335-42375-1.png,0,1,False,False,True
train/videos/2017-09-20_19-24-55/2017-09-20_19-24-55.mp4-bee_id_4336-42375-1.png,1,0,True,False,True
train/videos/2017-09-20_19-24-55/2017-09-20_19-24-55.mp4-bee_id_4337-42480-1.png,0,0,False,False,True
train/videos/2017-09-20_19-24-55/2017-09-20_19-24-55.mp4-bee_id_4338-42480-1.png,0,1,False,False,True
train/videos/2017-09-20_19-24-55/2017-09-20_19-24-55.mp4-bee_id_4339-42540-1.png,0,0,False,False,True
train/videos/2017-09-20_19-24-55/2017-09-20_19-24-55.mp4-bee_id_4340-42585-1.png,0,0,False,False,True
train/videos/2017-09-20_19-24-55/2017-09-20_19-24-55.mp4-bee_id_4341-42585-1.png,0,0,False,False,True
train/videos/2017-09-20_19-24-55/2017-09-20_19-24-55.mp4-bee_id_4342-42600-1.png,0,1,False,False,True
train/videos/2017-09-20_19-24-55/2017-09-20_19-24-55.mp4-bee_id_4343-42615-1.png,0,1,False,False,True
train/videos/2017-09-20_19-24-55/2017-09-20_19-24-55.mp4-bee_id_4344-42660-1.png,0,1,False,False,True
train/videos/2017-09-20_19-24-55/2017-09-20_19-24-55.mp4-bee_id_4345-42660-1.png,0,2,False,False,True
train/videos/2017-09-20_19-24-55/2017-09-20_19-24-55.mp4-bee_id_4346-42675-1.png,0,0,False,False,True
train/videos/2017-09-20_19-24-55/2017-09-20_19-24-55.mp4-bee_id_4347-42675-1.png,0,1,False,False,True
train/videos/2017-09-20_19-24-55/2017-09-20_19-24-55.mp4-bee_id_4348-42705-1.png,0,0,False,False,True
train/videos/2017-09-20_19-24-55/2017-09-20_19-24-55.mp4-bee_id_4349-42705-1.png,0,0,False,False,True
train/videos/2017-09-20_19-24-55/2017-09-20_19-24-55.mp4-bee_id_4350-42720-1.png,0,0,False,False,True
train/videos/2017-09-20_19-24-55/2017-09-20_19-24-55.mp4-bee_id_4351-42765-1.png,0,0,False,False,True
train/videos/2017-09-20_19-24-55/2017-09-20_19-24-55.mp4-bee_id_4352-42810-1.png,0,0,False,False,True
train/videos/2017-09-20_19-24-55/2017-09-20_19-24-55.mp4-bee_id_4354-42840-1.png,1,0,True,False,True
train/videos/2017-09-20_19-24-55/2017-09-20_19-24-55.mp4-bee_id_4355-42840-1.png,1,1,True,True,True
train/videos/2017-09-20_19-24-55/2017-09-20_19-24-55.mp4-bee_id_4356-42855-1.png,0,0,False,False,True
train/videos/2017-09-20_19-24-55/2017-09-20_19-24-55.mp4-bee_id_4357-42870-1.png,0,0,False,False,True
train/videos/2017-09-20_19-24-55/2017-09-20_19-24-55.mp4-bee_id_4358-42900-1.png,0,3,False,False,True
train/videos/2017-09-20_19-24-55/2017-09-20_19-24-55.mp4-bee_id_4360-43005-1.png,1,0,True,False,True
train/videos/2017-09-20_19-24-55/2017-09-20_19-24-55.mp4-bee_id_4361-43035-1.png,0,1,False,False,True
train/videos/2017-09-20_19-24-55/2017-09-20_19-24-55.mp4-bee_id_4362-43140-1.png,0,0,False,False,True
train/videos/2017-09-20_19-24-55/2017-09-20_19-24-55.mp4-bee_id_4363-43170-1.png,0,1,False,False,True
train/videos/2017-09-20_19-24-55/2017-09-20_19-24-55.mp4-bee_id_4364-43170-1.png,0,0,False,False,True
train/videos/2017-09-20_19-24-55/2017-09-20_19-24-55.mp4-bee_id_4365-43215-1.png,0,1,False,False,True
train/videos/2017-09-20_19-24-55/2017-09-20_19-24-55.mp4-bee_id_4366-43260-1.png,0,0,False,False,True
train/videos/2017-09-20_19-24-55/2017-09-20_19-24-55.mp4-bee_id_4367-43350-1.png,0,1,False,False,True
train/videos/2017-09-20_19-24-55/2017-09-20_19-24-55.mp4-bee_id_4368-43380-1.png,0,0,False,False,True
train/videos/2017-09-20_19-24-55/2017-09-20_19-24-55.mp4-bee_id_4369-43395-1.png,0,0,False,False,True
train/videos/2017-09-20_19-24-55/2017-09-20_19-24-55.mp4-bee_id_4370-43395-1.png,0,1,False,False,True
train/videos/2017-09-20_19-24-55/2017-09-20_19-24-55.mp4-bee_id_4371-43440-1.png,0,1,False,False,True
train/videos/2017-09-20_19-24-55/2017-09-20_19-24-55.mp4-bee_id_4372-43500-1.png,0,0,False,False,True
train/videos/2017-09-20_19-24-55/2017-09-20_19-24-55.mp4-bee_id_4373-43530-1.png,0,1,False,False,True
train/videos/2017-09-20_19-24-55/2017-09-20_19-24-55.mp4-bee_id_4374-43530-1.png,0,0,False,False,True
train/videos/2017-09-20_19-24-55/2017-09-20_19-24-55.mp4-bee_id_4375-43545-1.png,1,1,True,False,True
train/videos/2017-09-20_19-24-55/2017-09-20_19-24-55.mp4-bee_id_4376-43545-1.png,0,1,False,False,True
train/videos/2017-09-20_19-24-55/2017-09-20_19-24-55.mp4-bee_id_4378-43620-1.png,1,1,True,False,True
train/videos/2017-09-20_19-24-55/2017-09-20_19-24-55.mp4-bee_id_4380-43650-1.png,0,0,False,False,True
train/videos/2017-09-20_19-24-55/2017-09-20_19-24-55.mp4-bee_id_4381-43650-1.png,0,0,False,False,True
train/videos/2017-09-20_19-24-55/2017-09-20_19-24-55.mp4-bee_id_4382-43725-1.png,0,0,False,False,True
train/videos/2017-09-20_19-24-55/2017-09-20_19-24-55.mp4-bee_id_4383-43755-1.png,0,0,False,False,True
train/videos/2017-09-20_19-24-55/2017-09-20_19-24-55.mp4-bee_id_4385-43830-1.png,1,0,True,False,True
train/videos/2017-09-20_19-24-55/2017-09-20_19-24-55.mp4-bee_id_4386-43845-1.png,1,1,True,False,True
train/videos/2017-09-20_19-24-55/2017-09-20_19-24-55.mp4-bee_id_4388-43980-1.png,0,0,False,False,True
train/videos/2017-09-20_19-24-55/2017-09-20_19-24-55.mp4-bee_id_4389-43995-1.png,0,0,False,False,True
train/videos/2017-09-20_19-24-55/2017-09-20_19-24-55.mp4-bee_id_4390-44100-1.png,1,1,True,True,True
train/videos/2017-09-20_19-24-55/2017-09-20_19-24-55.mp4-bee_id_4392-44145-1.png,0,1,False,False,True
train/videos/2017-09-20_19-24-55/2017-09-20_19-24-55.mp4-bee_id_4393-44175-1.png,1,1,True,False,True
train/videos/2017-09-20_19-24-55/2017-09-20_19-24-55.mp4-bee_id_4394-44190-1.png,0,2,False,False,True
train/videos/2017-09-20_19-24-55/2017-09-20_19-24-55.mp4-bee_id_4395-44250-1.png,0,0,False,False,True
train/videos/2017-09-20_19-24-55/2017-09-20_19-24-55.mp4-bee_id_4396-44265-1.png,0,0,False,False,True
train/videos/2017-09-20_19-24-55/2017-09-20_19-24-55.mp4-bee_id_4397-44295-1.png,0,0,False,False,True
train/videos/2017-09-20_19-24-55/2017-09-20_19-24-55.mp4-bee_id_4398-44325-1.png,0,1,False,False,True
train/videos/2017-09-20_19-24-55/2017-09-20_19-24-55.mp4-bee_id_4399-44340-1.png,0,1,False,False,True
train/videos/2017-09-20_19-24-55/2017-09-20_19-24-55.mp4-bee_id_4400-44385-1.png,0,0,False,False,True
train/videos/2017-09-20_19-24-55/2017-09-20_19-24-55.mp4-bee_id_4401-44385-1.png,1,0,True,False,True
train/videos/2017-09-20_19-24-55/2017-09-20_19-24-55.mp4-bee_id_4402-44400-1.png,1,1,True,False,True
train/videos/2017-09-20_19-24-55/2017-09-20_19-24-55.mp4-bee_id_4403-44415-1.png,0,0,False,False,True
train/videos/2017-09-20_19-24-55/2017-09-20_19-24-55.mp4-bee_id_4404-44460-1.png,1,0,True,False,True
train/videos/2017-09-20_19-24-55/2017-09-20_19-24-55.mp4-bee_id_4405-44475-1.png,0,2,False,False,True
train/videos/2017-09-20_19-24-55/2017-09-20_19-24-55.mp4-bee_id_4406-44490-1.png,0,1,False,False,True
train/videos/2017-09-20_19-24-55/2017-09-20_19-24-55.mp4-bee_id_4407-44505-1.png,0,1,False,False,True
train/videos/2017-09-20_19-24-55/2017-09-20_19-24-55.mp4-bee_id_4408-44640-1.png,0,0,False,False,True
train/videos/2017-09-20_19-24-55/2017-09-20_19-24-55.mp4-bee_id_4409-44670-1.png,0,1,False,False,True
train/videos/2017-09-20_19-24-55/2017-09-20_19-24-55.mp4-bee_id_4410-44685-1.png,1,0,True,False,True
train/videos/2017-09-20_19-24-55/2017-09-20_19-24-55.mp4-bee_id_4411-44700-1.png,0,1,False,False,True
train/videos/2017-09-20_19-24-55/2017-09-20_19-24-55.mp4-bee_id_4412-44745-1.png,0,0,False,False,True
train/videos/2017-09-20_19-24-55/2017-09-20_19-24-55.mp4-bee_id_4413-44760-1.png,0,1,False,False,True
train/videos/2017-09-20_19-24-55/2017-09-20_19-24-55.mp4-bee_id_4414-44775-1.png,0,0,False,False,True
train/videos/2017-09-20_19-24-55/2017-09-20_19-24-55.mp4-bee_id_4415-44775-1.png,1,0,True,False,True
train/videos/2017-09-20_19-24-55/2017-09-20_19-24-55.mp4-bee_id_4416-44850-1.png,0,0,False,False,True
train/videos/2017-09-20_19-24-55/2017-09-20_19-24-55.mp4-bee_id_4418-44895-1.png,1,0,True,False,True
train/videos/2017-09-20_19-24-55/2017-09-20_19-24-55.mp4-bee_id_4421-44925-1.png,1,1,True,False,True
train/videos/2017-09-20_19-24-55/2017-09-20_19-24-55.mp4-bee_id_4422-44970-1.png,1,0,True,False,True
train/videos/2017-09-20_19-24-55/2017-09-20_19-24-55.mp4-bee_id_4423-44970-1.png,0,1,False,False,True
train/videos/2017-09-20_19-24-55/2017-09-20_19-24-55.mp4-bee_id_4424-44985-1.png,0,0,False,False,True
train/videos/2017-09-20_19-24-55/2017-09-20_19-24-55.mp4-bee_id_4425-44985-1.png,1,1,True,True,True
train/videos/2017-09-20_19-24-55/2017-09-20_19-24-55.mp4-bee_id_4426-45060-1.png,0,0,False,False,True
train/videos/2017-09-20_19-24-55/2017-09-20_19-24-55.mp4-bee_id_4427-45060-1.png,1,0,True,False,True
train/videos/2017-09-20_19-24-55/2017-09-20_19-24-55.mp4-bee_id_4428-45105-1.png,1,1,True,True,True
train/videos/2017-09-20_19-24-55/2017-09-20_19-24-55.mp4-bee_id_4429-45210-1.png,1,0,True,False,True
train/videos/2017-09-20_19-24-55/2017-09-20_19-24-55.mp4-bee_id_4431-45330-1.png,0,0,False,False,True
train/videos/2017-09-20_19-24-55/2017-09-20_19-24-55.mp4-bee_id_4432-45420-1.png,0,0,False,False,True
train/videos/2017-09-20_19-24-55/2017-09-20_19-24-55.mp4-bee_id_4433-45420-1.png,0,0,False,False,True
train/videos/2017-09-20_19-24-55/2017-09-20_19-24-55.mp4-bee_id_4434-45420-1.png,0,0,False,False,True
train/videos/2017-09-20_19-24-55/2017-09-20_19-24-55.mp4-bee_id_4435-45450-1.png,0,0,False,False,True
train/videos/2017-09-20_19-24-55/2017-09-20_19-24-55.mp4-bee_id_4436-45465-1.png,0,0,False,False,True
train/videos/2017-09-20_19-24-55/2017-09-20_19-24-55.mp4-bee_id_4437-45495-1.png,0,0,False,False,True
train/videos/2017-09-20_19-24-55/2017-09-20_19-24-55.mp4-bee_id_4438-45495-1.png,0,0,False,False,True
train/videos/2017-09-20_19-24-55/2017-09-20_19-24-55.mp4-bee_id_4439-45495-1.png,0,1,False,False,True
train/videos/2017-09-20_19-24-55/2017-09-20_19-24-55.mp4-bee_id_4440-45570-1.png,0,1,False,False,True
train/videos/2017-09-20_19-24-55/2017-09-20_19-24-55.mp4-bee_id_4441-45675-1.png,0,1,False,False,True
train/videos/2017-09-20_19-24-55/2017-09-20_19-24-55.mp4-bee_id_4442-45675-1.png,0,2,False,False,True
train/videos/2017-09-20_19-24-55/2017-09-20_19-24-55.mp4-bee_id_4443-45750-1.png,0,2,False,False,True
train/videos/2017-09-20_19-24-55/2017-09-20_19-24-55.mp4-bee_id_4444-45810-1.png,1,0,True,False,True
train/videos/2017-09-20_19-24-55/2017-09-20_19-24-55.mp4-bee_id_4445-45810-1.png,0,0,False,False,True
train/videos/2017-09-20_19-24-55/2017-09-20_19-24-55.mp4-bee_id_4446-45825-1.png,0,0,False,False,True
train/videos/2017-09-20_19-24-55/2017-09-20_19-24-55.mp4-bee_id_4447-45825-1.png,1,1,True,False,True
train/videos/2017-09-20_19-24-55/2017-09-20_19-24-55.mp4-bee_id_4448-45840-1.png,0,1,False,False,True
train/videos/2017-09-20_19-24-55/2017-09-20_19-24-55.mp4-bee_id_4449-45885-1.png,1,0,True,False,True
train/videos/2017-09-20_19-24-55/2017-09-20_19-24-55.mp4-bee_id_4450-45915-1.png,1,1,True,True,True
train/videos/2017-09-20_19-24-55/2017-09-20_19-24-55.mp4-bee_id_4451-45930-1.png,0,1,False,False,True
train/videos/2017-09-20_19-24-55/2017-09-20_19-24-55.mp4-bee_id_4452-45930-1.png,0,1,False,False,True
train/videos/2017-09-20_19-24-55/2017-09-20_19-24-55.mp4-bee_id_4453-45960-1.png,0,0,False,False,True
train/videos/2017-09-20_19-24-55/2017-09-20_19-24-55.mp4-bee_id_4454-45960-1.png,0,0,False,False,True
train/videos/2017-09-20_19-24-55/2017-09-20_19-24-55.mp4-bee_id_4455-46005-1.png,1,0,True,False,True
train/videos/2017-09-20_19-24-55/2017-09-20_19-24-55.mp4-bee_id_4456-46035-1.png,1,0,True,False,True
train/videos/2017-09-20_19-24-55/2017-09-20_19-24-55.mp4-bee_id_4457-46035-1.png,0,2,False,False,True
train/videos/2017-09-20_19-24-55/2017-09-20_19-24-55.mp4-bee_id_4458-46065-1.png,1,0,True,False,True
train/videos/2017-09-20_19-24-55/2017-09-20_19-24-55.mp4-bee_id_4459-46065-1.png,1,1,True,True,True
train/videos/2017-09-20_19-24-55/2017-09-20_19-24-55.mp4-bee_id_4460-46065-1.png,0,0,False,False,True
train/videos/2017-09-20_19-24-55/2017-09-20_19-24-55.mp4-bee_id_4461-46095-1.png,0,0,False,False,True
train/videos/2017-09-20_19-24-55/2017-09-20_19-24-55.mp4-bee_id_4462-46110-1.png,0,0,False,False,True
train/videos/2017-09-20_19-24-55/2017-09-20_19-24-55.mp4-bee_id_4463-46110-1.png,0,0,False,False,True
train/videos/2017-09-20_19-24-55/2017-09-20_19-24-55.mp4-bee_id_4464-46215-1.png,0,0,False,False,True
train/videos/2017-09-20_19-24-55/2017-09-20_19-24-55.mp4-bee_id_4465-46230-1.png,0,0,False,False,True
train/videos/2017-09-20_19-24-55/2017-09-20_19-24-55.mp4-bee_id_4466-46245-1.png,0,0,False,False,True
train/videos/2017-09-20_19-24-55/2017-09-20_19-24-55.mp4-bee_id_4467-46260-1.png,1,0,True,False,True
train/videos/2017-09-20_19-24-55/2017-09-20_19-24-55.mp4-bee_id_4468-46275-1.png,0,1,False,False,True
train/videos/2017-09-20_19-24-55/2017-09-20_19-24-55.mp4-bee_id_4469-46440-1.png,0,0,False,False,True
train/videos/2017-09-20_19-24-55/2017-09-20_19-24-55.mp4-bee_id_4470-46470-1.png,1,1,True,False,True
train/videos/2017-09-20_19-24-55/2017-09-20_19-24-55.mp4-bee_id_4471-46500-1.png,0,0,False,False,True
train/videos/2017-09-20_19-24-55/2017-09-20_19-24-55.mp4-bee_id_4472-46515-1.png,0,0,False,False,True
train/videos/2017-09-20_19-24-55/2017-09-20_19-24-55.mp4-bee_id_4473-46545-1.png,0,2,False,False,True
train/videos/2017-09-20_19-24-55/2017-09-20_19-24-55.mp4-bee_id_4475-46560-1.png,1,0,True,False,True
train/videos/2017-09-20_19-24-55/2017-09-20_19-24-55.mp4-bee_id_4476-46575-1.png,0,0,False,False,True
train/videos/2017-09-20_19-24-55/2017-09-20_19-24-55.mp4-bee_id_4477-46575-1.png,0,0,False,False,True
train/videos/2017-09-20_19-24-55/2017-09-20_19-24-55.mp4-bee_id_4478-46575-1.png,0,0,False,False,True
train/videos/2017-09-20_19-24-55/2017-09-20_19-24-55.mp4-bee_id_4479-46620-1.png,0,0,False,False,True
train/videos/2017-09-20_19-24-55/2017-09-20_19-24-55.mp4-bee_id_4480-46620-1.png,0,0,False,False,True
train/videos/2017-09-20_19-24-55/2017-09-20_19-24-55.mp4-bee_id_4481-46635-1.png,0,0,False,False,True
train/videos/2017-09-20_19-24-55/2017-09-20_19-24-55.mp4-bee_id_4483-46725-1.png,0,0,False,False,True
train/videos/2017-09-20_19-24-55/2017-09-20_19-24-55.mp4-bee_id_4485-46755-1.png,0,0,False,False,True
train/videos/2017-09-20_19-24-55/2017-09-20_19-24-55.mp4-bee_id_4487-46815-1.png,1,0,True,False,True
train/videos/2017-09-20_19-24-55/2017-09-20_19-24-55.mp4-bee_id_4488-46890-1.png,1,2,True,True,True
train/videos/2017-09-20_19-24-55/2017-09-20_19-24-55.mp4-bee_id_4489-46920-1.png,0,1,False,False,True
train/videos/2017-09-20_19-24-55/2017-09-20_19-24-55.mp4-bee_id_4490-46935-1.png,1,0,True,False,True
train/videos/2017-09-20_19-24-55/2017-09-20_19-24-55.mp4-bee_id_4491-46950-1.png,0,0,False,False,True
train/videos/2017-09-20_19-24-55/2017-09-20_19-24-55.mp4-bee_id_4492-47040-1.png,0,1,False,False,True
train/videos/2017-09-20_19-24-55/2017-09-20_19-24-55.mp4-bee_id_4493-47055-1.png,0,0,False,False,True
train/videos/2017-09-20_19-24-55/2017-09-20_19-24-55.mp4-bee_id_4495-47055-1.png,1,1,True,True,True
train/videos/2017-09-20_19-24-55/2017-09-20_19-24-55.mp4-bee_id_4496-47085-1.png,1,1,True,False,True
train/videos/2017-09-20_19-24-55/2017-09-20_19-24-55.mp4-bee_id_4497-47085-1.png,0,1,False,False,True
train/videos/2017-09-20_19-24-55/2017-09-20_19-24-55.mp4-bee_id_4498-47100-1.png,0,0,False,False,True
train/videos/2017-09-20_19-24-55/2017-09-20_19-24-55.mp4-bee_id_4499-47115-1.png,0,0,False,False,True
train/videos/2017-09-20_19-24-55/2017-09-20_19-24-55.mp4-bee_id_4500-47130-1.png,0,1,False,False,True
train/videos/2017-09-20_19-24-55/2017-09-20_19-24-55.mp4-bee_id_4501-47160-1.png,0,1,False,False,True
train/videos/2017-09-20_19-24-55/2017-09-20_19-24-55.mp4-bee_id_4502-47205-1.png,0,2,False,False,True
train/videos/2017-09-20_19-24-55/2017-09-20_19-24-55.mp4-bee_id_4503-47280-1.png,0,2,False,False,True
train/videos/2017-09-20_19-24-55/2017-09-20_19-24-55.mp4-bee_id_4504-47295-1.png,0,0,False,False,True
train/videos/2017-09-20_19-24-55/2017-09-20_19-24-55.mp4-bee_id_4505-47310-1.png,0,0,False,False,True
train/videos/2017-09-20_19-24-55/2017-09-20_19-24-55.mp4-bee_id_4506-47325-1.png,0,2,False,False,True
train/videos/2017-09-20_19-24-55/2017-09-20_19-24-55.mp4-bee_id_4507-47430-1.png,0,1,False,False,True
train/videos/2017-09-20_19-24-55/2017-09-20_19-24-55.mp4-bee_id_4508-47445-1.png,0,0,False,False,True
train/videos/2017-09-20_19-24-55/2017-09-20_19-24-55.mp4-bee_id_4509-47505-1.png,0,1,False,False,True
train/videos/2017-09-20_19-24-55/2017-09-20_19-24-55.mp4-bee_id_4510-47505-1.png,1,0,True,False,True
train/videos/2017-09-20_19-24-55/2017-09-20_19-24-55.mp4-bee_id_4511-47580-1.png,0,2,False,False,True
train/videos/2017-09-20_19-24-55/2017-09-20_19-24-55.mp4-bee_id_4512-47625-1.png,0,1,False,False,True
train/videos/2017-09-20_19-24-55/2017-09-20_19-24-55.mp4-bee_id_4513-47655-1.png,0,0,False,False,True
train/videos/2017-09-20_19-24-55/2017-09-20_19-24-55.mp4-bee_id_4514-47685-1.png,1,2,True,False,True
train/videos/2017-09-20_19-24-55/2017-09-20_19-24-55.mp4-bee_id_4515-47700-1.png,0,0,False,False,True
train/videos/2017-09-20_19-24-55/2017-09-20_19-24-55.mp4-bee_id_4516-47700-1.png,0,1,False,False,True
train/videos/2017-09-20_19-24-55/2017-09-20_19-24-55.mp4-bee_id_4517-47700-1.png,0,1,False,False,True
train/videos/2017-09-20_19-24-55/2017-09-20_19-24-55.mp4-bee_id_4518-47700-1.png,0,1,False,False,True
train/videos/2017-09-20_19-24-55/2017-09-20_19-24-55.mp4-bee_id_4519-47715-1.png,0,0,False,False,True
train/videos/2017-09-20_19-24-55/2017-09-20_19-24-55.mp4-bee_id_4520-47730-1.png,0,1,False,False,True
train/videos/2017-09-20_19-24-55/2017-09-20_19-24-55.mp4-bee_id_4522-47835-1.png,0,0,False,False,True
train/videos/2017-09-20_19-24-55/2017-09-20_19-24-55.mp4-bee_id_4523-47940-1.png,1,3,True,True,True
train/videos/2017-09-20_19-24-55/2017-09-20_19-24-55.mp4-bee_id_4525-48045-1.png,0,2,False,False,True
train/videos/2017-09-20_19-24-55/2017-09-20_19-24-55.mp4-bee_id_4529-48135-1.png,1,0,True,False,True
train/videos/2017-09-20_19-24-55/2017-09-20_19-24-55.mp4-bee_id_4530-48210-1.png,1,0,True,False,True
train/videos/2017-09-20_19-24-55/2017-09-20_19-24-55.mp4-bee_id_4531-48210-1.png,1,1,True,False,True
train/videos/2017-09-20_19-24-55/2017-09-20_19-24-55.mp4-bee_id_4532-48225-1.png,1,0,True,False,True
train/videos/2017-09-20_19-24-55/2017-09-20_19-24-55.mp4-bee_id_4534-48270-1.png,1,0,True,False,True
train/videos/2017-09-20_19-24-55/2017-09-20_19-24-55.mp4-bee_id_4535-48285-1.png,0,0,False,False,True
train/videos/2017-09-20_19-24-55/2017-09-20_19-24-55.mp4-bee_id_4536-48315-1.png,1,0,True,False,True
train/videos/2017-09-20_19-24-55/2017-09-20_19-24-55.mp4-bee_id_4537-48345-1.png,1,0,True,False,True
train/videos/2017-09-20_19-24-55/2017-09-20_19-24-55.mp4-bee_id_4538-48375-1.png,0,0,False,False,True
train/videos/2017-09-20_19-24-55/2017-09-20_19-24-55.mp4-bee_id_4540-48420-1.png,0,1,False,False,True
train/videos/2017-09-20_19-24-55/2017-09-20_19-24-55.mp4-bee_id_4541-48450-1.png,1,0,True,False,True
train/videos/2017-09-20_19-24-55/2017-09-20_19-24-55.mp4-bee_id_4543-48495-1.png,0,1,False,False,True
train/videos/2017-09-20_19-24-55/2017-09-20_19-24-55.mp4-bee_id_4544-48525-1.png,0,2,False,False,True
train/videos/2017-09-20_19-24-55/2017-09-20_19-24-55.mp4-bee_id_4545-48555-1.png,0,0,False,False,True
train/videos/2017-09-20_19-24-55/2017-09-20_19-24-55.mp4-bee_id_4546-48570-1.png,0,0,False,False,True
train/videos/2017-09-20_19-24-55/2017-09-20_19-24-55.mp4-bee_id_4547-48585-1.png,1,0,True,False,True
train/videos/2017-09-20_19-24-55/2017-09-20_19-24-55.mp4-bee_id_4548-48600-1.png,1,0,True,False,True
train/videos/2017-09-20_19-24-55/2017-09-20_19-24-55.mp4-bee_id_4549-48615-1.png,0,0,False,False,True
train/videos/2017-09-20_19-24-55/2017-09-20_19-24-55.mp4-bee_id_4550-48630-1.png,0,0,False,False,True
train/videos/2017-09-20_19-24-55/2017-09-20_19-24-55.mp4-bee_id_4551-48675-1.png,1,0,True,False,True
train/videos/2017-09-20_19-24-55/2017-09-20_19-24-55.mp4-bee_id_4552-48780-1.png,0,1,False,False,True
train/videos/2017-09-20_19-24-55/2017-09-20_19-24-55.mp4-bee_id_4553-48810-1.png,0,0,False,False,True
train/videos/2017-09-20_19-24-55/2017-09-20_19-24-55.mp4-bee_id_4554-48810-1.png,0,0,False,False,True
train/videos/2017-09-20_19-24-55/2017-09-20_19-24-55.mp4-bee_id_4555-48825-1.png,0,1,False,False,True
train/videos/2017-09-20_19-24-55/2017-09-20_19-24-55.mp4-bee_id_4556-48840-1.png,0,0,False,False,True
train/videos/2017-09-20_19-24-55/2017-09-20_19-24-55.mp4-bee_id_4557-48840-1.png,0,0,False,False,True
train/videos/2017-09-20_19-24-55/2017-09-20_19-24-55.mp4-bee_id_4559-48960-1.png,0,1,False,False,True
train/videos/2017-09-20_19-24-55/2017-09-20_19-24-55.mp4-bee_id_4560-48975-1.png,0,0,False,False,True
train/videos/2017-09-20_19-24-55/2017-09-20_19-24-55.mp4-bee_id_4561-49065-1.png,0,0,False,False,True
train/videos/2017-09-20_19-24-55/2017-09-20_19-24-55.mp4-bee_id_4562-49080-1.png,0,0,False,False,True
train/videos/2017-09-20_19-24-55/2017-09-20_19-24-55.mp4-bee_id_4563-49185-1.png,0,0,False,False,True
train/videos/2017-09-20_19-24-55/2017-09-20_19-24-55.mp4-bee_id_4564-49230-1.png,0,1,False,False,True
train/videos/2017-09-20_19-24-55/2017-09-20_19-24-55.mp4-bee_id_4565-49230-1.png,0,0,False,False,True
train/videos/2017-09-20_19-24-55/2017-09-20_19-24-55.mp4-bee_id_4566-49260-1.png,0,1,False,False,True
train/videos/2017-09-20_19-24-55/2017-09-20_19-24-55.mp4-bee_id_4567-49275-1.png,0,0,False,False,True
train/videos/2017-09-20_19-24-55/2017-09-20_19-24-55.mp4-bee_id_4568-49275-1.png,0,0,False,False,True
train/videos/2017-09-20_19-24-55/2017-09-20_19-24-55.mp4-bee_id_4569-49290-1.png,0,2,False,False,True
train/videos/2017-09-20_19-24-55/2017-09-20_19-24-55.mp4-bee_id_4570-49305-1.png,0,2,False,False,True
train/videos/2017-09-20_19-24-55/2017-09-20_19-24-55.mp4-bee_id_4571-49320-1.png,0,1,False,False,True
train/videos/2017-09-20_19-24-55/2017-09-20_19-24-55.mp4-bee_id_4572-49335-1.png,0,0,False,False,True
train/videos/2017-09-20_19-24-55/2017-09-20_19-24-55.mp4-bee_id_4573-49350-1.png,0,0,False,False,True
train/videos/2017-09-20_19-24-55/2017-09-20_19-24-55.mp4-bee_id_4574-49365-1.png,0,0,False,False,True
train/videos/2017-09-20_19-24-55/2017-09-20_19-24-55.mp4-bee_id_4575-49380-1.png,1,1,True,True,True
train/videos/2017-09-20_19-24-55/2017-09-20_19-24-55.mp4-bee_id_4576-49380-1.png,0,0,False,False,True
train/videos/2017-09-20_19-24-55/2017-09-20_19-24-55.mp4-bee_id_4577-49500-1.png,0,0,False,False,True
train/videos/2017-09-20_19-24-55/2017-09-20_19-24-55.mp4-bee_id_4578-49530-1.png,1,0,True,False,True
train/videos/2017-09-20_19-24-55/2017-09-20_19-24-55.mp4-bee_id_4579-49545-1.png,1,0,True,False,True
train/videos/2017-09-20_19-24-55/2017-09-20_19-24-55.mp4-bee_id_4580-49545-1.png,1,1,True,True,True
train/videos/2017-09-20_19-24-55/2017-09-20_19-24-55.mp4-bee_id_4581-49545-1.png,0,0,False,False,True
train/videos/2017-09-20_19-24-55/2017-09-20_19-24-55.mp4-bee_id_4582-49560-1.png,0,1,False,False,True
train/videos/2017-09-20_19-24-55/2017-09-20_19-24-55.mp4-bee_id_4583-49575-1.png,0,0,False,False,True
train/videos/2017-09-20_19-24-55/2017-09-20_19-24-55.mp4-bee_id_4584-49590-1.png,0,2,False,False,True
train/videos/2017-09-20_19-24-55/2017-09-20_19-24-55.mp4-bee_id_4585-49635-1.png,0,0,False,False,True
train/videos/2017-09-20_19-24-55/2017-09-20_19-24-55.mp4-bee_id_4586-49665-1.png,0,0,False,False,True
train/videos/2017-09-20_19-24-55/2017-09-20_19-24-55.mp4-bee_id_4587-49665-1.png,0,0,False,False,True
train/videos/2017-09-20_19-24-55/2017-09-20_19-24-55.mp4-bee_id_4588-49695-1.png,0,0,False,False,True
train/videos/2017-09-20_19-24-55/2017-09-20_19-24-55.mp4-bee_id_4589-49770-1.png,1,2,True,False,True
train/videos/2017-09-20_19-24-55/2017-09-20_19-24-55.mp4-bee_id_4590-49770-1.png,1,0,True,False,True
train/videos/2017-09-20_19-24-55/2017-09-20_19-24-55.mp4-bee_id_4591-49860-1.png,0,0,False,False,True
train/videos/2017-09-20_19-24-55/2017-09-20_19-24-55.mp4-bee_id_4592-49875-1.png,1,1,True,False,True
train/videos/2017-09-20_19-24-55/2017-09-20_19-24-55.mp4-bee_id_4593-49980-1.png,0,0,False,False,True
train/videos/2017-09-20_19-24-55/2017-09-20_19-24-55.mp4-bee_id_4594-50010-1.png,1,0,True,False,True
train/videos/2017-09-20_19-24-55/2017-09-20_19-24-55.mp4-bee_id_4595-50025-1.png,0,0,False,False,True
train/videos/2017-09-20_19-24-55/2017-09-20_19-24-55.mp4-bee_id_4596-50055-1.png,1,0,True,False,True
train/videos/2017-09-20_19-24-55/2017-09-20_19-24-55.mp4-bee_id_4598-50070-1.png,0,1,False,False,True
train/videos/2017-09-20_19-24-55/2017-09-20_19-24-55.mp4-bee_id_4599-50085-1.png,0,2,False,False,True
train/videos/2017-09-20_19-24-55/2017-09-20_19-24-55.mp4-bee_id_4600-50100-1.png,0,0,False,False,True
train/videos/2017-09-20_19-24-55/2017-09-20_19-24-55.mp4-bee_id_4601-50160-1.png,1,2,True,False,True
train/videos/2017-09-20_19-24-55/2017-09-20_19-24-55.mp4-bee_id_4602-50160-1.png,0,1,False,False,True
train/videos/2017-09-20_19-24-55/2017-09-20_19-24-55.mp4-bee_id_4603-50295-1.png,0,1,False,False,True
train/videos/2017-09-20_19-24-55/2017-09-20_19-24-55.mp4-bee_id_4604-50310-1.png,0,0,False,False,True
train/videos/2017-09-20_19-24-55/2017-09-20_19-24-55.mp4-bee_id_4605-50370-1.png,0,1,False,False,True
train/videos/2017-09-20_19-24-55/2017-09-20_19-24-55.mp4-bee_id_4606-50415-1.png,0,2,False,False,True
train/videos/2017-09-20_19-24-55/2017-09-20_19-24-55.mp4-bee_id_4607-50430-1.png,0,1,False,False,True
train/videos/2017-09-20_19-24-55/2017-09-20_19-24-55.mp4-bee_id_4608-50430-1.png,0,1,False,False,True
train/videos/2017-09-20_19-24-55/2017-09-20_19-24-55.mp4-bee_id_4609-50445-1.png,0,2,False,False,True
train/videos/2017-09-20_19-24-55/2017-09-20_19-24-55.mp4-bee_id_4610-50445-1.png,1,1,True,True,True
train/videos/2017-09-20_19-24-55/2017-09-20_19-24-55.mp4-bee_id_4611-50475-1.png,1,1,True,True,True
train/videos/2017-09-20_19-24-55/2017-09-20_19-24-55.mp4-bee_id_4612-50475-1.png,0,0,False,False,True
train/videos/2017-09-20_19-24-55/2017-09-20_19-24-55.mp4-bee_id_4613-50490-1.png,0,0,False,False,True
train/videos/2017-09-20_19-24-55/2017-09-20_19-24-55.mp4-bee_id_4614-50490-1.png,1,0,True,False,True
train/videos/2017-09-20_19-24-55/2017-09-20_19-24-55.mp4-bee_id_4615-50505-1.png,1,0,True,False,True
train/videos/2017-09-20_19-24-55/2017-09-20_19-24-55.mp4-bee_id_4616-50505-1.png,0,1,False,False,True
train/videos/2017-09-20_19-24-55/2017-09-20_19-24-55.mp4-bee_id_4617-50580-1.png,0,0,False,False,True
train/videos/2017-09-20_19-24-55/2017-09-20_19-24-55.mp4-bee_id_4618-50580-1.png,0,1,False,False,True
train/videos/2017-09-20_19-24-55/2017-09-20_19-24-55.mp4-bee_id_4619-50595-1.png,1,0,True,False,True
train/videos/2017-09-20_19-24-55/2017-09-20_19-24-55.mp4-bee_id_4620-50640-1.png,1,1,True,True,True
train/videos/2017-09-20_19-24-55/2017-09-20_19-24-55.mp4-bee_id_4621-50685-1.png,1,1,True,False,True
train/videos/2017-09-20_19-24-55/2017-09-20_19-24-55.mp4-bee_id_4622-50730-1.png,0,0,False,False,True
train/videos/2017-09-20_19-24-55/2017-09-20_19-24-55.mp4-bee_id_4624-50805-1.png,0,0,False,False,True
train/videos/2017-09-20_19-24-55/2017-09-20_19-24-55.mp4-bee_id_4625-50880-1.png,0,0,False,False,True
train/videos/2017-09-20_19-24-55/2017-09-20_19-24-55.mp4-bee_id_4626-50880-1.png,1,0,True,False,True
train/videos/2017-09-20_19-24-55/2017-09-20_19-24-55.mp4-bee_id_4627-50880-1.png,0,1,False,False,True
train/videos/2017-09-20_19-24-55/2017-09-20_19-24-55.mp4-bee_id_4628-50895-1.png,1,0,True,False,True
train/videos/2017-09-20_19-24-55/2017-09-20_19-24-55.mp4-bee_id_4629-50940-1.png,0,1,False,False,True
train/videos/2017-09-20_19-24-55/2017-09-20_19-24-55.mp4-bee_id_4630-50940-1.png,0,1,False,False,True
train/videos/2017-09-20_19-24-55/2017-09-20_19-24-55.mp4-bee_id_4631-50970-1.png,0,0,False,False,True
train/videos/2017-09-20_19-24-55/2017-09-20_19-24-55.mp4-bee_id_4632-51045-1.png,0,1,False,False,True
train/videos/2017-09-20_19-24-55/2017-09-20_19-24-55.mp4-bee_id_4633-51165-1.png,0,0,False,False,True
train/videos/2017-09-20_19-24-55/2017-09-20_19-24-55.mp4-bee_id_4634-51180-1.png,0,2,False,False,True
train/videos/2017-09-20_19-24-55/2017-09-20_19-24-55.mp4-bee_id_4635-51195-1.png,0,0,False,False,True
train/videos/2017-09-20_19-24-55/2017-09-20_19-24-55.mp4-bee_id_4636-51225-1.png,0,0,False,False,True
train/videos/2017-09-20_19-24-55/2017-09-20_19-24-55.mp4-bee_id_4638-51255-1.png,0,1,False,False,True
train/videos/2017-09-20_19-24-55/2017-09-20_19-24-55.mp4-bee_id_4639-51270-1.png,0,0,False,False,True
train/videos/2017-09-20_19-24-55/2017-09-20_19-24-55.mp4-bee_id_4640-51270-1.png,0,0,False,False,True
train/videos/2017-09-20_19-24-55/2017-09-20_19-24-55.mp4-bee_id_4641-51300-1.png,1,0,True,False,True
train/videos/2017-09-20_19-24-55/2017-09-20_19-24-55.mp4-bee_id_4642-51300-1.png,0,0,False,False,True
train/videos/2017-09-20_19-24-55/2017-09-20_19-24-55.mp4-bee_id_4643-51315-1.png,0,2,False,False,True
train/videos/2017-09-20_19-24-55/2017-09-20_19-24-55.mp4-bee_id_4644-51390-1.png,1,0,True,False,True
train/videos/2017-09-20_19-24-55/2017-09-20_19-24-55.mp4-bee_id_4645-51435-1.png,1,0,True,False,True
train/videos/2017-09-20_19-24-55/2017-09-20_19-24-55.mp4-bee_id_4646-51450-1.png,0,1,False,False,True
train/videos/2017-09-20_19-24-55/2017-09-20_19-24-55.mp4-bee_id_4647-51480-1.png,0,0,False,False,True
train/videos/2017-09-20_19-24-55/2017-09-20_19-24-55.mp4-bee_id_4648-51495-1.png,0,0,False,False,True
train/videos/2017-09-20_19-24-55/2017-09-20_19-24-55.mp4-bee_id_4649-51540-1.png,0,1,False,False,True
train/videos/2017-09-20_19-24-55/2017-09-20_19-24-55.mp4-bee_id_4650-51600-1.png,1,0,True,False,True
train/videos/2017-09-20_19-24-55/2017-09-20_19-24-55.mp4-bee_id_4651-51645-1.png,1,1,True,False,True
train/videos/2017-09-20_19-24-55/2017-09-20_19-24-55.mp4-bee_id_4652-51675-1.png,1,2,True,True,True
train/videos/2017-09-20_19-24-55/2017-09-20_19-24-55.mp4-bee_id_4653-51690-1.png,0,1,False,False,True
train/videos/2017-09-20_19-24-55/2017-09-20_19-24-55.mp4-bee_id_4654-51705-1.png,0,0,False,False,True
train/videos/2017-09-20_19-24-55/2017-09-20_19-24-55.mp4-bee_id_4655-51720-1.png,0,0,False,False,True
train/videos/2017-09-20_19-24-55/2017-09-20_19-24-55.mp4-bee_id_4656-51720-1.png,0,0,False,False,True
train/videos/2017-09-20_19-24-55/2017-09-20_19-24-55.mp4-bee_id_4657-51735-1.png,0,0,False,False,True
train/videos/2017-09-20_19-24-55/2017-09-20_19-24-55.mp4-bee_id_4658-51780-1.png,0,0,False,False,True
train/videos/2017-09-20_19-24-55/2017-09-20_19-24-55.mp4-bee_id_4661-51870-1.png,1,0,True,False,True
train/videos/2017-09-20_19-24-55/2017-09-20_19-24-55.mp4-bee_id_4662-51915-1.png,0,1,False,False,True
train/videos/2017-09-20_19-24-55/2017-09-20_19-24-55.mp4-bee_id_4663-51915-1.png,1,0,True,False,True
train/videos/2017-09-20_19-24-55/2017-09-20_19-24-55.mp4-bee_id_4664-51960-1.png,0,0,False,False,True
train/videos/2017-09-20_19-24-55/2017-09-20_19-24-55.mp4-bee_id_4665-52035-1.png,0,0,False,False,True
train/videos/2017-09-20_19-24-55/2017-09-20_19-24-55.mp4-bee_id_4666-52065-1.png,0,2,False,False,True
train/videos/2017-09-20_19-24-55/2017-09-20_19-24-55.mp4-bee_id_4667-52065-1.png,0,0,False,False,True
train/videos/2017-09-20_19-24-55/2017-09-20_19-24-55.mp4-bee_id_4668-52080-1.png,0,1,False,False,True
train/videos/2017-09-20_19-24-55/2017-09-20_19-24-55.mp4-bee_id_4669-52185-1.png,1,2,True,True,True
train/videos/2017-09-20_19-24-55/2017-09-20_19-24-55.mp4-bee_id_4670-52215-1.png,1,1,True,True,True
train/videos/2017-09-20_19-24-55/2017-09-20_19-24-55.mp4-bee_id_4671-52230-1.png,1,1,True,True,True
train/videos/2017-09-20_19-24-55/2017-09-20_19-24-55.mp4-bee_id_4672-52245-1.png,1,0,True,False,True
train/videos/2017-09-20_19-24-55/2017-09-20_19-24-55.mp4-bee_id_4673-52260-1.png,1,2,True,True,True
train/videos/2017-09-20_19-24-55/2017-09-20_19-24-55.mp4-bee_id_4674-52275-1.png,0,1,False,False,True
train/videos/2017-09-20_19-24-55/2017-09-20_19-24-55.mp4-bee_id_4675-52275-1.png,0,1,False,False,True
train/videos/2017-09-20_19-24-55/2017-09-20_19-24-55.mp4-bee_id_4676-52275-1.png,1,1,True,False,True
train/videos/2017-09-20_19-24-55/2017-09-20_19-24-55.mp4-bee_id_4677-52275-1.png,0,0,False,False,True
train/videos/2017-09-20_19-24-55/2017-09-20_19-24-55.mp4-bee_id_4679-52290-1.png,0,0,False,False,True
train/videos/2017-09-20_19-24-55/2017-09-20_19-24-55.mp4-bee_id_4680-52290-1.png,0,0,False,False,True
train/videos/2017-09-20_19-24-55/2017-09-20_19-24-55.mp4-bee_id_4681-52395-1.png,0,1,False,False,True
train/videos/2017-09-20_19-24-55/2017-09-20_19-24-55.mp4-bee_id_4682-52395-1.png,0,1,False,False,True
train/videos/2017-09-20_19-24-55/2017-09-20_19-24-55.mp4-bee_id_4683-52455-1.png,0,0,False,False,True
train/videos/2017-09-20_19-24-55/2017-09-20_19-24-55.mp4-bee_id_4684-52500-1.png,0,2,False,False,True
train/videos/2017-09-20_19-24-55/2017-09-20_19-24-55.mp4-bee_id_4685-52530-1.png,0,1,False,False,True
train/videos/2017-09-20_19-24-55/2017-09-20_19-24-55.mp4-bee_id_4686-52560-1.png,0,0,False,False,True
train/videos/2017-09-20_19-24-55/2017-09-20_19-24-55.mp4-bee_id_4689-52605-1.png,0,0,False,False,True
train/videos/2017-09-20_19-24-55/2017-09-20_19-24-55.mp4-bee_id_4690-52605-1.png,1,1,True,False,True
train/videos/2017-09-20_19-24-55/2017-09-20_19-24-55.mp4-bee_id_4691-52650-1.png,0,0,False,False,True
train/videos/2017-09-20_19-24-55/2017-09-20_19-24-55.mp4-bee_id_4692-52665-1.png,0,0,False,False,True
train/videos/2017-09-20_19-24-55/2017-09-20_19-24-55.mp4-bee_id_4693-52665-1.png,0,0,False,False,True
train/videos/2017-09-20_19-24-55/2017-09-20_19-24-55.mp4-bee_id_4694-52710-1.png,1,1,True,False,True
train/videos/2017-09-20_19-24-55/2017-09-20_19-24-55.mp4-bee_id_4695-52770-1.png,0,1,False,False,True
train/videos/2017-09-20_19-24-55/2017-09-20_19-24-55.mp4-bee_id_4696-52770-1.png,0,1,False,False,True
train/videos/2017-09-20_19-24-55/2017-09-20_19-24-55.mp4-bee_id_4697-52815-1.png,0,0,False,False,True
train/videos/2017-09-20_19-24-55/2017-09-20_19-24-55.mp4-bee_id_4698-52830-1.png,0,0,False,False,True
train/videos/2017-09-20_19-24-55/2017-09-20_19-24-55.mp4-bee_id_4699-52830-1.png,0,0,False,False,True
train/videos/2017-09-20_19-24-55/2017-09-20_19-24-55.mp4-bee_id_4700-52845-1.png,0,0,False,False,True
train/videos/2017-09-20_19-24-55/2017-09-20_19-24-55.mp4-bee_id_4701-52875-1.png,1,0,True,False,True
train/videos/2017-09-20_19-24-55/2017-09-20_19-24-55.mp4-bee_id_4702-52920-1.png,0,0,False,False,True
train/videos/2017-09-20_19-24-55/2017-09-20_19-24-55.mp4-bee_id_4703-52950-1.png,0,1,False,False,True
train/videos/2017-09-20_19-24-55/2017-09-20_19-24-55.mp4-bee_id_4704-53010-1.png,0,1,False,False,True
train/videos/2017-09-20_19-24-55/2017-09-20_19-24-55.mp4-bee_id_4705-53025-1.png,1,0,True,False,True
train/videos/2017-09-20_19-24-55/2017-09-20_19-24-55.mp4-bee_id_4706-53025-1.png,0,0,False,False,True
train/videos/2017-09-20_19-24-55/2017-09-20_19-24-55.mp4-bee_id_4707-53040-1.png,1,0,True,False,True
train/videos/2017-09-20_19-24-55/2017-09-20_19-24-55.mp4-bee_id_4708-53115-1.png,0,0,False,False,True
train/videos/2017-09-20_19-24-55/2017-09-20_19-24-55.mp4-bee_id_4709-53115-1.png,0,1,False,False,True
train/videos/2017-09-20_19-24-55/2017-09-20_19-24-55.mp4-bee_id_4710-53160-1.png,1,1,True,False,True
train/videos/2017-09-20_19-24-55/2017-09-20_19-24-55.mp4-bee_id_4711-53190-1.png,0,0,False,False,True
train/videos/2017-09-20_19-24-55/2017-09-20_19-24-55.mp4-bee_id_4712-53190-1.png,1,0,True,False,True
train/videos/2017-09-20_19-24-55/2017-09-20_19-24-55.mp4-bee_id_4713-53205-1.png,0,0,False,False,True
train/videos/2017-09-20_19-24-55/2017-09-20_19-24-55.mp4-bee_id_4714-53220-1.png,0,1,False,False,True
train/videos/2017-09-20_19-24-55/2017-09-20_19-24-55.mp4-bee_id_4715-53235-1.png,0,1,False,False,True
train/videos/2017-09-20_19-24-55/2017-09-20_19-24-55.mp4-bee_id_4716-53265-1.png,0,0,False,False,True
train/videos/2017-09-20_19-24-55/2017-09-20_19-24-55.mp4-bee_id_4717-53280-1.png,0,0,False,False,True
train/videos/2017-09-20_19-24-55/2017-09-20_19-24-55.mp4-bee_id_4718-53280-1.png,1,0,True,False,True
train/videos/2017-09-20_19-24-55/2017-09-20_19-24-55.mp4-bee_id_4719-53280-1.png,1,1,True,False,True
train/videos/2017-09-20_19-24-55/2017-09-20_19-24-55.mp4-bee_id_4721-53340-1.png,0,0,False,False,True
train/videos/2017-09-20_19-24-55/2017-09-20_19-24-55.mp4-bee_id_4722-53385-1.png,1,2,True,False,True
train/videos/2017-09-20_19-24-55/2017-09-20_19-24-55.mp4-bee_id_4723-53415-1.png,1,0,True,False,True
train/videos/2017-09-20_19-24-55/2017-09-20_19-24-55.mp4-bee_id_4724-53520-1.png,1,0,True,False,True
train/videos/2017-09-20_19-24-55/2017-09-20_19-24-55.mp4-bee_id_4725-53535-1.png,1,2,True,False,True
train/videos/2017-09-20_19-24-55/2017-09-20_19-24-55.mp4-bee_id_4726-53535-1.png,1,0,True,False,True
train/videos/2017-09-20_19-24-55/2017-09-20_19-24-55.mp4-bee_id_4727-53565-1.png,0,2,False,False,True
train/videos/2017-09-20_19-24-55/2017-09-20_19-24-55.mp4-bee_id_4728-53610-1.png,0,0,False,False,True
train/videos/2017-09-20_19-24-55/2017-09-20_19-24-55.mp4-bee_id_4729-53670-1.png,0,0,False,False,True
train/videos/2017-09-20_19-24-55/2017-09-20_19-24-55.mp4-bee_id_4730-53670-1.png,0,0,False,False,True
train/videos/2017-09-20_19-24-55/2017-09-20_19-24-55.mp4-bee_id_4731-53685-1.png,0,0,False,False,True
train/videos/2017-09-20_19-24-55/2017-09-20_19-24-55.mp4-bee_id_4732-53790-1.png,0,0,False,False,True
train/videos/2017-09-20_19-24-55/2017-09-20_19-24-55.mp4-bee_id_4733-53790-1.png,1,1,True,False,True
train/videos/2017-09-20_19-24-55/2017-09-20_19-24-55.mp4-bee_id_4734-53805-1.png,0,1,False,False,True
train/videos/2017-09-20_19-24-55/2017-09-20_19-24-55.mp4-bee_id_4735-53835-1.png,0,0,False,False,True
train/videos/2017-09-20_19-24-55/2017-09-20_19-24-55.mp4-bee_id_4736-53835-1.png,0,0,False,False,True
train/videos/2017-09-20_19-24-55/2017-09-20_19-24-55.mp4-bee_id_4737-53865-1.png,0,1,False,False,True
train/videos/2017-09-20_19-24-55/2017-09-20_19-24-55.mp4-bee_id_4738-53880-1.png,1,0,True,False,True
train/videos/2017-09-20_19-24-55/2017-09-20_19-24-55.mp4-bee_id_4739-53895-1.png,1,0,True,False,True
train/videos/2017-09-20_19-24-55/2017-09-20_19-24-55.mp4-bee_id_4740-53910-1.png,0,0,False,False,True
train/videos/2017-09-20_19-24-55/2017-09-20_19-24-55.mp4-bee_id_4741-53925-1.png,1,0,True,False,True
train/videos/2017-09-20_19-24-55/2017-09-20_19-24-55.mp4-bee_id_4742-53955-1.png,1,0,True,False,True
train/videos/2017-09-20_19-24-55/2017-09-20_19-24-55.mp4-bee_id_4743-54060-1.png,1,2,True,True,True
train/videos/2017-09-20_19-24-55/2017-09-20_19-24-55.mp4-bee_id_4744-54090-1.png,1,0,True,False,True
train/videos/2017-09-20_19-24-55/2017-09-20_19-24-55.mp4-bee_id_4745-54090-1.png,1,1,True,False,True
train/videos/2017-09-20_19-24-55/2017-09-20_19-24-55.mp4-bee_id_4746-54135-1.png,1,0,True,False,True
train/videos/2017-09-20_19-24-55/2017-09-20_19-24-55.mp4-bee_id_4747-54150-1.png,0,1,False,False,True
train/videos/2017-09-20_19-24-55/2017-09-20_19-24-55.mp4-bee_id_4748-54240-1.png,0,0,False,False,True
train/videos/2017-09-20_19-24-55/2017-09-20_19-24-55.mp4-bee_id_4749-54240-1.png,1,0,True,False,True
train/videos/2017-09-20_19-24-55/2017-09-20_19-24-55.mp4-bee_id_4750-54255-1.png,0,2,False,False,True
train/videos/2017-09-20_19-24-55/2017-09-20_19-24-55.mp4-bee_id_4751-54270-1.png,0,0,False,False,True
train/videos/2017-09-20_19-24-55/2017-09-20_19-24-55.mp4-bee_id_4752-54285-1.png,0,0,False,False,True
train/videos/2017-09-20_19-24-55/2017-09-20_19-24-55.mp4-bee_id_4753-54285-1.png,1,0,True,False,True
train/videos/2017-09-20_19-24-55/2017-09-20_19-24-55.mp4-bee_id_4754-54330-1.png,0,0,False,False,True
train/videos/2017-09-20_19-24-55/2017-09-20_19-24-55.mp4-bee_id_4755-54330-1.png,1,0,True,False,True
train/videos/2017-09-20_19-24-55/2017-09-20_19-24-55.mp4-bee_id_4756-54345-1.png,1,0,True,False,True
train/videos/2017-09-20_19-24-55/2017-09-20_19-24-55.mp4-bee_id_4758-54390-1.png,0,0,False,False,True
train/videos/2017-09-20_19-24-55/2017-09-20_19-24-55.mp4-bee_id_4759-54390-1.png,1,0,True,False,True
train/videos/2017-09-20_19-24-55/2017-09-20_19-24-55.mp4-bee_id_4760-54495-1.png,0,0,False,False,True
train/videos/2017-09-20_19-24-55/2017-09-20_19-24-55.mp4-bee_id_4761-54510-1.png,1,0,True,False,True
train/videos/2017-09-20_19-24-55/2017-09-20_19-24-55.mp4-bee_id_4762-54510-1.png,0,0,False,False,True
train/videos/2017-09-20_19-24-55/2017-09-20_19-24-55.mp4-bee_id_4763-54525-1.png,1,0,True,False,True
train/videos/2017-09-20_19-24-55/2017-09-20_19-24-55.mp4-bee_id_4764-54570-1.png,0,0,False,False,True
train/videos/2017-09-20_19-24-55/2017-09-20_19-24-55.mp4-bee_id_4765-54570-1.png,0,1,False,False,True
train/videos/2017-09-20_19-24-55/2017-09-20_19-24-55.mp4-bee_id_4766-54585-1.png,0,0,False,False,True
train/videos/2017-09-20_19-24-55/2017-09-20_19-24-55.mp4-bee_id_4767-54615-1.png,0,0,False,False,True
train/videos/2017-09-20_19-24-55/2017-09-20_19-24-55.mp4-bee_id_4768-54630-1.png,0,0,False,False,True
train/videos/2017-09-20_19-24-55/2017-09-20_19-24-55.mp4-bee_id_4769-54675-1.png,0,0,False,False,True
train/videos/2017-09-20_19-24-55/2017-09-20_19-24-55.mp4-bee_id_4770-54735-1.png,1,0,True,False,True
train/videos/2017-09-20_19-24-55/2017-09-20_19-24-55.mp4-bee_id_4771-54765-1.png,0,1,False,False,True
train/videos/2017-09-20_19-24-55/2017-09-20_19-24-55.mp4-bee_id_4772-54765-1.png,0,1,False,False,True
train/videos/2017-09-20_19-24-55/2017-09-20_19-24-55.mp4-bee_id_4773-54795-1.png,0,0,False,False,True
train/videos/2017-09-20_19-24-55/2017-09-20_19-24-55.mp4-bee_id_4774-54795-1.png,0,0,False,False,True
train/videos/2017-09-20_19-24-55/2017-09-20_19-24-55.mp4-bee_id_4775-54810-1.png,0,0,False,False,True
train/videos/2017-09-20_19-24-55/2017-09-20_19-24-55.mp4-bee_id_4776-54870-1.png,0,0,False,False,True
train/videos/2017-09-20_19-24-55/2017-09-20_19-24-55.mp4-bee_id_4777-54870-1.png,1,2,True,True,True
train/videos/2017-09-20_19-24-55/2017-09-20_19-24-55.mp4-bee_id_4778-54900-1.png,0,0,False,False,True
train/videos/2017-09-20_19-24-55/2017-09-20_19-24-55.mp4-bee_id_4779-54915-1.png,1,0,True,False,True
train/videos/2017-09-20_19-24-55/2017-09-20_19-24-55.mp4-bee_id_4780-54915-1.png,0,0,False,False,True
train/videos/2017-09-20_19-24-55/2017-09-20_19-24-55.mp4-bee_id_4781-54930-1.png,0,0,False,False,True
train/videos/2017-09-20_19-24-55/2017-09-20_19-24-55.mp4-bee_id_4782-54960-1.png,1,1,True,True,True
train/videos/2017-09-20_19-24-55/2017-09-20_19-24-55.mp4-bee_id_4783-55005-1.png,1,1,True,True,True
train/videos/2017-09-20_19-24-55/2017-09-20_19-24-55.mp4-bee_id_4784-55050-1.png,0,0,False,False,True
train/videos/2017-09-20_19-24-55/2017-09-20_19-24-55.mp4-bee_id_4785-55050-1.png,0,0,False,False,True
train/videos/2017-09-20_19-24-55/2017-09-20_19-24-55.mp4-bee_id_4787-55200-1.png,1,1,True,False,True
train/videos/2017-09-20_19-24-55/2017-09-20_19-24-55.mp4-bee_id_4789-55245-1.png,1,0,True,False,True
train/videos/2017-09-20_19-24-55/2017-09-20_19-24-55.mp4-bee_id_4790-55260-1.png,1,0,True,False,True
train/videos/2017-09-20_19-24-55/2017-09-20_19-24-55.mp4-bee_id_4791-55275-1.png,1,0,True,False,True
train/videos/2017-09-20_19-24-55/2017-09-20_19-24-55.mp4-bee_id_4792-55290-1.png,0,0,False,False,True
train/videos/2017-09-20_19-24-55/2017-09-20_19-24-55.mp4-bee_id_4793-55290-1.png,1,0,True,False,True
train/videos/2017-09-20_19-24-55/2017-09-20_19-24-55.mp4-bee_id_4794-55335-1.png,0,0,False,False,True
train/videos/2017-09-20_19-24-55/2017-09-20_19-24-55.mp4-bee_id_4795-55335-1.png,0,0,False,False,True
train/videos/2017-09-20_19-24-55/2017-09-20_19-24-55.mp4-bee_id_4796-55365-1.png,1,0,True,False,True
train/videos/2017-09-20_19-24-55/2017-09-20_19-24-55.mp4-bee_id_4797-55380-1.png,1,2,True,True,True
train/videos/2017-09-20_19-24-55/2017-09-20_19-24-55.mp4-bee_id_4798-55395-1.png,1,2,True,False,True
train/videos/2017-09-20_19-24-55/2017-09-20_19-24-55.mp4-bee_id_4799-55395-1.png,1,2,True,True,True
train/videos/2017-09-20_19-24-55/2017-09-20_19-24-55.mp4-bee_id_4800-55410-1.png,1,0,True,False,True
train/videos/2017-09-20_19-24-55/2017-09-20_19-24-55.mp4-bee_id_4801-55425-1.png,1,0,True,False,True
train/videos/2017-09-20_19-24-55/2017-09-20_19-24-55.mp4-bee_id_4802-55470-1.png,1,0,True,False,True
train/videos/2017-09-20_19-24-55/2017-09-20_19-24-55.mp4-bee_id_4803-55515-1.png,0,0,False,False,True
train/videos/2017-09-20_19-24-55/2017-09-20_19-24-55.mp4-bee_id_4804-55515-1.png,1,0,True,False,True
train/videos/2017-09-20_19-24-55/2017-09-20_19-24-55.mp4-bee_id_4805-55560-1.png,0,0,False,False,True
train/videos/2017-09-20_19-24-55/2017-09-20_19-24-55.mp4-bee_id_4806-55575-1.png,0,0,False,False,True
train/videos/2017-09-20_19-24-55/2017-09-20_19-24-55.mp4-bee_id_4807-55590-1.png,1,0,True,False,True
train/videos/2017-09-20_19-24-55/2017-09-20_19-24-55.mp4-bee_id_4808-55590-1.png,1,1,True,False,True
train/videos/2017-09-20_19-24-55/2017-09-20_19-24-55.mp4-bee_id_4809-55605-1.png,0,0,False,False,True
train/videos/2017-09-20_19-24-55/2017-09-20_19-24-55.mp4-bee_id_4811-55620-1.png,1,0,True,False,True
train/videos/2017-09-20_19-24-55/2017-09-20_19-24-55.mp4-bee_id_4812-55650-1.png,1,2,True,True,True
train/videos/2017-09-20_19-24-55/2017-09-20_19-24-55.mp4-bee_id_4813-55725-1.png,1,0,True,False,True
train/videos/2017-09-20_19-24-55/2017-09-20_19-24-55.mp4-bee_id_4814-55740-1.png,0,1,False,False,True
train/videos/2017-09-20_19-24-55/2017-09-20_19-24-55.mp4-bee_id_4815-55815-1.png,1,1,True,True,True
train/videos/2017-09-20_19-24-55/2017-09-20_19-24-55.mp4-bee_id_4816-55830-1.png,1,1,True,False,True
train/videos/2017-09-20_19-24-55/2017-09-20_19-24-55.mp4-bee_id_4817-55935-1.png,0,0,False,False,True
train/videos/2017-09-20_19-24-55/2017-09-20_19-24-55.mp4-bee_id_4818-55950-1.png,0,0,False,False,True
train/videos/2017-09-20_19-24-55/2017-09-20_19-24-55.mp4-bee_id_4819-55965-1.png,1,0,True,False,True
train/videos/2017-09-20_19-24-55/2017-09-20_19-24-55.mp4-bee_id_4820-55965-1.png,0,0,False,False,True
train/videos/2017-09-20_19-24-55/2017-09-20_19-24-55.mp4-bee_id_4821-55965-1.png,0,0,False,False,True
train/videos/2017-09-20_19-24-55/2017-09-20_19-24-55.mp4-bee_id_4822-55980-1.png,1,0,True,False,True
train/videos/2017-09-20_19-24-55/2017-09-20_19-24-55.mp4-bee_id_4823-56040-1.png,0,0,False,False,True
train/videos/2017-09-20_19-24-55/2017-09-20_19-24-55.mp4-bee_id_4824-56055-1.png,0,0,False,False,True
train/videos/2017-09-20_19-24-55/2017-09-20_19-24-55.mp4-bee_id_4825-56070-1.png,0,1,False,False,True
train/videos/2017-09-20_19-24-55/2017-09-20_19-24-55.mp4-bee_id_4826-56130-1.png,1,0,True,False,True
train/videos/2017-09-20_19-24-55/2017-09-20_19-24-55.mp4-bee_id_4827-56160-1.png,1,0,True,False,True
train/videos/2017-09-20_19-24-55/2017-09-20_19-24-55.mp4-bee_id_4828-56175-1.png,1,0,True,False,True
train/videos/2017-09-20_19-24-55/2017-09-20_19-24-55.mp4-bee_id_4829-56175-1.png,0,2,False,False,True
train/videos/2017-09-20_19-24-55/2017-09-20_19-24-55.mp4-bee_id_4830-56250-1.png,0,0,False,False,True
train/videos/2017-09-20_19-24-55/2017-09-20_19-24-55.mp4-bee_id_4831-56280-1.png,0,0,False,False,True
train/videos/2017-09-20_19-24-55/2017-09-20_19-24-55.mp4-bee_id_4832-56295-1.png,1,0,True,False,True
train/videos/2017-09-20_19-24-55/2017-09-20_19-24-55.mp4-bee_id_4833-56310-1.png,1,0,True,False,True
train/videos/2017-09-20_19-24-55/2017-09-20_19-24-55.mp4-bee_id_4834-56310-1.png,0,1,False,False,True
train/videos/2017-09-20_19-24-55/2017-09-20_19-24-55.mp4-bee_id_4835-56475-1.png,0,0,False,False,True
train/videos/2017-09-20_19-24-55/2017-09-20_19-24-55.mp4-bee_id_4836-56505-1.png,1,2,True,True,True
train/videos/2017-09-20_19-24-55/2017-09-20_19-24-55.mp4-bee_id_4837-56505-1.png,0,0,False,False,True
train/videos/2017-09-20_19-24-55/2017-09-20_19-24-55.mp4-bee_id_4838-56520-1.png,0,1,False,False,True
train/videos/2017-09-20_19-24-55/2017-09-20_19-24-55.mp4-bee_id_4839-56580-1.png,0,2,False,False,True
train/videos/2017-09-20_19-24-55/2017-09-20_19-24-55.mp4-bee_id_4840-56595-1.png,0,1,False,False,True
train/videos/2017-09-20_19-24-55/2017-09-20_19-24-55.mp4-bee_id_4841-56610-1.png,0,0,False,False,True
train/videos/2017-09-20_19-24-55/2017-09-20_19-24-55.mp4-bee_id_4842-56625-1.png,0,0,False,False,True
train/videos/2017-09-20_19-24-55/2017-09-20_19-24-55.mp4-bee_id_4843-56685-1.png,0,2,False,False,True
train/videos/2017-09-20_19-24-55/2017-09-20_19-24-55.mp4-bee_id_4844-56700-1.png,0,0,False,False,True
train/videos/2017-09-20_19-24-55/2017-09-20_19-24-55.mp4-bee_id_4845-56760-1.png,1,1,True,True,True
train/videos/2017-09-20_19-24-55/2017-09-20_19-24-55.mp4-bee_id_4846-56790-1.png,0,2,False,False,True
train/videos/2017-09-20_19-24-55/2017-09-20_19-24-55.mp4-bee_id_4847-56805-1.png,0,0,False,False,True
train/videos/2017-09-20_19-24-55/2017-09-20_19-24-55.mp4-bee_id_4848-56835-1.png,0,1,False,False,True
train/videos/2017-09-20_19-24-55/2017-09-20_19-24-55.mp4-bee_id_4849-56895-1.png,0,0,False,False,True
train/videos/2017-09-20_19-24-55/2017-09-20_19-24-55.mp4-bee_id_4850-56925-1.png,0,0,False,False,True
train/videos/2017-09-20_19-24-55/2017-09-20_19-24-55.mp4-bee_id_4851-56925-1.png,1,0,True,False,True
train/videos/2017-09-20_19-24-55/2017-09-20_19-24-55.mp4-bee_id_4853-57030-1.png,1,0,True,False,True
train/videos/2017-09-20_19-24-55/2017-09-20_19-24-55.mp4-bee_id_4854-57045-1.png,0,0,False,False,True
train/videos/2017-09-20_19-24-55/2017-09-20_19-24-55.mp4-bee_id_4855-57060-1.png,1,1,True,False,True
train/videos/2017-09-20_19-24-55/2017-09-20_19-24-55.mp4-bee_id_4856-57120-1.png,0,0,False,False,True
train/videos/2017-09-20_19-24-55/2017-09-20_19-24-55.mp4-bee_id_4857-57135-1.png,0,2,False,False,True
train/videos/2017-09-20_19-24-55/2017-09-20_19-24-55.mp4-bee_id_4858-57225-1.png,0,1,False,False,True
train/videos/2017-09-20_19-24-55/2017-09-20_19-24-55.mp4-bee_id_4859-57240-1.png,0,0,False,False,True
train/videos/2017-09-20_19-24-55/2017-09-20_19-24-55.mp4-bee_id_4860-57255-1.png,0,0,False,False,True
train/videos/2017-09-20_19-24-55/2017-09-20_19-24-55.mp4-bee_id_4861-57255-1.png,0,0,False,False,True
train/videos/2017-09-20_19-24-55/2017-09-20_19-24-55.mp4-bee_id_4862-57285-1.png,0,0,False,False,True
train/videos/2017-09-20_19-24-55/2017-09-20_19-24-55.mp4-bee_id_4863-57345-1.png,0,2,False,False,True
train/videos/2017-09-20_19-24-55/2017-09-20_19-24-55.mp4-bee_id_4864-57360-1.png,0,0,False,False,True
train/videos/2017-09-20_19-24-55/2017-09-20_19-24-55.mp4-bee_id_4865-57375-1.png,0,1,False,False,True
train/videos/2017-09-20_19-24-55/2017-09-20_19-24-55.mp4-bee_id_4866-57375-1.png,0,0,False,False,True
train/videos/2017-09-20_19-24-55/2017-09-20_19-24-55.mp4-bee_id_4867-57405-1.png,0,1,False,False,True
train/videos/2017-09-20_19-24-55/2017-09-20_19-24-55.mp4-bee_id_4868-57405-1.png,0,0,False,False,True
train/videos/2017-09-20_19-24-55/2017-09-20_19-24-55.mp4-bee_id_4869-57420-1.png,0,0,False,False,True
train/videos/2017-09-20_19-24-55/2017-09-20_19-24-55.mp4-bee_id_4870-57465-1.png,0,0,False,False,True
train/videos/2017-09-20_19-24-55/2017-09-20_19-24-55.mp4-bee_id_4871-57465-1.png,1,1,True,False,True
train/videos/2017-09-20_19-24-55/2017-09-20_19-24-55.mp4-bee_id_4872-57495-1.png,0,0,False,False,True
train/videos/2017-09-20_19-24-55/2017-09-20_19-24-55.mp4-bee_id_4873-57525-1.png,0,0,False,False,True
train/videos/2017-09-20_19-24-55/2017-09-20_19-24-55.mp4-bee_id_4874-57540-1.png,0,2,False,False,True
train/videos/2017-09-20_19-24-55/2017-09-20_19-24-55.mp4-bee_id_4875-57540-1.png,1,2,True,False,True
train/videos/2017-09-20_19-24-55/2017-09-20_19-24-55.mp4-bee_id_4876-57645-1.png,1,1,True,False,True
train/videos/2017-09-20_19-24-55/2017-09-20_19-24-55.mp4-bee_id_4877-57660-1.png,1,2,True,True,True
train/videos/2017-09-20_19-24-55/2017-09-20_19-24-55.mp4-bee_id_4880-57840-1.png,0,1,False,False,True
train/videos/2017-09-20_19-24-55/2017-09-20_19-24-55.mp4-bee_id_4881-57870-1.png,1,0,True,False,True
train/videos/2017-09-20_19-24-55/2017-09-20_19-24-55.mp4-bee_id_4882-57900-1.png,0,0,False,False,True
train/videos/2017-09-20_19-24-55/2017-09-20_19-24-55.mp4-bee_id_4883-57900-1.png,0,0,False,False,True
train/videos/2017-09-20_19-24-55/2017-09-20_19-24-55.mp4-bee_id_4884-57915-1.png,1,1,True,False,True
train/videos/2017-09-20_19-24-55/2017-09-20_19-24-55.mp4-bee_id_4885-57930-1.png,1,0,True,False,True
train/videos/2017-09-20_19-24-55/2017-09-20_19-24-55.mp4-bee_id_4886-57945-1.png,0,1,False,False,True
train/videos/2017-09-20_19-24-55/2017-09-20_19-24-55.mp4-bee_id_4887-57960-1.png,0,1,False,False,True
train/videos/2017-09-20_19-24-55/2017-09-20_19-24-55.mp4-bee_id_4888-58020-1.png,0,0,False,False,True
train/videos/2017-09-20_19-24-55/2017-09-20_19-24-55.mp4-bee_id_4889-58155-1.png,0,1,False,False,True
train/videos/2017-09-20_19-24-55/2017-09-20_19-24-55.mp4-bee_id_4890-58170-1.png,0,2,False,False,True
train/videos/2017-09-20_19-24-55/2017-09-20_19-24-55.mp4-bee_id_4891-58200-1.png,0,0,False,False,True
train/videos/2017-09-20_19-24-55/2017-09-20_19-24-55.mp4-bee_id_4893-58215-1.png,0,1,False,False,True
train/videos/2017-09-20_19-24-55/2017-09-20_19-24-55.mp4-bee_id_4894-58215-1.png,0,1,False,False,True
train/videos/2017-09-20_19-24-55/2017-09-20_19-24-55.mp4-bee_id_4895-58245-1.png,0,0,False,False,True
train/videos/2017-09-20_19-24-55/2017-09-20_19-24-55.mp4-bee_id_4896-58245-1.png,1,0,True,False,True
train/videos/2017-09-20_19-24-55/2017-09-20_19-24-55.mp4-bee_id_4897-58290-1.png,0,2,False,False,True
train/videos/2017-09-20_19-24-55/2017-09-20_19-24-55.mp4-bee_id_4898-58320-1.png,0,0,False,False,True
train/videos/2017-09-20_19-24-55/2017-09-20_19-24-55.mp4-bee_id_4899-58350-1.png,0,1,False,False,True
train/videos/2017-09-20_19-24-55/2017-09-20_19-24-55.mp4-bee_id_4901-58365-1.png,0,0,False,False,True
train/videos/2017-09-20_19-24-55/2017-09-20_19-24-55.mp4-bee_id_4902-58425-1.png,1,1,True,False,True
train/videos/2017-09-20_19-24-55/2017-09-20_19-24-55.mp4-bee_id_4903-58440-1.png,1,1,True,False,True
train/videos/2017-09-20_19-24-55/2017-09-20_19-24-55.mp4-bee_id_4904-58470-1.png,0,0,False,False,True
train/videos/2017-09-20_19-24-55/2017-09-20_19-24-55.mp4-bee_id_4905-58515-1.png,0,0,False,False,True
train/videos/2017-09-20_19-24-55/2017-09-20_19-24-55.mp4-bee_id_4906-58560-1.png,0,0,False,False,True
train/videos/2017-09-20_19-24-55/2017-09-20_19-24-55.mp4-bee_id_4907-58575-1.png,0,1,False,False,True
train/videos/2017-09-20_19-24-55/2017-09-20_19-24-55.mp4-bee_id_4908-58620-1.png,1,0,True,False,True
train/videos/2017-09-20_19-24-55/2017-09-20_19-24-55.mp4-bee_id_4909-58650-1.png,0,0,False,False,True
train/videos/2017-09-20_19-24-55/2017-09-20_19-24-55.mp4-bee_id_4911-58785-1.png,0,0,False,False,True
train/videos/2017-09-20_19-24-55/2017-09-20_19-24-55.mp4-bee_id_4912-58785-1.png,0,1,False,False,True
train/videos/2017-09-20_19-24-55/2017-09-20_19-24-55.mp4-bee_id_4913-58800-1.png,0,0,False,False,True
train/videos/2017-09-20_19-24-55/2017-09-20_19-24-55.mp4-bee_id_4914-58800-1.png,0,0,False,False,True
train/videos/2017-09-20_19-24-55/2017-09-20_19-24-55.mp4-bee_id_4915-58815-1.png,0,0,False,False,True
train/videos/2017-09-20_19-24-55/2017-09-20_19-24-55.mp4-bee_id_4916-58830-1.png,0,0,False,False,True
train/videos/2017-09-20_19-24-55/2017-09-20_19-24-55.mp4-bee_id_4917-58830-1.png,0,0,False,False,True
train/videos/2017-09-20_19-24-55/2017-09-20_19-24-55.mp4-bee_id_4918-58845-1.png,0,0,False,False,True
train/videos/2017-09-20_19-24-55/2017-09-20_19-24-55.mp4-bee_id_4919-58875-1.png,1,0,True,False,True
train/videos/2017-09-20_19-24-55/2017-09-20_19-24-55.mp4-bee_id_4920-58890-1.png,0,0,False,False,True
train/videos/2017-09-20_19-24-55/2017-09-20_19-24-55.mp4-bee_id_4921-58890-1.png,0,0,False,False,True
train/videos/2017-09-20_19-24-55/2017-09-20_19-24-55.mp4-bee_id_4922-58890-1.png,0,0,False,False,True
train/videos/2017-09-20_19-24-55/2017-09-20_19-24-55.mp4-bee_id_4923-58950-1.png,0,0,False,False,True
train/videos/2017-09-20_19-24-55/2017-09-20_19-24-55.mp4-bee_id_4924-58965-1.png,0,1,False,False,True
train/videos/2017-09-20_19-24-55/2017-09-20_19-24-55.mp4-bee_id_4925-58995-1.png,0,1,False,False,True
train/videos/2017-09-20_19-24-55/2017-09-20_19-24-55.mp4-bee_id_4926-59010-1.png,0,0,False,False,True
train/videos/2017-09-20_19-24-55/2017-09-20_19-24-55.mp4-bee_id_4929-59100-1.png,0,0,False,False,True
train/videos/2017-09-20_19-24-55/2017-09-20_19-24-55.mp4-bee_id_4930-59115-1.png,1,0,True,False,True
train/videos/2017-09-20_19-24-55/2017-09-20_19-24-55.mp4-bee_id_4931-59115-1.png,1,1,True,True,True
train/videos/2017-09-20_19-24-55/2017-09-20_19-24-55.mp4-bee_id_4932-59130-1.png,0,1,False,False,True
train/videos/2017-09-20_19-24-55/2017-09-20_19-24-55.mp4-bee_id_4933-59130-1.png,1,1,True,True,True
train/videos/2017-09-20_19-24-55/2017-09-20_19-24-55.mp4-bee_id_4934-59160-1.png,0,0,False,False,True
train/videos/2017-09-20_19-24-55/2017-09-20_19-24-55.mp4-bee_id_4935-59175-1.png,0,0,False,False,True
train/videos/2017-09-20_19-24-55/2017-09-20_19-24-55.mp4-bee_id_4936-59190-1.png,0,0,False,False,True
train/videos/2017-09-20_19-24-55/2017-09-20_19-24-55.mp4-bee_id_4937-59205-1.png,0,1,False,False,True
train/videos/2017-09-20_19-24-55/2017-09-20_19-24-55.mp4-bee_id_4938-59265-1.png,0,0,False,False,True
train/videos/2017-09-20_19-24-55/2017-09-20_19-24-55.mp4-bee_id_4939-59295-1.png,1,1,True,True,True
train/videos/2017-09-20_19-24-55/2017-09-20_19-24-55.mp4-bee_id_4941-59340-1.png,0,0,False,False,True
train/videos/2017-09-20_19-24-55/2017-09-20_19-24-55.mp4-bee_id_4942-59355-1.png,1,2,True,True,True
train/videos/2017-09-20_19-24-55/2017-09-20_19-24-55.mp4-bee_id_4943-59370-1.png,1,2,True,True,True
train/videos/2017-09-20_19-24-55/2017-09-20_19-24-55.mp4-bee_id_4944-59400-1.png,0,0,False,False,True
train/videos/2017-09-20_19-24-55/2017-09-20_19-24-55.mp4-bee_id_4945-59430-1.png,0,1,False,False,True
train/videos/2017-09-20_19-24-55/2017-09-20_19-24-55.mp4-bee_id_4946-59430-1.png,0,0,False,False,True
train/videos/2017-09-20_19-24-55/2017-09-20_19-24-55.mp4-bee_id_4947-59445-1.png,0,2,False,False,True
train/videos/2017-09-20_19-24-55/2017-09-20_19-24-55.mp4-bee_id_4948-59460-1.png,0,0,False,False,True
train/videos/2017-09-20_19-24-55/2017-09-20_19-24-55.mp4-bee_id_4949-59475-1.png,0,0,False,False,True
train/videos/2017-09-20_19-24-55/2017-09-20_19-24-55.mp4-bee_id_4951-59550-1.png,0,0,False,False,True
train/videos/2017-09-20_19-24-55/2017-09-20_19-24-55.mp4-bee_id_4953-59610-1.png,0,0,False,False,True
train/videos/2017-09-20_19-24-55/2017-09-20_19-24-55.mp4-bee_id_4954-59610-1.png,0,0,False,False,True
train/videos/2017-09-20_19-24-55/2017-09-20_19-24-55.mp4-bee_id_4955-59670-1.png,0,0,False,False,True
train/videos/2017-09-20_19-24-55/2017-09-20_19-24-55.mp4-bee_id_4956-59745-1.png,0,0,False,False,True
train/videos/2017-09-20_19-24-55/2017-09-20_19-24-55.mp4-bee_id_4957-59760-1.png,0,1,False,False,True
train/videos/2017-09-20_19-24-55/2017-09-20_19-24-55.mp4-bee_id_4959-59835-1.png,0,0,False,False,True
train/videos/2017-09-20_19-24-55/2017-09-20_19-24-55.mp4-bee_id_4960-59850-1.png,0,0,False,False,True
train/videos/2017-09-20_19-24-55/2017-09-20_19-24-55.mp4-bee_id_4961-59865-1.png,1,0,True,False,True
train/videos/2017-09-20_19-24-55/2017-09-20_19-24-55.mp4-bee_id_4962-59895-1.png,0,0,False,False,True
train/videos/2017-09-20_19-24-55/2017-09-20_19-24-55.mp4-bee_id_4963-59940-1.png,1,0,True,False,True
train/videos/2017-09-20_19-24-55/2017-09-20_19-24-55.mp4-bee_id_4964-60000-1.png,1,0,True,False,True
train/videos/2017-09-20_19-24-55/2017-09-20_19-24-55.mp4-bee_id_4965-60015-1.png,0,0,False,False,True
train/videos/2017-09-20_19-24-55/2017-09-20_19-24-55.mp4-bee_id_4966-60075-1.png,1,1,True,False,True
train/videos/2017-09-20_19-24-55/2017-09-20_19-24-55.mp4-bee_id_4967-60120-1.png,0,1,False,False,True
train/videos/2017-09-20_19-24-55/2017-09-20_19-24-55.mp4-bee_id_4968-60120-1.png,0,0,False,False,True
train/videos/2017-09-20_19-24-55/2017-09-20_19-24-55.mp4-bee_id_4969-60135-1.png,0,0,False,False,True
train/videos/2017-09-20_19-24-55/2017-09-20_19-24-55.mp4-bee_id_4970-60195-1.png,0,1,False,False,True
train/videos/2017-09-20_19-24-55/2017-09-20_19-24-55.mp4-bee_id_4971-60225-1.png,1,0,True,False,True
train/videos/2017-09-20_19-24-55/2017-09-20_19-24-55.mp4-bee_id_4972-60240-1.png,1,0,True,False,True
train/videos/2017-09-20_19-24-55/2017-09-20_19-24-55.mp4-bee_id_4973-60255-1.png,1,0,True,False,True
train/videos/2017-09-20_19-24-55/2017-09-20_19-24-55.mp4-bee_id_4974-60285-1.png,0,1,False,False,True
train/videos/2017-09-20_19-24-55/2017-09-20_19-24-55.mp4-bee_id_4975-60300-1.png,0,2,False,False,True
train/videos/2017-09-20_19-24-55/2017-09-20_19-24-55.mp4-bee_id_4976-60345-1.png,0,0,False,False,True
train/videos/2017-09-20_19-24-55/2017-09-20_19-24-55.mp4-bee_id_4977-60375-1.png,1,1,True,False,True
train/videos/2017-09-20_19-24-55/2017-09-20_19-24-55.mp4-bee_id_4978-60450-1.png,1,0,True,False,True
train/videos/2017-09-20_19-24-55/2017-09-20_19-24-55.mp4-bee_id_4979-60480-1.png,0,2,False,False,True
train/videos/2017-09-20_19-24-55/2017-09-20_19-24-55.mp4-bee_id_4980-60495-1.png,0,0,False,False,True
train/videos/2017-09-20_19-24-55/2017-09-20_19-24-55.mp4-bee_id_4981-60540-1.png,0,1,False,False,True
train/videos/2017-09-20_19-24-55/2017-09-20_19-24-55.mp4-bee_id_4982-60555-1.png,0,1,False,False,True
train/videos/2017-09-20_19-24-55/2017-09-20_19-24-55.mp4-bee_id_4983-60570-1.png,1,0,True,False,True
train/videos/2017-09-20_19-24-55/2017-09-20_19-24-55.mp4-bee_id_4984-60570-1.png,0,1,False,False,True
train/videos/2017-09-20_19-24-55/2017-09-20_19-24-55.mp4-bee_id_4985-60570-1.png,0,0,False,False,True
train/videos/2017-09-20_19-24-55/2017-09-20_19-24-55.mp4-bee_id_4986-60585-1.png,0,0,False,False,True
train/videos/2017-09-20_19-24-55/2017-09-20_19-24-55.mp4-bee_id_4987-60675-1.png,1,0,True,False,True
train/videos/2017-09-20_19-24-55/2017-09-20_19-24-55.mp4-bee_id_4988-60690-1.png,0,0,False,False,True
train/videos/2017-09-20_19-24-55/2017-09-20_19-24-55.mp4-bee_id_4989-60690-1.png,0,0,False,False,True
train/videos/2017-09-20_19-24-55/2017-09-20_19-24-55.mp4-bee_id_4990-60735-1.png,1,0,True,False,True
train/videos/2017-09-20_19-24-55/2017-09-20_19-24-55.mp4-bee_id_4991-60735-1.png,1,0,True,False,True
train/videos/2017-09-20_19-24-55/2017-09-20_19-24-55.mp4-bee_id_4992-60765-1.png,0,0,False,False,True
train/videos/2017-09-20_19-24-55/2017-09-20_19-24-55.mp4-bee_id_4993-60795-1.png,1,2,True,False,True
train/videos/2017-09-20_19-24-55/2017-09-20_19-24-55.mp4-bee_id_4994-60840-1.png,1,2,True,True,True
train/videos/2017-09-20_19-24-55/2017-09-20_19-24-55.mp4-bee_id_4995-60870-1.png,1,0,True,False,True
train/videos/2017-09-20_19-24-55/2017-09-20_19-24-55.mp4-bee_id_4996-60870-1.png,0,1,False,False,True
train/videos/2017-09-20_19-24-55/2017-09-20_19-24-55.mp4-bee_id_4997-60885-1.png,1,1,True,False,True
train/videos/2017-09-20_19-24-55/2017-09-20_19-24-55.mp4-bee_id_4998-60915-1.png,0,0,False,False,True
train/videos/2017-09-20_19-24-55/2017-09-20_19-24-55.mp4-bee_id_4999-61035-1.png,0,0,False,False,True
train/videos/2017-09-20_19-24-55/2017-09-20_19-24-55.mp4-bee_id_5001-61065-1.png,0,0,False,False,True
train/videos/2017-09-20_19-24-55/2017-09-20_19-24-55.mp4-bee_id_5002-61080-1.png,0,1,False,False,True
train/videos/2017-09-20_19-24-55/2017-09-20_19-24-55.mp4-bee_id_5003-61095-1.png,0,0,False,False,True
train/videos/2017-09-20_19-24-55/2017-09-20_19-24-55.mp4-bee_id_5004-61095-1.png,0,0,False,False,True
train/videos/2017-09-20_19-24-55/2017-09-20_19-24-55.mp4-bee_id_5005-61200-1.png,0,0,False,False,True
train/videos/2017-09-20_19-24-55/2017-09-20_19-24-55.mp4-bee_id_5006-61260-1.png,0,1,False,False,True
train/videos/2017-09-20_19-24-55/2017-09-20_19-24-55.mp4-bee_id_5007-61290-1.png,1,1,True,True,True
train/videos/2017-09-20_19-24-55/2017-09-20_19-24-55.mp4-bee_id_5008-61305-1.png,1,1,True,False,True
train/videos/2017-09-20_19-24-55/2017-09-20_19-24-55.mp4-bee_id_5009-61320-1.png,0,0,False,False,True
train/videos/2017-09-20_19-24-55/2017-09-20_19-24-55.mp4-bee_id_5010-61335-1.png,0,0,False,False,True
train/videos/2017-09-20_19-24-55/2017-09-20_19-24-55.mp4-bee_id_5011-61350-1.png,0,0,False,False,True
train/videos/2017-09-20_19-24-55/2017-09-20_19-24-55.mp4-bee_id_5012-61365-1.png,0,0,False,False,True
train/videos/2017-09-20_19-24-55/2017-09-20_19-24-55.mp4-bee_id_5013-61365-1.png,0,0,False,False,True
train/videos/2017-09-20_19-24-55/2017-09-20_19-24-55.mp4-bee_id_5014-61365-1.png,1,0,True,False,True
train/videos/2017-09-20_19-24-55/2017-09-20_19-24-55.mp4-bee_id_5015-61410-1.png,1,0,True,False,True
train/videos/2017-09-20_19-24-55/2017-09-20_19-24-55.mp4-bee_id_5016-61455-1.png,0,0,False,False,True
train/videos/2017-09-20_19-24-55/2017-09-20_19-24-55.mp4-bee_id_5017-61470-1.png,0,0,False,False,True
train/videos/2017-09-20_19-24-55/2017-09-20_19-24-55.mp4-bee_id_5018-61485-1.png,0,0,False,False,True
train/videos/2017-09-20_19-24-55/2017-09-20_19-24-55.mp4-bee_id_5019-61485-1.png,1,0,True,False,True
train/videos/2017-09-20_19-24-55/2017-09-20_19-24-55.mp4-bee_id_5020-61485-1.png,0,2,False,False,True
train/videos/2017-09-20_19-24-55/2017-09-20_19-24-55.mp4-bee_id_5021-61515-1.png,1,1,True,True,True
train/videos/2017-09-20_19-24-55/2017-09-20_19-24-55.mp4-bee_id_5022-61515-1.png,0,0,False,False,True
train/videos/2017-09-20_19-24-55/2017-09-20_19-24-55.mp4-bee_id_5023-61560-1.png,1,1,True,False,True
train/videos/2017-09-20_19-24-55/2017-09-20_19-24-55.mp4-bee_id_5025-61575-1.png,0,0,False,False,True
train/videos/2017-09-20_19-24-55/2017-09-20_19-24-55.mp4-bee_id_5026-61590-1.png,0,1,False,False,True
train/videos/2017-09-20_19-24-55/2017-09-20_19-24-55.mp4-bee_id_5028-61680-1.png,1,2,True,True,True
train/videos/2017-09-20_19-24-55/2017-09-20_19-24-55.mp4-bee_id_5029-61740-1.png,0,1,False,False,True
train/videos/2017-09-20_19-24-55/2017-09-20_19-24-55.mp4-bee_id_5030-61785-1.png,0,1,False,False,True
train/videos/2017-09-20_19-24-55/2017-09-20_19-24-55.mp4-bee_id_5031-61800-1.png,0,0,False,False,True
train/videos/2017-09-20_19-24-55/2017-09-20_19-24-55.mp4-bee_id_5032-61800-1.png,0,1,False,False,True
train/videos/2017-09-20_19-24-55/2017-09-20_19-24-55.mp4-bee_id_5033-61815-1.png,1,1,True,False,True
train/videos/2017-09-20_19-24-55/2017-09-20_19-24-55.mp4-bee_id_5034-61860-1.png,1,1,True,True,True
train/videos/2017-09-20_19-24-55/2017-09-20_19-24-55.mp4-bee_id_5035-61875-1.png,1,1,True,False,True
train/videos/2017-09-20_19-24-55/2017-09-20_19-24-55.mp4-bee_id_5036-61890-1.png,1,1,True,True,True
train/videos/2017-09-20_19-24-55/2017-09-20_19-24-55.mp4-bee_id_5037-61890-1.png,1,0,True,False,True
train/videos/2017-09-20_19-24-55/2017-09-20_19-24-55.mp4-bee_id_5038-61905-1.png,1,0,True,False,True
train/videos/2017-09-20_19-24-55/2017-09-20_19-24-55.mp4-bee_id_5039-61935-1.png,0,0,False,False,True
train/videos/2017-09-20_19-24-55/2017-09-20_19-24-55.mp4-bee_id_5040-61980-1.png,1,0,True,False,True
train/videos/2017-09-20_19-24-55/2017-09-20_19-24-55.mp4-bee_id_5041-61995-1.png,0,0,False,False,True
train/videos/2017-09-20_19-24-55/2017-09-20_19-24-55.mp4-bee_id_5042-62025-1.png,1,0,True,False,True
train/videos/2017-09-20_19-24-55/2017-09-20_19-24-55.mp4-bee_id_5043-62145-1.png,1,0,True,False,True
train/videos/2017-09-20_19-24-55/2017-09-20_19-24-55.mp4-bee_id_5044-62160-1.png,1,2,True,False,True
train/videos/2017-09-20_19-24-55/2017-09-20_19-24-55.mp4-bee_id_5045-62160-1.png,0,0,False,False,True
train/videos/2017-09-20_19-24-55/2017-09-20_19-24-55.mp4-bee_id_5046-62205-1.png,0,0,False,False,True
train/videos/2017-09-20_19-24-55/2017-09-20_19-24-55.mp4-bee_id_5047-62220-1.png,0,1,False,False,True
train/videos/2017-09-20_19-24-55/2017-09-20_19-24-55.mp4-bee_id_5049-62235-1.png,0,0,False,False,True
train/videos/2017-09-20_19-24-55/2017-09-20_19-24-55.mp4-bee_id_5050-62265-1.png,0,0,False,False,True
train/videos/2017-09-20_19-24-55/2017-09-20_19-24-55.mp4-bee_id_5051-62295-1.png,1,0,True,False,True
train/videos/2017-09-20_19-24-55/2017-09-20_19-24-55.mp4-bee_id_5052-62310-1.png,0,2,False,False,True
train/videos/2017-09-20_19-24-55/2017-09-20_19-24-55.mp4-bee_id_5053-62340-1.png,1,2,True,True,True
train/videos/2017-09-20_19-24-55/2017-09-20_19-24-55.mp4-bee_id_5054-62385-1.png,0,2,False,False,True
train/videos/2017-09-20_19-24-55/2017-09-20_19-24-55.mp4-bee_id_5055-62385-1.png,1,2,True,True,True
train/videos/2017-09-20_19-24-55/2017-09-20_19-24-55.mp4-bee_id_5056-62385-1.png,0,0,False,False,True
train/videos/2017-09-20_19-24-55/2017-09-20_19-24-55.mp4-bee_id_5057-62415-1.png,0,0,False,False,True
train/videos/2017-09-20_19-24-55/2017-09-20_19-24-55.mp4-bee_id_5058-62430-1.png,0,1,False,False,True
train/videos/2017-09-20_19-24-55/2017-09-20_19-24-55.mp4-bee_id_5059-62475-1.png,1,1,True,False,True
train/videos/2017-09-20_19-24-55/2017-09-20_19-24-55.mp4-bee_id_5060-62490-1.png,1,1,True,False,True
train/videos/2017-09-20_19-24-55/2017-09-20_19-24-55.mp4-bee_id_5061-62520-1.png,1,2,True,True,True
train/videos/2017-09-20_19-24-55/2017-09-20_19-24-55.mp4-bee_id_5062-62535-1.png,0,0,False,False,True
train/videos/2017-09-20_19-24-55/2017-09-20_19-24-55.mp4-bee_id_5063-62535-1.png,0,1,False,False,True
train/videos/2017-09-20_19-24-55/2017-09-20_19-24-55.mp4-bee_id_5064-62565-1.png,1,1,True,True,True
train/videos/2017-09-20_19-24-55/2017-09-20_19-24-55.mp4-bee_id_5065-62640-1.png,1,2,True,True,True
train/videos/2017-09-20_19-24-55/2017-09-20_19-24-55.mp4-bee_id_5066-62640-1.png,0,0,False,False,True
train/videos/2017-09-20_19-24-55/2017-09-20_19-24-55.mp4-bee_id_5067-62640-1.png,0,0,False,False,True
train/videos/2017-09-20_19-24-55/2017-09-20_19-24-55.mp4-bee_id_5068-62700-1.png,1,2,True,True,True
train/videos/2017-09-20_19-24-55/2017-09-20_19-24-55.mp4-bee_id_5069-62745-1.png,0,1,False,False,True
train/videos/2017-09-20_19-24-55/2017-09-20_19-24-55.mp4-bee_id_5070-62820-1.png,0,0,False,False,True
train/videos/2017-09-20_19-24-55/2017-09-20_19-24-55.mp4-bee_id_5071-62955-1.png,0,1,False,False,True
train/videos/2017-09-20_19-24-55/2017-09-20_19-24-55.mp4-bee_id_5072-63060-1.png,0,0,False,False,True
train/videos/2017-09-20_19-24-55/2017-09-20_19-24-55.mp4-bee_id_5073-63060-1.png,1,0,True,False,True
train/videos/2017-09-20_19-24-55/2017-09-20_19-24-55.mp4-bee_id_5074-63060-1.png,0,0,False,False,True
train/videos/2017-09-20_19-24-55/2017-09-20_19-24-55.mp4-bee_id_5075-63090-1.png,0,0,False,False,True
train/videos/2017-09-20_19-24-55/2017-09-20_19-24-55.mp4-bee_id_5076-63105-1.png,0,1,False,False,True
train/videos/2017-09-20_19-24-55/2017-09-20_19-24-55.mp4-bee_id_5077-63120-1.png,0,1,False,False,True
train/videos/2017-09-20_19-24-55/2017-09-20_19-24-55.mp4-bee_id_5078-63135-1.png,0,2,False,False,True
train/videos/2017-09-20_19-24-55/2017-09-20_19-24-55.mp4-bee_id_5079-63165-1.png,1,0,True,False,True
train/videos/2017-09-20_19-24-55/2017-09-20_19-24-55.mp4-bee_id_5080-63180-1.png,1,0,True,False,True
train/videos/2017-09-20_19-24-55/2017-09-20_19-24-55.mp4-bee_id_5081-63210-1.png,1,2,True,True,True
train/videos/2017-09-20_19-24-55/2017-09-20_19-24-55.mp4-bee_id_5083-63225-1.png,1,1,True,True,True
train/videos/2017-09-20_19-24-55/2017-09-20_19-24-55.mp4-bee_id_5084-63240-1.png,1,1,True,False,True
train/videos/2017-09-20_19-24-55/2017-09-20_19-24-55.mp4-bee_id_5085-63255-1.png,1,1,True,True,True
train/videos/2017-09-20_19-24-55/2017-09-20_19-24-55.mp4-bee_id_5086-63345-1.png,0,0,False,False,True
train/videos/2017-09-20_19-24-55/2017-09-20_19-24-55.mp4-bee_id_5087-63360-1.png,0,1,False,False,True
train/videos/2017-09-20_19-24-55/2017-09-20_19-24-55.mp4-bee_id_5088-63375-1.png,1,2,True,False,True
train/videos/2017-09-20_19-24-55/2017-09-20_19-24-55.mp4-bee_id_5089-63375-1.png,0,1,False,False,True
train/videos/2017-09-20_19-24-55/2017-09-20_19-24-55.mp4-bee_id_5090-63390-1.png,0,0,False,False,True
train/videos/2017-09-20_19-24-55/2017-09-20_19-24-55.mp4-bee_id_5091-63450-1.png,1,0,True,False,True
train/videos/2017-09-20_19-24-55/2017-09-20_19-24-55.mp4-bee_id_5092-63480-1.png,1,1,True,True,True
train/videos/2017-09-20_19-24-55/2017-09-20_19-24-55.mp4-bee_id_5093-63510-1.png,1,1,True,True,True
train/videos/2017-09-20_19-24-55/2017-09-20_19-24-55.mp4-bee_id_5094-63525-1.png,0,1,False,False,True
train/videos/2017-09-20_19-24-55/2017-09-20_19-24-55.mp4-bee_id_5095-63540-1.png,0,1,False,False,True
train/videos/2017-09-20_19-24-55/2017-09-20_19-24-55.mp4-bee_id_5096-63570-1.png,0,2,False,False,True
train/videos/2017-09-20_19-24-55/2017-09-20_19-24-55.mp4-bee_id_5097-63585-1.png,0,1,False,False,True
train/videos/2017-09-20_19-24-55/2017-09-20_19-24-55.mp4-bee_id_5098-63615-1.png,0,0,False,False,True
train/videos/2017-09-20_19-24-55/2017-09-20_19-24-55.mp4-bee_id_5099-63645-1.png,0,0,False,False,True
train/videos/2017-09-20_19-24-55/2017-09-20_19-24-55.mp4-bee_id_5100-63660-1.png,0,0,False,False,True
train/videos/2017-09-20_19-24-55/2017-09-20_19-24-55.mp4-bee_id_5101-63705-1.png,1,1,True,True,True
train/videos/2017-09-20_19-24-55/2017-09-20_19-24-55.mp4-bee_id_5102-63750-1.png,1,0,True,False,True
train/videos/2017-09-20_19-24-55/2017-09-20_19-24-55.mp4-bee_id_5103-63750-1.png,0,2,False,False,True
train/videos/2017-09-20_19-24-55/2017-09-20_19-24-55.mp4-bee_id_5104-63765-1.png,0,0,False,False,True
train/videos/2017-09-20_19-24-55/2017-09-20_19-24-55.mp4-bee_id_5105-63780-1.png,0,1,False,False,True
train/videos/2017-09-20_19-24-55/2017-09-20_19-24-55.mp4-bee_id_5106-63795-1.png,1,0,True,False,True
train/videos/2017-09-20_19-24-55/2017-09-20_19-24-55.mp4-bee_id_5107-63825-1.png,0,2,False,False,True
train/videos/2017-09-20_19-24-55/2017-09-20_19-24-55.mp4-bee_id_5108-63840-1.png,0,1,False,False,True
train/videos/2017-09-20_19-24-55/2017-09-20_19-24-55.mp4-bee_id_5109-63855-1.png,0,0,False,False,True
train/videos/2017-09-20_19-24-55/2017-09-20_19-24-55.mp4-bee_id_5110-63885-1.png,1,2,True,True,True
train/videos/2017-09-20_19-24-55/2017-09-20_19-24-55.mp4-bee_id_5111-63915-1.png,1,0,True,False,True
train/videos/2017-09-20_19-24-55/2017-09-20_19-24-55.mp4-bee_id_5112-63930-1.png,0,1,False,False,True
train/videos/2017-09-20_19-24-55/2017-09-20_19-24-55.mp4-bee_id_5113-63990-1.png,0,2,False,False,True
train/videos/2017-09-20_19-24-55/2017-09-20_19-24-55.mp4-bee_id_5114-64020-1.png,1,0,True,False,True
train/videos/2017-09-20_19-24-55/2017-09-20_19-24-55.mp4-bee_id_5115-64035-1.png,0,0,False,False,True
train/videos/2017-09-20_19-24-55/2017-09-20_19-24-55.mp4-bee_id_5116-64095-1.png,0,0,False,False,True
train/videos/2017-09-20_19-24-55/2017-09-20_19-24-55.mp4-bee_id_5117-64125-1.png,1,0,True,False,True
train/videos/2017-09-20_19-24-55/2017-09-20_19-24-55.mp4-bee_id_5118-64155-1.png,0,1,False,False,True
train/videos/2017-09-20_19-24-55/2017-09-20_19-24-55.mp4-bee_id_5119-64185-1.png,1,0,True,False,True
train/videos/2017-09-20_19-24-55/2017-09-20_19-24-55.mp4-bee_id_5120-64215-1.png,0,0,False,False,True
train/videos/2017-09-20_19-24-55/2017-09-20_19-24-55.mp4-bee_id_5121-64245-1.png,1,1,True,False,True
train/videos/2017-09-20_19-24-55/2017-09-20_19-24-55.mp4-bee_id_5122-64275-1.png,0,1,False,False,True
train/videos/2017-09-20_19-24-55/2017-09-20_19-24-55.mp4-bee_id_5123-64305-1.png,0,0,False,False,True
train/videos/2017-09-20_19-24-55/2017-09-20_19-24-55.mp4-bee_id_5124-64350-1.png,0,0,False,False,True
train/videos/2017-09-20_19-24-55/2017-09-20_19-24-55.mp4-bee_id_5125-64380-1.png,0,1,False,False,True
train/videos/2017-09-20_19-24-55/2017-09-20_19-24-55.mp4-bee_id_5126-64395-1.png,0,0,False,False,True
train/videos/2017-09-20_19-24-55/2017-09-20_19-24-55.mp4-bee_id_5127-64410-1.png,0,0,False,False,True
train/videos/2017-09-20_19-24-55/2017-09-20_19-24-55.mp4-bee_id_5128-64425-1.png,0,0,False,False,True
train/videos/2017-09-20_19-24-55/2017-09-20_19-24-55.mp4-bee_id_5129-64425-1.png,0,0,False,False,True
train/videos/2017-09-20_19-24-55/2017-09-20_19-24-55.mp4-bee_id_5130-64440-1.png,0,1,False,False,True
train/videos/2017-09-20_19-24-55/2017-09-20_19-24-55.mp4-bee_id_5131-64455-1.png,0,1,False,False,True
train/videos/2017-09-20_19-24-55/2017-09-20_19-24-55.mp4-bee_id_5132-64455-1.png,0,0,False,False,True
train/videos/2017-09-20_19-24-55/2017-09-20_19-24-55.mp4-bee_id_5133-64500-1.png,0,0,False,False,True
train/videos/2017-09-20_19-24-55/2017-09-20_19-24-55.mp4-bee_id_5134-64500-1.png,0,1,False,False,True
train/videos/2017-09-20_19-24-55/2017-09-20_19-24-55.mp4-bee_id_5135-64515-1.png,0,1,False,False,True
train/videos/2017-09-20_19-24-55/2017-09-20_19-24-55.mp4-bee_id_5136-64530-1.png,0,0,False,False,True
train/videos/2017-09-20_19-24-55/2017-09-20_19-24-55.mp4-bee_id_5137-64545-1.png,1,0,True,False,True
train/videos/2017-09-20_19-24-55/2017-09-20_19-24-55.mp4-bee_id_5138-64575-1.png,0,1,False,False,True
train/videos/2017-09-20_19-24-55/2017-09-20_19-24-55.mp4-bee_id_5139-64590-1.png,0,0,False,False,True
train/videos/2017-09-20_19-24-55/2017-09-20_19-24-55.mp4-bee_id_5140-64635-1.png,0,1,False,False,True
train/videos/2017-09-20_19-24-55/2017-09-20_19-24-55.mp4-bee_id_5141-64650-1.png,0,0,False,False,True
train/videos/2017-09-20_19-24-55/2017-09-20_19-24-55.mp4-bee_id_5142-64680-1.png,1,0,True,False,True
train/videos/2017-09-20_19-24-55/2017-09-20_19-24-55.mp4-bee_id_5143-64695-1.png,1,0,True,False,True
train/videos/2017-09-20_19-24-55/2017-09-20_19-24-55.mp4-bee_id_5144-64710-1.png,0,1,False,False,True
train/videos/2017-09-20_19-24-55/2017-09-20_19-24-55.mp4-bee_id_5145-64710-1.png,0,1,False,False,True
train/videos/2017-09-20_19-24-55/2017-09-20_19-24-55.mp4-bee_id_5146-64800-1.png,0,0,False,False,True
train/videos/2017-09-20_19-24-55/2017-09-20_19-24-55.mp4-bee_id_5147-64815-1.png,1,1,True,False,True
train/videos/2017-09-20_19-24-55/2017-09-20_19-24-55.mp4-bee_id_5148-64845-1.png,1,0,True,False,True
train/videos/2017-09-20_19-24-55/2017-09-20_19-24-55.mp4-bee_id_5149-64890-1.png,0,0,False,False,True
train/videos/2017-09-20_19-24-55/2017-09-20_19-24-55.mp4-bee_id_5150-64905-1.png,0,1,False,False,True
train/videos/2017-09-20_19-24-55/2017-09-20_19-24-55.mp4-bee_id_5151-64920-1.png,0,2,False,False,True
train/videos/2017-09-20_19-24-55/2017-09-20_19-24-55.mp4-bee_id_5152-64950-1.png,0,1,False,False,True
train/videos/2017-09-20_19-24-55/2017-09-20_19-24-55.mp4-bee_id_5153-64965-1.png,0,0,False,False,True
train/videos/2017-09-20_19-24-55/2017-09-20_19-24-55.mp4-bee_id_5154-65115-1.png,0,1,False,False,True
train/videos/2017-09-20_19-24-55/2017-09-20_19-24-55.mp4-bee_id_5156-65130-1.png,0,0,False,False,True
train/videos/2017-09-20_19-24-55/2017-09-20_19-24-55.mp4-bee_id_5157-65130-1.png,0,1,False,False,True
train/videos/2017-09-20_19-24-55/2017-09-20_19-24-55.mp4-bee_id_5158-65220-1.png,0,0,False,False,True
train/videos/2017-09-20_19-24-55/2017-09-20_19-24-55.mp4-bee_id_5160-65250-1.png,1,2,True,True,True
train/videos/2017-09-20_19-24-55/2017-09-20_19-24-55.mp4-bee_id_5161-65250-1.png,0,2,False,False,True
train/videos/2017-09-20_19-24-55/2017-09-20_19-24-55.mp4-bee_id_5162-65250-1.png,1,0,True,False,True
train/videos/2017-09-20_19-24-55/2017-09-20_19-24-55.mp4-bee_id_5163-65280-1.png,0,0,False,False,True
train/videos/2017-09-20_19-24-55/2017-09-20_19-24-55.mp4-bee_id_5165-65310-1.png,1,1,True,False,True
train/videos/2017-09-20_19-24-55/2017-09-20_19-24-55.mp4-bee_id_5166-65325-1.png,0,1,False,False,True
train/videos/2017-09-20_19-24-55/2017-09-20_19-24-55.mp4-bee_id_5167-65325-1.png,1,2,True,True,True
train/videos/2017-09-20_19-24-55/2017-09-20_19-24-55.mp4-bee_id_5168-65325-1.png,0,1,False,False,True
train/videos/2017-09-20_19-24-55/2017-09-20_19-24-55.mp4-bee_id_5169-65385-1.png,0,0,False,False,True
train/videos/2017-09-20_19-24-55/2017-09-20_19-24-55.mp4-bee_id_5170-65385-1.png,0,0,False,False,True
train/videos/2017-09-20_19-24-55/2017-09-20_19-24-55.mp4-bee_id_5172-65400-1.png,0,0,False,False,True
train/videos/2017-09-20_19-24-55/2017-09-20_19-24-55.mp4-bee_id_5173-65415-1.png,0,0,False,False,True
train/videos/2017-09-20_19-24-55/2017-09-20_19-24-55.mp4-bee_id_5174-65460-1.png,0,0,False,False,True
train/videos/2017-09-20_19-24-55/2017-09-20_19-24-55.mp4-bee_id_5175-65535-1.png,0,0,False,False,True
train/videos/2017-09-20_19-24-55/2017-09-20_19-24-55.mp4-bee_id_5176-65580-1.png,0,0,False,False,True
train/videos/2017-09-20_19-24-55/2017-09-20_19-24-55.mp4-bee_id_5177-65595-1.png,0,1,False,False,True
train/videos/2017-09-20_19-24-55/2017-09-20_19-24-55.mp4-bee_id_5178-65805-1.png,0,2,False,False,True
train/videos/2017-09-20_19-24-55/2017-09-20_19-24-55.mp4-bee_id_5179-65835-1.png,0,1,False,False,True
train/videos/2017-09-20_19-24-55/2017-09-20_19-24-55.mp4-bee_id_5180-65850-1.png,0,0,False,False,True
train/videos/2017-09-20_19-24-55/2017-09-20_19-24-55.mp4-bee_id_5181-65850-1.png,0,0,False,False,True
train/videos/2017-09-20_19-24-55/2017-09-20_19-24-55.mp4-bee_id_5182-65910-1.png,1,1,True,True,True
train/videos/2017-09-20_19-24-55/2017-09-20_19-24-55.mp4-bee_id_5183-65910-1.png,0,1,False,False,True
train/videos/2017-09-20_19-24-55/2017-09-20_19-24-55.mp4-bee_id_5184-65955-1.png,1,0,True,False,True
train/videos/2017-09-20_19-24-55/2017-09-20_19-24-55.mp4-bee_id_5185-66075-1.png,1,2,True,False,True
train/videos/2017-09-20_19-24-55/2017-09-20_19-24-55.mp4-bee_id_5186-66090-1.png,1,1,True,False,True
train/videos/2017-09-20_19-24-55/2017-09-20_19-24-55.mp4-bee_id_5187-66135-1.png,1,1,True,True,True
train/videos/2017-09-20_19-24-55/2017-09-20_19-24-55.mp4-bee_id_5188-66150-1.png,1,1,True,True,True
train/videos/2017-09-20_19-24-55/2017-09-20_19-24-55.mp4-bee_id_5189-66150-1.png,0,0,False,False,True
train/videos/2017-09-20_19-24-55/2017-09-20_19-24-55.mp4-bee_id_5190-66180-1.png,0,0,False,False,True
train/videos/2017-09-20_19-24-55/2017-09-20_19-24-55.mp4-bee_id_5191-66180-1.png,1,0,True,False,True
train/videos/2017-09-20_19-24-55/2017-09-20_19-24-55.mp4-bee_id_5192-66180-1.png,1,0,True,False,True
train/videos/2017-09-20_19-24-55/2017-09-20_19-24-55.mp4-bee_id_5193-66195-1.png,0,0,False,False,True
train/videos/2017-09-20_19-24-55/2017-09-20_19-24-55.mp4-bee_id_5194-66300-1.png,1,0,True,False,True
train/videos/2017-09-20_19-24-55/2017-09-20_19-24-55.mp4-bee_id_5195-66300-1.png,0,1,False,False,True
train/videos/2017-09-20_19-24-55/2017-09-20_19-24-55.mp4-bee_id_5196-66315-1.png,0,0,False,False,True
train/videos/2017-09-20_19-24-55/2017-09-20_19-24-55.mp4-bee_id_5197-66330-1.png,0,0,False,False,True
train/videos/2017-09-20_19-24-55/2017-09-20_19-24-55.mp4-bee_id_5198-66360-1.png,0,1,False,False,True
train/videos/2017-09-20_19-24-55/2017-09-20_19-24-55.mp4-bee_id_5199-66375-1.png,1,1,True,False,True
train/videos/2017-09-20_19-24-55/2017-09-20_19-24-55.mp4-bee_id_5200-66405-1.png,1,1,True,True,True
train/videos/2017-09-20_19-24-55/2017-09-20_19-24-55.mp4-bee_id_5201-66480-1.png,0,0,False,False,True
train/videos/2017-09-20_19-24-55/2017-09-20_19-24-55.mp4-bee_id_5202-66525-1.png,0,0,False,False,True
train/videos/2017-09-20_19-24-55/2017-09-20_19-24-55.mp4-bee_id_5203-66540-1.png,1,0,True,False,True
train/videos/2017-09-20_19-24-55/2017-09-20_19-24-55.mp4-bee_id_5205-66570-1.png,0,0,False,False,True
train/videos/2017-09-20_19-24-55/2017-09-20_19-24-55.mp4-bee_id_5207-66570-1.png,0,0,False,False,True
train/videos/2017-09-20_19-24-55/2017-09-20_19-24-55.mp4-bee_id_5208-66600-1.png,0,1,False,False,True
train/videos/2017-09-20_19-24-55/2017-09-20_19-24-55.mp4-bee_id_5209-66600-1.png,0,1,False,False,True
train/videos/2017-09-20_19-24-55/2017-09-20_19-24-55.mp4-bee_id_5210-66630-1.png,0,0,False,False,True
train/videos/2017-09-20_19-24-55/2017-09-20_19-24-55.mp4-bee_id_5211-66645-1.png,1,0,True,False,True
train/videos/2017-09-20_19-24-55/2017-09-20_19-24-55.mp4-bee_id_5212-66705-1.png,1,0,True,False,True
train/videos/2017-09-20_19-24-55/2017-09-20_19-24-55.mp4-bee_id_5213-66720-1.png,0,1,False,False,True
train/videos/2017-09-20_19-24-55/2017-09-20_19-24-55.mp4-bee_id_5215-66795-1.png,0,0,False,False,True
train/videos/2017-09-20_19-24-55/2017-09-20_19-24-55.mp4-bee_id_5218-66840-1.png,1,0,True,False,True
train/videos/2017-09-20_19-24-55/2017-09-20_19-24-55.mp4-bee_id_5219-66900-1.png,0,1,False,False,True
train/videos/2017-09-20_19-24-55/2017-09-20_19-24-55.mp4-bee_id_5220-66900-1.png,0,0,False,False,True
train/videos/2017-09-20_19-24-55/2017-09-20_19-24-55.mp4-bee_id_5221-66945-1.png,1,0,True,False,True
train/videos/2017-09-20_19-24-55/2017-09-20_19-24-55.mp4-bee_id_5222-66990-1.png,1,0,True,False,True
train/videos/2017-09-20_19-24-55/2017-09-20_19-24-55.mp4-bee_id_5223-67005-1.png,0,0,False,False,True
train/videos/2017-09-20_19-24-55/2017-09-20_19-24-55.mp4-bee_id_5224-67005-1.png,1,0,True,False,True
train/videos/2017-09-20_19-24-55/2017-09-20_19-24-55.mp4-bee_id_5225-67065-1.png,0,0,False,False,True
train/videos/2017-09-20_19-24-55/2017-09-20_19-24-55.mp4-bee_id_5226-67080-1.png,0,0,False,False,True
train/videos/2017-09-20_19-24-55/2017-09-20_19-24-55.mp4-bee_id_5227-67125-1.png,0,0,False,False,True
train/videos/2017-09-20_19-24-55/2017-09-20_19-24-55.mp4-bee_id_5228-67245-1.png,0,0,False,False,True
train/videos/2017-09-20_19-24-55/2017-09-20_19-24-55.mp4-bee_id_5229-67260-1.png,0,0,False,False,True
train/videos/2017-09-20_19-24-55/2017-09-20_19-24-55.mp4-bee_id_5230-67320-1.png,0,1,False,False,True
train/videos/2017-09-20_19-24-55/2017-09-20_19-24-55.mp4-bee_id_5231-67335-1.png,0,0,False,False,True
train/videos/2017-09-20_19-24-55/2017-09-20_19-24-55.mp4-bee_id_5232-67365-1.png,0,1,False,False,True
train/videos/2017-09-20_19-24-55/2017-09-20_19-24-55.mp4-bee_id_5233-67365-1.png,0,0,False,False,True
train/videos/2017-09-20_19-24-55/2017-09-20_19-24-55.mp4-bee_id_5234-67380-1.png,1,0,True,False,True
train/videos/2017-09-20_19-24-55/2017-09-20_19-24-55.mp4-bee_id_5236-67395-1.png,1,0,True,False,True
train/videos/2017-09-20_19-24-55/2017-09-20_19-24-55.mp4-bee_id_5238-67455-1.png,0,1,False,False,True
train/videos/2017-09-20_19-24-55/2017-09-20_19-24-55.mp4-bee_id_5239-67485-1.png,0,1,False,False,True
train/videos/2017-09-20_19-24-55/2017-09-20_19-24-55.mp4-bee_id_5240-67515-1.png,0,0,False,False,True
train/videos/2017-09-20_19-24-55/2017-09-20_19-24-55.mp4-bee_id_5241-67515-1.png,0,0,False,False,True
train/videos/2017-09-20_19-24-55/2017-09-20_19-24-55.mp4-bee_id_5243-67605-1.png,0,0,False,False,True
train/videos/2017-09-20_19-24-55/2017-09-20_19-24-55.mp4-bee_id_5244-67785-1.png,1,0,True,False,True
train/videos/2017-09-20_19-24-55/2017-09-20_19-24-55.mp4-bee_id_5245-67845-1.png,0,2,False,False,True
train/videos/2017-09-20_19-24-55/2017-09-20_19-24-55.mp4-bee_id_5246-67845-1.png,0,0,False,False,True
train/videos/2017-09-20_19-24-55/2017-09-20_19-24-55.mp4-bee_id_5247-67845-1.png,1,2,True,False,True
train/videos/2017-09-20_19-24-55/2017-09-20_19-24-55.mp4-bee_id_5248-67860-1.png,1,0,True,False,True
train/videos/2017-09-20_19-24-55/2017-09-20_19-24-55.mp4-bee_id_5249-67890-1.png,0,0,False,False,True
train/videos/2017-09-20_19-24-55/2017-09-20_19-24-55.mp4-bee_id_5250-67905-1.png,1,0,True,False,True
train/videos/2017-09-20_19-24-55/2017-09-20_19-24-55.mp4-bee_id_5251-67935-1.png,0,0,False,False,True
train/videos/2017-09-20_19-24-55/2017-09-20_19-24-55.mp4-bee_id_5252-67965-1.png,0,0,False,False,True
train/videos/2017-09-20_19-24-55/2017-09-20_19-24-55.mp4-bee_id_5253-68010-1.png,1,0,True,False,True
train/videos/2017-09-20_19-24-55/2017-09-20_19-24-55.mp4-bee_id_5254-68025-1.png,0,2,False,False,True
train/videos/2017-09-20_19-24-55/2017-09-20_19-24-55.mp4-bee_id_5255-68040-1.png,0,1,False,False,True
train/videos/2017-09-20_19-24-55/2017-09-20_19-24-55.mp4-bee_id_5256-68055-1.png,0,0,False,False,True
train/videos/2017-09-20_19-24-55/2017-09-20_19-24-55.mp4-bee_id_5257-68085-1.png,1,1,True,True,True
train/videos/2017-09-20_19-24-55/2017-09-20_19-24-55.mp4-bee_id_5258-68145-1.png,0,0,False,False,True
train/videos/2017-09-20_19-24-55/2017-09-20_19-24-55.mp4-bee_id_5259-68145-1.png,0,0,False,False,True
train/videos/2017-09-20_19-24-55/2017-09-20_19-24-55.mp4-bee_id_5260-68145-1.png,0,0,False,False,True
train/videos/2017-09-20_19-24-55/2017-09-20_19-24-55.mp4-bee_id_5261-68160-1.png,0,0,False,False,True
train/videos/2017-09-20_19-24-55/2017-09-20_19-24-55.mp4-bee_id_5262-68160-1.png,0,1,False,False,True
train/videos/2017-09-20_19-24-55/2017-09-20_19-24-55.mp4-bee_id_5263-68175-1.png,0,0,False,False,True
train/videos/2017-09-20_19-24-55/2017-09-20_19-24-55.mp4-bee_id_5264-68205-1.png,1,2,True,False,True
train/videos/2017-09-20_19-24-55/2017-09-20_19-24-55.mp4-bee_id_5265-68205-1.png,0,0,False,False,True
train/videos/2017-09-20_19-24-55/2017-09-20_19-24-55.mp4-bee_id_5266-68250-1.png,1,0,True,False,True
train/videos/2017-09-20_19-24-55/2017-09-20_19-24-55.mp4-bee_id_5267-68250-1.png,0,1,False,False,True
train/videos/2017-09-20_19-24-55/2017-09-20_19-24-55.mp4-bee_id_5268-68295-1.png,0,1,False,False,True
train/videos/2017-09-20_19-24-55/2017-09-20_19-24-55.mp4-bee_id_5269-68325-1.png,0,2,False,False,True
train/videos/2017-09-20_19-24-55/2017-09-20_19-24-55.mp4-bee_id_5270-68385-1.png,1,1,True,True,True
train/videos/2017-09-20_19-24-55/2017-09-20_19-24-55.mp4-bee_id_5271-68400-1.png,0,0,False,False,True
train/videos/2017-09-20_19-24-55/2017-09-20_19-24-55.mp4-bee_id_5272-68400-1.png,0,0,False,False,True
train/videos/2017-09-20_19-24-55/2017-09-20_19-24-55.mp4-bee_id_5273-68460-1.png,1,0,True,False,True
train/videos/2017-09-20_19-24-55/2017-09-20_19-24-55.mp4-bee_id_5274-68535-1.png,0,0,False,False,True
train/videos/2017-09-20_19-24-55/2017-09-20_19-24-55.mp4-bee_id_5275-68610-1.png,1,0,True,False,True
train/videos/2017-09-20_19-24-55/2017-09-20_19-24-55.mp4-bee_id_5276-68610-1.png,0,1,False,False,True
train/videos/2017-09-20_19-24-55/2017-09-20_19-24-55.mp4-bee_id_5277-68625-1.png,0,0,False,False,True
train/videos/2017-09-20_19-24-55/2017-09-20_19-24-55.mp4-bee_id_5278-68625-1.png,0,0,False,False,True
train/videos/2017-09-20_19-24-55/2017-09-20_19-24-55.mp4-bee_id_5279-68670-1.png,0,0,False,False,True
train/videos/2017-09-20_19-24-55/2017-09-20_19-24-55.mp4-bee_id_5280-68685-1.png,0,2,False,False,True
train/videos/2017-09-20_19-24-55/2017-09-20_19-24-55.mp4-bee_id_5281-68775-1.png,1,1,True,False,True
train/videos/2017-09-20_19-24-55/2017-09-20_19-24-55.mp4-bee_id_5282-68775-1.png,0,0,False,False,True
train/videos/2017-09-20_19-24-55/2017-09-20_19-24-55.mp4-bee_id_5283-68820-1.png,0,0,False,False,True
train/videos/2017-09-20_19-24-55/2017-09-20_19-24-55.mp4-bee_id_5284-68895-1.png,0,2,False,False,True
train/videos/2017-09-20_19-24-55/2017-09-20_19-24-55.mp4-bee_id_5285-68895-1.png,1,0,True,False,True
train/videos/2017-09-20_19-24-55/2017-09-20_19-24-55.mp4-bee_id_5286-68910-1.png,0,0,False,False,True
train/videos/2017-09-20_19-24-55/2017-09-20_19-24-55.mp4-bee_id_5287-68925-1.png,1,0,True,False,True
train/videos/2017-09-20_19-24-55/2017-09-20_19-24-55.mp4-bee_id_5288-68940-1.png,0,0,False,False,True
train/videos/2017-09-20_19-24-55/2017-09-20_19-24-55.mp4-bee_id_5290-68970-1.png,0,0,False,False,True
train/videos/2017-09-20_19-24-55/2017-09-20_19-24-55.mp4-bee_id_5291-69015-1.png,0,1,False,False,True
train/videos/2017-09-20_19-24-55/2017-09-20_19-24-55.mp4-bee_id_5292-69105-1.png,0,0,False,False,True
train/videos/2017-09-20_19-24-55/2017-09-20_19-24-55.mp4-bee_id_5293-69180-1.png,0,1,False,False,True
train/videos/2017-09-20_19-24-55/2017-09-20_19-24-55.mp4-bee_id_5294-69180-1.png,1,0,True,False,True
train/videos/2017-09-20_19-24-55/2017-09-20_19-24-55.mp4-bee_id_5295-69210-1.png,0,2,False,False,True
train/videos/2017-09-20_19-24-55/2017-09-20_19-24-55.mp4-bee_id_5296-69225-1.png,0,1,False,False,True
train/videos/2017-09-20_19-24-55/2017-09-20_19-24-55.mp4-bee_id_5297-69255-1.png,0,0,False,False,True
train/videos/2017-09-20_19-24-55/2017-09-20_19-24-55.mp4-bee_id_5298-69315-1.png,0,0,False,False,True
train/videos/2017-09-20_19-24-55/2017-09-20_19-24-55.mp4-bee_id_5299-69345-1.png,0,0,False,False,True
train/videos/2017-09-20_19-24-55/2017-09-20_19-24-55.mp4-bee_id_5300-69375-1.png,1,1,True,True,True
train/videos/2017-09-20_19-24-55/2017-09-20_19-24-55.mp4-bee_id_5301-69450-1.png,1,0,True,False,True
train/videos/2017-09-20_19-24-55/2017-09-20_19-24-55.mp4-bee_id_5302-69465-1.png,0,1,False,False,True
train/videos/2017-09-20_19-24-55/2017-09-20_19-24-55.mp4-bee_id_5303-69465-1.png,0,1,False,False,True
train/videos/2017-09-20_19-24-55/2017-09-20_19-24-55.mp4-bee_id_5304-69480-1.png,1,1,True,True,True
train/videos/2017-09-20_19-24-55/2017-09-20_19-24-55.mp4-bee_id_5305-69480-1.png,0,0,False,False,True
train/videos/2017-09-20_19-24-55/2017-09-20_19-24-55.mp4-bee_id_5307-69585-1.png,0,0,False,False,True
train/videos/2017-09-20_19-24-55/2017-09-20_19-24-55.mp4-bee_id_5308-69585-1.png,1,2,True,False,True
train/videos/2017-09-20_19-24-55/2017-09-20_19-24-55.mp4-bee_id_5309-69600-1.png,0,1,False,False,True
train/videos/2017-09-20_19-24-55/2017-09-20_19-24-55.mp4-bee_id_5310-69600-1.png,0,0,False,False,True
train/videos/2017-09-20_19-24-55/2017-09-20_19-24-55.mp4-bee_id_5311-69630-1.png,0,1,False,False,True
train/videos/2017-09-20_19-24-55/2017-09-20_19-24-55.mp4-bee_id_5312-69630-1.png,0,1,False,False,True
train/videos/2017-09-20_19-24-55/2017-09-20_19-24-55.mp4-bee_id_5313-69675-1.png,1,2,True,False,True
train/videos/2017-09-20_19-24-55/2017-09-20_19-24-55.mp4-bee_id_5314-69720-1.png,0,1,False,False,True
train/videos/2017-09-20_19-24-55/2017-09-20_19-24-55.mp4-bee_id_5315-69795-1.png,1,1,True,True,True
train/videos/2017-09-20_19-24-55/2017-09-20_19-24-55.mp4-bee_id_5316-69840-1.png,0,0,False,False,True
train/videos/2017-09-20_19-24-55/2017-09-20_19-24-55.mp4-bee_id_5317-69840-1.png,0,1,False,False,True
train/videos/2017-09-20_19-24-55/2017-09-20_19-24-55.mp4-bee_id_5318-69900-1.png,0,0,False,False,True
train/videos/2017-09-20_19-24-55/2017-09-20_19-24-55.mp4-bee_id_5319-69900-1.png,1,0,True,False,True
train/videos/2017-09-20_19-24-55/2017-09-20_19-24-55.mp4-bee_id_5320-69915-1.png,1,0,True,False,True
train/videos/2017-09-20_19-24-55/2017-09-20_19-24-55.mp4-bee_id_5323-69975-1.png,1,0,True,False,True
train/videos/2017-09-20_19-24-55/2017-09-20_19-24-55.mp4-bee_id_5324-69990-1.png,0,0,False,False,True
train/videos/2017-09-20_19-24-55/2017-09-20_19-24-55.mp4-bee_id_5325-70050-1.png,0,0,False,False,True
train/videos/2017-09-20_19-24-55/2017-09-20_19-24-55.mp4-bee_id_5326-70065-1.png,0,0,False,False,True
train/videos/2017-09-20_19-24-55/2017-09-20_19-24-55.mp4-bee_id_5327-70080-1.png,0,0,False,False,True
train/videos/2017-09-20_19-24-55/2017-09-20_19-24-55.mp4-bee_id_5328-70095-1.png,0,0,False,False,True
train/videos/2017-09-20_19-24-55/2017-09-20_19-24-55.mp4-bee_id_5329-70140-1.png,0,1,False,False,True
train/videos/2017-09-20_19-24-55/2017-09-20_19-24-55.mp4-bee_id_5330-70200-1.png,0,0,False,False,True
train/videos/2017-09-20_19-24-55/2017-09-20_19-24-55.mp4-bee_id_5331-70200-1.png,0,0,False,False,True
train/videos/2017-09-20_19-24-55/2017-09-20_19-24-55.mp4-bee_id_5332-70215-1.png,0,0,False,False,True
train/videos/2017-09-20_19-24-55/2017-09-20_19-24-55.mp4-bee_id_5333-70245-1.png,0,0,False,False,True
train/videos/2017-09-20_19-24-55/2017-09-20_19-24-55.mp4-bee_id_5334-70260-1.png,1,1,True,False,True
train/videos/2017-09-20_19-24-55/2017-09-20_19-24-55.mp4-bee_id_5335-70260-1.png,0,0,False,False,True
train/videos/2017-09-20_19-24-55/2017-09-20_19-24-55.mp4-bee_id_5336-70260-1.png,1,0,True,False,True
train/videos/2017-09-20_19-24-55/2017-09-20_19-24-55.mp4-bee_id_5337-70275-1.png,1,0,True,False,True
train/videos/2017-09-20_19-24-55/2017-09-20_19-24-55.mp4-bee_id_5338-70365-1.png,1,0,True,False,True
train/videos/2017-09-20_19-24-55/2017-09-20_19-24-55.mp4-bee_id_5339-70410-1.png,0,0,False,False,True
train/videos/2017-09-20_19-24-55/2017-09-20_19-24-55.mp4-bee_id_5340-70485-1.png,0,0,False,False,True
train/videos/2017-09-20_19-24-55/2017-09-20_19-24-55.mp4-bee_id_5341-70545-1.png,0,0,False,False,True
train/videos/2017-09-20_19-24-55/2017-09-20_19-24-55.mp4-bee_id_5342-70590-1.png,1,0,True,False,True
train/videos/2017-09-20_19-24-55/2017-09-20_19-24-55.mp4-bee_id_5343-70590-1.png,1,0,True,False,True
train/videos/2017-09-20_19-24-55/2017-09-20_19-24-55.mp4-bee_id_5344-70605-1.png,0,0,False,False,True
train/videos/2017-09-20_19-24-55/2017-09-20_19-24-55.mp4-bee_id_5345-70620-1.png,1,1,True,False,True
train/videos/2017-09-20_19-24-55/2017-09-20_19-24-55.mp4-bee_id_5346-70650-1.png,0,0,False,False,True
train/videos/2017-09-20_19-24-55/2017-09-20_19-24-55.mp4-bee_id_5347-70710-1.png,0,0,False,False,True
train/videos/2017-09-20_19-24-55/2017-09-20_19-24-55.mp4-bee_id_5348-70725-1.png,0,0,False,False,True
train/videos/2017-09-20_19-24-55/2017-09-20_19-24-55.mp4-bee_id_5349-70740-1.png,0,0,False,False,True
train/videos/2017-09-20_19-24-55/2017-09-20_19-24-55.mp4-bee_id_5350-70755-1.png,0,0,False,False,True
train/videos/2017-09-20_19-24-55/2017-09-20_19-24-55.mp4-bee_id_5351-70755-1.png,0,2,False,False,True
train/videos/2017-09-20_19-24-55/2017-09-20_19-24-55.mp4-bee_id_5352-70800-1.png,0,0,False,False,True
train/videos/2017-09-20_19-24-55/2017-09-20_19-24-55.mp4-bee_id_5353-70830-1.png,0,0,False,False,True
train/videos/2017-09-20_19-24-55/2017-09-20_19-24-55.mp4-bee_id_5354-70860-1.png,0,1,False,False,True
train/videos/2017-09-20_19-24-55/2017-09-20_19-24-55.mp4-bee_id_5355-70935-1.png,0,1,False,False,True
train/videos/2017-09-20_19-24-55/2017-09-20_19-24-55.mp4-bee_id_5356-70965-1.png,0,0,False,False,True
train/videos/2017-09-20_19-24-55/2017-09-20_19-24-55.mp4-bee_id_5357-70965-1.png,0,1,False,False,True
train/videos/2017-09-20_19-24-55/2017-09-20_19-24-55.mp4-bee_id_5358-70980-1.png,0,0,False,False,True
train/videos/2017-09-20_19-24-55/2017-09-20_19-24-55.mp4-bee_id_5359-70980-1.png,1,0,True,False,True
train/videos/2017-09-20_19-24-55/2017-09-20_19-24-55.mp4-bee_id_5360-71055-1.png,0,0,False,False,True
train/videos/2017-09-20_19-24-55/2017-09-20_19-24-55.mp4-bee_id_5361-71055-1.png,1,1,True,False,True
train/videos/2017-09-20_19-24-55/2017-09-20_19-24-55.mp4-bee_id_5362-71085-1.png,0,0,False,False,True
train/videos/2017-09-20_19-24-55/2017-09-20_19-24-55.mp4-bee_id_5363-71205-1.png,0,0,False,False,True
train/videos/2017-09-20_19-24-55/2017-09-20_19-24-55.mp4-bee_id_5364-71220-1.png,0,2,False,False,True
train/videos/2017-09-20_19-24-55/2017-09-20_19-24-55.mp4-bee_id_5365-71220-1.png,0,1,False,False,True
train/videos/2017-09-20_19-24-55/2017-09-20_19-24-55.mp4-bee_id_5366-71250-1.png,1,1,True,True,True
train/videos/2017-09-20_19-24-55/2017-09-20_19-24-55.mp4-bee_id_5367-71265-1.png,0,0,False,False,True
train/videos/2017-09-20_19-24-55/2017-09-20_19-24-55.mp4-bee_id_5368-71370-1.png,0,0,False,False,True
train/videos/2017-09-20_19-24-55/2017-09-20_19-24-55.mp4-bee_id_5369-71415-1.png,0,0,False,False,True
train/videos/2017-09-20_19-24-55/2017-09-20_19-24-55.mp4-bee_id_5370-71430-1.png,1,0,True,False,True
train/videos/2017-09-20_19-24-55/2017-09-20_19-24-55.mp4-bee_id_5371-71445-1.png,1,0,True,False,True
train/videos/2017-09-20_19-24-55/2017-09-20_19-24-55.mp4-bee_id_5372-71445-1.png,0,1,False,False,True
train/videos/2017-09-20_19-24-55/2017-09-20_19-24-55.mp4-bee_id_5373-71520-1.png,0,1,False,False,True
train/videos/2017-09-20_19-24-55/2017-09-20_19-24-55.mp4-bee_id_5374-71535-1.png,0,2,False,False,True
train/videos/2017-09-20_19-24-55/2017-09-20_19-24-55.mp4-bee_id_5376-71655-1.png,0,0,False,False,True
train/videos/2017-09-20_19-24-55/2017-09-20_19-24-55.mp4-bee_id_5377-71670-1.png,0,1,False,False,True
train/videos/2017-09-20_19-24-55/2017-09-20_19-24-55.mp4-bee_id_5378-71730-1.png,0,0,False,False,True
train/videos/2017-09-20_19-24-55/2017-09-20_19-24-55.mp4-bee_id_5379-71760-1.png,0,2,False,False,True
train/videos/2017-09-20_19-24-55/2017-09-20_19-24-55.mp4-bee_id_5380-71835-1.png,1,0,True,False,True
train/videos/2017-09-20_19-24-55/2017-09-20_19-24-55.mp4-bee_id_5381-71850-1.png,1,0,True,False,True
train/videos/2017-09-20_19-24-55/2017-09-20_19-24-55.mp4-bee_id_5382-71865-1.png,1,0,True,False,True
train/videos/2017-09-20_19-24-55/2017-09-20_19-24-55.mp4-bee_id_5383-71910-1.png,0,0,False,False,True
train/videos/2017-09-20_19-24-55/2017-09-20_19-24-55.mp4-bee_id_5384-71910-1.png,1,0,True,False,True
train/videos/2017-09-20_19-24-55/2017-09-20_19-24-55.mp4-bee_id_5385-71910-1.png,0,0,False,False,True
train/videos/2017-09-20_19-24-55/2017-09-20_19-24-55.mp4-bee_id_5386-72030-1.png,0,0,False,False,True
train/videos/2017-09-20_19-24-55/2017-09-20_19-24-55.mp4-bee_id_5387-72045-1.png,1,1,True,False,True
train/videos/2017-09-20_19-24-55/2017-09-20_19-24-55.mp4-bee_id_5388-72045-1.png,0,0,False,False,True
train/videos/2017-09-20_19-24-55/2017-09-20_19-24-55.mp4-bee_id_5389-72075-1.png,0,0,False,False,True
train/videos/2017-09-20_19-24-55/2017-09-20_19-24-55.mp4-bee_id_5390-72075-1.png,0,1,False,False,True
train/videos/2017-09-20_19-24-55/2017-09-20_19-24-55.mp4-bee_id_5392-72150-1.png,0,1,False,False,True
train/videos/2017-09-20_19-24-55/2017-09-20_19-24-55.mp4-bee_id_5393-72195-1.png,0,0,False,False,True
train/videos/2017-09-20_19-24-55/2017-09-20_19-24-55.mp4-bee_id_5394-72315-1.png,0,0,False,False,True
train/videos/2017-09-20_19-24-55/2017-09-20_19-24-55.mp4-bee_id_5396-72360-1.png,0,0,False,False,True
train/videos/2017-09-20_19-24-55/2017-09-20_19-24-55.mp4-bee_id_5397-72375-1.png,0,0,False,False,True
train/videos/2017-09-20_19-24-55/2017-09-20_19-24-55.mp4-bee_id_5398-72375-1.png,0,0,False,False,True
train/videos/2017-09-20_19-24-55/2017-09-20_19-24-55.mp4-bee_id_5399-72405-1.png,0,1,False,False,True
train/videos/2017-09-20_19-24-55/2017-09-20_19-24-55.mp4-bee_id_5400-72450-1.png,0,0,False,False,True
train/videos/2017-09-20_19-24-55/2017-09-20_19-24-55.mp4-bee_id_5401-72465-1.png,0,0,False,False,True
train/videos/2017-09-20_19-24-55/2017-09-20_19-24-55.mp4-bee_id_5402-72495-1.png,0,0,False,False,True
train/videos/2017-09-20_19-24-55/2017-09-20_19-24-55.mp4-bee_id_5403-72540-1.png,0,0,False,False,True
train/videos/2017-09-20_19-24-55/2017-09-20_19-24-55.mp4-bee_id_5404-72555-1.png,1,0,True,False,True
train/videos/2017-09-20_19-24-55/2017-09-20_19-24-55.mp4-bee_id_5405-72555-1.png,1,2,True,False,True
train/videos/2017-09-20_19-24-55/2017-09-20_19-24-55.mp4-bee_id_5406-72600-1.png,0,0,False,False,True
train/videos/2017-09-20_19-24-55/2017-09-20_19-24-55.mp4-bee_id_5408-72705-1.png,1,0,True,False,True
train/videos/2017-09-20_19-24-55/2017-09-20_19-24-55.mp4-bee_id_5409-72810-1.png,0,0,False,False,True
train/videos/2017-09-20_19-24-55/2017-09-20_19-24-55.mp4-bee_id_5410-72840-1.png,0,0,False,False,True
train/videos/2017-09-20_19-24-55/2017-09-20_19-24-55.mp4-bee_id_5411-72885-1.png,0,2,False,False,True
train/videos/2017-09-20_19-24-55/2017-09-20_19-24-55.mp4-bee_id_5412-72885-1.png,0,0,False,False,True
train/videos/2017-09-20_19-24-55/2017-09-20_19-24-55.mp4-bee_id_5413-72960-1.png,1,2,True,False,True
train/videos/2017-09-20_19-24-55/2017-09-20_19-24-55.mp4-bee_id_5414-72975-1.png,0,0,False,False,True
train/videos/2017-09-20_19-24-55/2017-09-20_19-24-55.mp4-bee_id_5415-72975-1.png,0,0,False,False,True
train/videos/2017-09-20_19-24-55/2017-09-20_19-24-55.mp4-bee_id_5416-73020-1.png,0,1,False,False,True
train/videos/2017-09-20_19-24-55/2017-09-20_19-24-55.mp4-bee_id_5417-73020-1.png,0,0,False,False,True
train/videos/2017-09-20_19-24-55/2017-09-20_19-24-55.mp4-bee_id_5418-73110-1.png,1,1,True,False,True
train/videos/2017-09-20_19-24-55/2017-09-20_19-24-55.mp4-bee_id_5419-73125-1.png,0,0,False,False,True
train/videos/2017-09-20_19-24-55/2017-09-20_19-24-55.mp4-bee_id_5420-73215-1.png,1,0,True,False,True
train/videos/2017-09-20_19-24-55/2017-09-20_19-24-55.mp4-bee_id_5421-73260-1.png,0,1,False,False,True
train/videos/2017-09-20_19-24-55/2017-09-20_19-24-55.mp4-bee_id_5422-73275-1.png,0,0,False,False,True
train/videos/2017-09-20_19-24-55/2017-09-20_19-24-55.mp4-bee_id_5423-73275-1.png,1,0,True,False,True
train/videos/2017-09-20_19-24-55/2017-09-20_19-24-55.mp4-bee_id_5424-73290-1.png,0,0,False,False,True
train/videos/2017-09-20_19-24-55/2017-09-20_19-24-55.mp4-bee_id_5425-73350-1.png,0,0,False,False,True
train/videos/2017-09-20_19-24-55/2017-09-20_19-24-55.mp4-bee_id_5426-73380-1.png,1,0,True,False,True
train/videos/2017-09-20_19-24-55/2017-09-20_19-24-55.mp4-bee_id_5427-73395-1.png,0,0,False,False,True
train/videos/2017-09-20_19-24-55/2017-09-20_19-24-55.mp4-bee_id_5428-73410-1.png,0,0,False,False,True
train/videos/2017-09-20_19-24-55/2017-09-20_19-24-55.mp4-bee_id_5429-73410-1.png,0,1,False,False,True
train/videos/2017-09-20_19-24-55/2017-09-20_19-24-55.mp4-bee_id_5430-73425-1.png,1,0,True,False,True
train/videos/2017-09-20_19-24-55/2017-09-20_19-24-55.mp4-bee_id_5431-73425-1.png,0,1,False,False,True
train/videos/2017-09-20_19-24-55/2017-09-20_19-24-55.mp4-bee_id_5432-73455-1.png,0,0,False,False,True
train/videos/2017-09-20_19-24-55/2017-09-20_19-24-55.mp4-bee_id_5433-73470-1.png,0,2,False,False,True
train/videos/2017-09-20_19-24-55/2017-09-20_19-24-55.mp4-bee_id_5434-73485-1.png,0,0,False,False,True
train/videos/2017-09-20_19-24-55/2017-09-20_19-24-55.mp4-bee_id_5435-73515-1.png,0,0,False,False,True
train/videos/2017-09-20_19-24-55/2017-09-20_19-24-55.mp4-bee_id_5436-73545-1.png,0,0,False,False,True
train/videos/2017-09-20_19-24-55/2017-09-20_19-24-55.mp4-bee_id_5437-73665-1.png,0,1,False,False,True
train/videos/2017-09-20_19-24-55/2017-09-20_19-24-55.mp4-bee_id_5438-73695-1.png,1,2,True,True,True
train/videos/2017-09-20_19-24-55/2017-09-20_19-24-55.mp4-bee_id_5439-73695-1.png,0,1,False,False,True
train/videos/2017-09-20_19-24-55/2017-09-20_19-24-55.mp4-bee_id_5440-73725-1.png,0,0,False,False,True
train/videos/2017-09-20_19-24-55/2017-09-20_19-24-55.mp4-bee_id_5441-73755-1.png,0,0,False,False,True
train/videos/2017-09-20_19-24-55/2017-09-20_19-24-55.mp4-bee_id_5442-73755-1.png,1,1,True,False,True
train/videos/2017-09-20_19-24-55/2017-09-20_19-24-55.mp4-bee_id_5443-73785-1.png,0,1,False,False,True
train/videos/2017-09-20_19-24-55/2017-09-20_19-24-55.mp4-bee_id_5444-73815-1.png,0,0,False,False,True
train/videos/2017-09-20_19-24-55/2017-09-20_19-24-55.mp4-bee_id_5446-73965-1.png,0,0,False,False,True
train/videos/2017-09-20_19-24-55/2017-09-20_19-24-55.mp4-bee_id_5447-73980-1.png,1,2,True,True,True
train/videos/2017-09-20_19-24-55/2017-09-20_19-24-55.mp4-bee_id_5449-74010-1.png,0,2,False,False,True
train/videos/2017-09-20_19-24-55/2017-09-20_19-24-55.mp4-bee_id_5450-74040-1.png,1,1,True,True,True
train/videos/2017-09-20_19-24-55/2017-09-20_19-24-55.mp4-bee_id_5451-74070-1.png,0,1,False,False,True
train/videos/2017-09-20_19-24-55/2017-09-20_19-24-55.mp4-bee_id_5452-74100-1.png,0,0,False,False,True
train/videos/2017-09-20_19-24-55/2017-09-20_19-24-55.mp4-bee_id_5453-74130-1.png,0,0,False,False,True
train/videos/2017-09-20_19-24-55/2017-09-20_19-24-55.mp4-bee_id_5454-74145-1.png,0,0,False,False,True
train/videos/2017-09-20_19-24-55/2017-09-20_19-24-55.mp4-bee_id_5455-74175-1.png,0,0,False,False,True
train/videos/2017-09-20_19-24-55/2017-09-20_19-24-55.mp4-bee_id_5456-74190-1.png,0,0,False,False,True
train/videos/2017-09-20_19-24-55/2017-09-20_19-24-55.mp4-bee_id_5457-74205-1.png,0,0,False,False,True
train/videos/2017-09-20_19-24-55/2017-09-20_19-24-55.mp4-bee_id_5458-74235-1.png,0,2,False,False,True
train/videos/2017-09-20_19-24-55/2017-09-20_19-24-55.mp4-bee_id_5459-74250-1.png,0,0,False,False,True
train/videos/2017-09-20_19-24-55/2017-09-20_19-24-55.mp4-bee_id_5460-74265-1.png,0,0,False,False,True
train/videos/2017-09-20_19-24-55/2017-09-20_19-24-55.mp4-bee_id_5461-74295-1.png,1,0,True,False,True
train/videos/2017-09-20_19-24-55/2017-09-20_19-24-55.mp4-bee_id_5462-74310-1.png,1,1,True,True,True
train/videos/2017-09-20_19-24-55/2017-09-20_19-24-55.mp4-bee_id_5463-74415-1.png,0,0,False,False,True
train/videos/2017-09-20_19-24-55/2017-09-20_19-24-55.mp4-bee_id_5464-74445-1.png,0,0,False,False,True
train/videos/2017-09-20_19-24-55/2017-09-20_19-24-55.mp4-bee_id_5465-74460-1.png,0,0,False,False,True
train/videos/2017-09-20_19-24-55/2017-09-20_19-24-55.mp4-bee_id_5466-74475-1.png,0,0,False,False,True
train/videos/2017-09-20_19-24-55/2017-09-20_19-24-55.mp4-bee_id_5467-74535-1.png,0,0,False,False,True
train/videos/2017-09-20_19-24-55/2017-09-20_19-24-55.mp4-bee_id_5468-74550-1.png,0,0,False,False,True
train/videos/2017-09-20_19-24-55/2017-09-20_19-24-55.mp4-bee_id_5469-74565-1.png,1,0,True,False,True
train/videos/2017-09-20_19-24-55/2017-09-20_19-24-55.mp4-bee_id_5470-74580-1.png,1,0,True,False,True
train/videos/2017-09-20_19-24-55/2017-09-20_19-24-55.mp4-bee_id_5471-74595-1.png,1,0,True,False,True
train/videos/2017-09-20_19-24-55/2017-09-20_19-24-55.mp4-bee_id_5472-74640-1.png,0,1,False,False,True
train/videos/2017-09-20_19-24-55/2017-09-20_19-24-55.mp4-bee_id_5473-74655-1.png,0,1,False,False,True
train/videos/2017-09-20_19-24-55/2017-09-20_19-24-55.mp4-bee_id_5474-74700-1.png,1,2,True,False,True
train/videos/2017-09-20_19-24-55/2017-09-20_19-24-55.mp4-bee_id_5475-74760-1.png,0,0,False,False,True
train/videos/2017-09-20_19-24-55/2017-09-20_19-24-55.mp4-bee_id_5476-74775-1.png,0,0,False,False,True
train/videos/2017-09-20_19-24-55/2017-09-20_19-24-55.mp4-bee_id_5477-74880-1.png,1,2,True,False,True
train/videos/2017-09-20_19-24-55/2017-09-20_19-24-55.mp4-bee_id_5478-74880-1.png,1,0,True,False,True
train/videos/2017-09-20_19-24-55/2017-09-20_19-24-55.mp4-bee_id_5479-74925-1.png,1,1,True,True,True
train/videos/2017-09-20_19-24-55/2017-09-20_19-24-55.mp4-bee_id_5480-74940-1.png,1,1,True,False,True
train/videos/2017-09-20_19-24-55/2017-09-20_19-24-55.mp4-bee_id_5481-74970-1.png,0,0,False,False,True
train/videos/2017-09-20_19-24-55/2017-09-20_19-24-55.mp4-bee_id_5482-75000-1.png,1,0,True,False,True
train/videos/2017-09-20_19-24-55/2017-09-20_19-24-55.mp4-bee_id_5483-75015-1.png,1,1,True,False,True
train/videos/2017-09-20_19-24-55/2017-09-20_19-24-55.mp4-bee_id_5484-75015-1.png,1,0,True,False,True
train/videos/2017-09-20_19-24-55/2017-09-20_19-24-55.mp4-bee_id_5486-75090-1.png,1,0,True,False,True
train/videos/2017-09-20_19-24-55/2017-09-20_19-24-55.mp4-bee_id_5487-75120-1.png,1,0,True,False,True
train/videos/2017-09-20_19-24-55/2017-09-20_19-24-55.mp4-bee_id_5488-75135-1.png,0,0,False,False,True
train/videos/2017-09-20_19-24-55/2017-09-20_19-24-55.mp4-bee_id_5490-75135-1.png,1,0,True,False,True
train/videos/2017-09-20_19-24-55/2017-09-20_19-24-55.mp4-bee_id_5491-75180-1.png,0,1,False,False,True
train/videos/2017-09-20_19-24-55/2017-09-20_19-24-55.mp4-bee_id_5492-75195-1.png,0,1,False,False,True
train/videos/2017-09-20_19-24-55/2017-09-20_19-24-55.mp4-bee_id_5493-75270-1.png,1,0,True,False,True
train/videos/2017-09-20_19-24-55/2017-09-20_19-24-55.mp4-bee_id_5494-75315-1.png,0,0,False,False,True
train/videos/2017-09-20_19-24-55/2017-09-20_19-24-55.mp4-bee_id_5496-75345-1.png,0,0,False,False,True
train/videos/2017-09-20_19-24-55/2017-09-20_19-24-55.mp4-bee_id_5497-75345-1.png,0,0,False,False,True
train/videos/2017-09-20_19-24-55/2017-09-20_19-24-55.mp4-bee_id_5498-75375-1.png,0,0,False,False,True
train/videos/2017-09-20_19-24-55/2017-09-20_19-24-55.mp4-bee_id_5499-75375-1.png,0,1,False,False,True
train/videos/2017-09-20_19-24-55/2017-09-20_19-24-55.mp4-bee_id_5500-75390-1.png,0,0,False,False,True
train/videos/2017-09-20_19-24-55/2017-09-20_19-24-55.mp4-bee_id_5501-75390-1.png,0,2,False,False,True
train/videos/2017-09-20_19-24-55/2017-09-20_19-24-55.mp4-bee_id_5502-75480-1.png,0,0,False,False,True
train/videos/2017-09-20_19-24-55/2017-09-20_19-24-55.mp4-bee_id_5503-75495-1.png,1,0,True,False,True
train/videos/2017-09-20_19-24-55/2017-09-20_19-24-55.mp4-bee_id_5504-75495-1.png,0,1,False,False,True
train/videos/2017-09-20_19-24-55/2017-09-20_19-24-55.mp4-bee_id_5506-75510-1.png,0,0,False,False,True
train/videos/2017-09-20_19-24-55/2017-09-20_19-24-55.mp4-bee_id_5507-75555-1.png,0,0,False,False,True
train/videos/2017-09-20_19-24-55/2017-09-20_19-24-55.mp4-bee_id_5508-75630-1.png,1,1,True,False,True
train/videos/2017-09-20_19-24-55/2017-09-20_19-24-55.mp4-bee_id_5512-75705-1.png,0,1,False,False,True
train/videos/2017-09-20_19-24-55/2017-09-20_19-24-55.mp4-bee_id_5513-75705-1.png,1,1,True,True,True
train/videos/2017-09-20_19-24-55/2017-09-20_19-24-55.mp4-bee_id_5514-75735-1.png,0,0,False,False,True
train/videos/2017-09-20_19-24-55/2017-09-20_19-24-55.mp4-bee_id_5515-75735-1.png,0,0,False,False,True
train/videos/2017-09-20_19-24-55/2017-09-20_19-24-55.mp4-bee_id_5516-75750-1.png,0,0,False,False,True
train/videos/2017-09-20_19-24-55/2017-09-20_19-24-55.mp4-bee_id_5517-75780-1.png,0,1,False,False,True
train/videos/2017-09-20_19-24-55/2017-09-20_19-24-55.mp4-bee_id_5518-75795-1.png,0,2,False,False,True
train/videos/2017-09-20_19-24-55/2017-09-20_19-24-55.mp4-bee_id_5519-75795-1.png,0,1,False,False,True
train/videos/2017-09-20_19-24-55/2017-09-20_19-24-55.mp4-bee_id_5520-75825-1.png,0,1,False,False,True
train/videos/2017-09-20_19-24-55/2017-09-20_19-24-55.mp4-bee_id_5521-75840-1.png,0,0,False,False,True
train/videos/2017-09-20_19-24-55/2017-09-20_19-24-55.mp4-bee_id_5522-75900-1.png,0,1,False,False,True
train/videos/2017-09-20_19-24-55/2017-09-20_19-24-55.mp4-bee_id_5523-75930-1.png,0,1,False,False,True
train/videos/2017-09-20_19-24-55/2017-09-20_19-24-55.mp4-bee_id_5526-75990-1.png,0,1,False,False,True
train/videos/2017-09-20_19-24-55/2017-09-20_19-24-55.mp4-bee_id_5527-75990-1.png,0,1,False,False,True
train/videos/2017-09-20_19-24-55/2017-09-20_19-24-55.mp4-bee_id_5528-76065-1.png,1,2,True,True,True
train/videos/2017-09-20_19-24-55/2017-09-20_19-24-55.mp4-bee_id_5529-76065-1.png,1,1,True,False,True
train/videos/2017-09-20_19-24-55/2017-09-20_19-24-55.mp4-bee_id_5530-76080-1.png,1,0,True,False,True
train/videos/2017-09-20_19-24-55/2017-09-20_19-24-55.mp4-bee_id_5531-76095-1.png,0,2,False,False,True
train/videos/2017-09-20_19-24-55/2017-09-20_19-24-55.mp4-bee_id_5532-76155-1.png,0,1,False,False,True
train/videos/2017-09-20_19-24-55/2017-09-20_19-24-55.mp4-bee_id_5533-76155-1.png,0,0,False,False,True
train/videos/2017-09-20_19-24-55/2017-09-20_19-24-55.mp4-bee_id_5534-76170-1.png,0,1,False,False,True
train/videos/2017-09-20_19-24-55/2017-09-20_19-24-55.mp4-bee_id_5535-76170-1.png,0,1,False,False,True
train/videos/2017-09-20_19-24-55/2017-09-20_19-24-55.mp4-bee_id_5536-76185-1.png,1,1,True,False,True
train/videos/2017-09-20_19-24-55/2017-09-20_19-24-55.mp4-bee_id_5537-76215-1.png,0,0,False,False,True
train/videos/2017-09-20_19-24-55/2017-09-20_19-24-55.mp4-bee_id_5538-76275-1.png,0,0,False,False,True
train/videos/2017-09-20_19-24-55/2017-09-20_19-24-55.mp4-bee_id_5539-76335-1.png,0,1,False,False,True
train/videos/2017-09-20_19-24-55/2017-09-20_19-24-55.mp4-bee_id_5540-76350-1.png,0,1,False,False,True
train/videos/2017-09-20_19-24-55/2017-09-20_19-24-55.mp4-bee_id_5541-76410-1.png,0,0,False,False,True
train/videos/2017-09-20_19-24-55/2017-09-20_19-24-55.mp4-bee_id_5542-76425-1.png,0,0,False,False,True
train/videos/2017-09-20_19-24-55/2017-09-20_19-24-55.mp4-bee_id_5543-76470-1.png,0,1,False,False,True
train/videos/2017-09-20_19-24-55/2017-09-20_19-24-55.mp4-bee_id_5544-76470-1.png,0,0,False,False,True
train/videos/2017-09-20_19-24-55/2017-09-20_19-24-55.mp4-bee_id_5545-76500-1.png,1,0,True,False,True
train/videos/2017-09-20_19-24-55/2017-09-20_19-24-55.mp4-bee_id_5546-76500-1.png,0,0,False,False,True
train/videos/2017-09-20_19-24-55/2017-09-20_19-24-55.mp4-bee_id_5547-76560-1.png,0,0,False,False,False
train/videos/2017-09-20_19-24-55/2017-09-20_19-24-55.mp4-bee_id_5548-76560-1.png,1,0,True,False,True
train/videos/2017-09-20_19-24-55/2017-09-20_19-24-55.mp4-bee_id_5549-76590-1.png,0,0,False,False,True
train/videos/2017-09-20_19-24-55/2017-09-20_19-24-55.mp4-bee_id_5550-76635-1.png,0,0,False,False,True
train/videos/2017-09-20_19-24-55/2017-09-20_19-24-55.mp4-bee_id_5551-76680-1.png,0,1,False,False,True
train/videos/2017-09-20_19-24-55/2017-09-20_19-24-55.mp4-bee_id_5552-76740-1.png,0,1,False,False,True
train/videos/2017-09-20_19-24-55/2017-09-20_19-24-55.mp4-bee_id_5553-76755-1.png,0,0,False,False,True
train/videos/2017-09-20_19-24-55/2017-09-20_19-24-55.mp4-bee_id_5554-76770-1.png,0,0,False,False,True
train/videos/2017-09-20_19-24-55/2017-09-20_19-24-55.mp4-bee_id_5555-76830-1.png,0,1,False,False,True
train/videos/2017-09-20_19-24-55/2017-09-20_19-24-55.mp4-bee_id_5556-76830-1.png,1,1,True,True,True
train/videos/2017-09-20_19-24-55/2017-09-20_19-24-55.mp4-bee_id_5557-76860-1.png,0,1,False,False,True
train/videos/2017-09-20_19-24-55/2017-09-20_19-24-55.mp4-bee_id_5558-76860-1.png,1,2,True,False,True
train/videos/2017-09-20_19-24-55/2017-09-20_19-24-55.mp4-bee_id_5559-76920-1.png,0,1,False,False,True
train/videos/2017-09-20_19-24-55/2017-09-20_19-24-55.mp4-bee_id_5560-76995-1.png,0,1,False,False,True
train/videos/2017-09-20_19-24-55/2017-09-20_19-24-55.mp4-bee_id_5561-77040-1.png,0,0,False,False,True
train/videos/2017-09-20_19-24-55/2017-09-20_19-24-55.mp4-bee_id_5562-77055-1.png,0,0,False,False,True
train/videos/2017-09-20_19-24-55/2017-09-20_19-24-55.mp4-bee_id_5564-77175-1.png,1,2,True,True,True
train/videos/2017-09-20_19-24-55/2017-09-20_19-24-55.mp4-bee_id_5566-77205-1.png,0,0,False,False,True
train/videos/2017-09-20_19-24-55/2017-09-20_19-24-55.mp4-bee_id_5567-77250-1.png,0,0,False,False,True
train/videos/2017-09-20_19-24-55/2017-09-20_19-24-55.mp4-bee_id_5568-77250-1.png,0,0,False,False,True
train/videos/2017-09-20_19-24-55/2017-09-20_19-24-55.mp4-bee_id_5569-77310-1.png,0,0,False,False,True
train/videos/2017-09-20_19-24-55/2017-09-20_19-24-55.mp4-bee_id_5570-77400-1.png,0,0,False,False,True
train/videos/2017-09-20_19-24-55/2017-09-20_19-24-55.mp4-bee_id_5571-77400-1.png,1,0,True,False,True
train/videos/2017-09-20_19-24-55/2017-09-20_19-24-55.mp4-bee_id_5572-77415-1.png,1,1,True,False,True
train/videos/2017-09-20_19-24-55/2017-09-20_19-24-55.mp4-bee_id_5573-77445-1.png,1,0,True,False,True
train/videos/2017-09-20_19-24-55/2017-09-20_19-24-55.mp4-bee_id_5574-77445-1.png,0,1,False,False,True
train/videos/2017-09-20_19-24-55/2017-09-20_19-24-55.mp4-bee_id_5575-77460-1.png,0,0,False,False,True
train/videos/2017-09-20_19-24-55/2017-09-20_19-24-55.mp4-bee_id_5576-77460-1.png,0,0,False,False,True
train/videos/2017-09-20_19-24-55/2017-09-20_19-24-55.mp4-bee_id_5577-77550-1.png,0,1,False,False,True
train/videos/2017-09-20_19-24-55/2017-09-20_19-24-55.mp4-bee_id_5578-77580-1.png,0,0,False,False,True
train/videos/2017-09-20_19-24-55/2017-09-20_19-24-55.mp4-bee_id_5579-77640-1.png,1,0,True,False,True
train/videos/2017-09-20_19-24-55/2017-09-20_19-24-55.mp4-bee_id_5580-77655-1.png,0,1,False,False,True
train/videos/2017-09-20_19-24-55/2017-09-20_19-24-55.mp4-bee_id_5581-77655-1.png,0,0,False,False,True
train/videos/2017-09-20_19-24-55/2017-09-20_19-24-55.mp4-bee_id_5582-77685-1.png,0,0,False,False,True
train/videos/2017-09-20_19-24-55/2017-09-20_19-24-55.mp4-bee_id_5583-77715-1.png,0,0,False,False,True
train/videos/2017-09-20_19-24-55/2017-09-20_19-24-55.mp4-bee_id_5584-77730-1.png,0,2,False,False,True
train/videos/2017-09-20_19-24-55/2017-09-20_19-24-55.mp4-bee_id_5585-77730-1.png,0,0,False,False,True
train/videos/2017-09-20_19-24-55/2017-09-20_19-24-55.mp4-bee_id_5586-77745-1.png,0,0,False,False,True
train/videos/2017-09-20_19-24-55/2017-09-20_19-24-55.mp4-bee_id_5587-77790-1.png,1,1,True,True,True
train/videos/2017-09-20_19-24-55/2017-09-20_19-24-55.mp4-bee_id_5588-77790-1.png,0,0,False,False,True
train/videos/2017-09-20_19-24-55/2017-09-20_19-24-55.mp4-bee_id_5589-77790-1.png,1,1,True,True,True
train/videos/2017-09-20_19-24-55/2017-09-20_19-24-55.mp4-bee_id_5590-77865-1.png,0,0,False,False,True
train/videos/2017-09-20_19-24-55/2017-09-20_19-24-55.mp4-bee_id_5591-77865-1.png,1,0,True,False,True
train/videos/2017-09-20_19-24-55/2017-09-20_19-24-55.mp4-bee_id_5592-77865-1.png,0,0,False,False,True
train/videos/2017-09-20_19-24-55/2017-09-20_19-24-55.mp4-bee_id_5593-77895-1.png,1,1,True,False,True
train/videos/2017-09-20_19-24-55/2017-09-20_19-24-55.mp4-bee_id_5594-77895-1.png,0,1,False,False,True
train/videos/2017-09-20_19-24-55/2017-09-20_19-24-55.mp4-bee_id_5595-77955-1.png,0,0,False,False,True
train/videos/2017-09-20_19-24-55/2017-09-20_19-24-55.mp4-bee_id_5596-78030-1.png,0,0,False,False,True
train/videos/2017-09-20_19-24-55/2017-09-20_19-24-55.mp4-bee_id_5597-78060-1.png,0,0,False,False,True
train/videos/2017-09-20_19-24-55/2017-09-20_19-24-55.mp4-bee_id_5598-78075-1.png,0,0,False,False,True
train/videos/2017-09-20_19-24-55/2017-09-20_19-24-55.mp4-bee_id_5599-78075-1.png,0,0,False,False,True
train/videos/2017-09-20_19-24-55/2017-09-20_19-24-55.mp4-bee_id_5600-78120-1.png,0,0,False,False,True
train/videos/2017-09-20_19-24-55/2017-09-20_19-24-55.mp4-bee_id_5601-78165-1.png,0,0,False,False,True
train/videos/2017-09-20_19-24-55/2017-09-20_19-24-55.mp4-bee_id_5603-78225-1.png,0,0,False,False,True
train/videos/2017-09-20_19-24-55/2017-09-20_19-24-55.mp4-bee_id_5605-78255-1.png,1,2,True,False,True
train/videos/2017-09-20_19-24-55/2017-09-20_19-24-55.mp4-bee_id_5607-78420-1.png,0,0,False,False,True
train/videos/2017-09-20_19-24-55/2017-09-20_19-24-55.mp4-bee_id_5608-78435-1.png,0,1,False,False,True
train/videos/2017-09-20_19-24-55/2017-09-20_19-24-55.mp4-bee_id_5609-78450-1.png,0,0,False,False,True
train/videos/2017-09-20_19-24-55/2017-09-20_19-24-55.mp4-bee_id_5610-78465-1.png,0,0,False,False,True
train/videos/2017-09-20_19-24-55/2017-09-20_19-24-55.mp4-bee_id_5611-78465-1.png,1,0,True,False,True
train/videos/2017-09-20_19-24-55/2017-09-20_19-24-55.mp4-bee_id_5612-78480-1.png,0,0,False,False,True
train/videos/2017-09-20_19-24-55/2017-09-20_19-24-55.mp4-bee_id_5613-78480-1.png,0,0,False,False,True
train/videos/2017-09-20_19-24-55/2017-09-20_19-24-55.mp4-bee_id_5614-78480-1.png,0,1,False,False,True
train/videos/2017-09-20_19-24-55/2017-09-20_19-24-55.mp4-bee_id_5615-78480-1.png,1,0,True,False,True
train/videos/2017-09-20_19-24-55/2017-09-20_19-24-55.mp4-bee_id_5616-78495-1.png,0,0,False,False,True
train/videos/2017-09-20_19-24-55/2017-09-20_19-24-55.mp4-bee_id_5617-78510-1.png,1,0,True,False,True
train/videos/2017-09-20_19-24-55/2017-09-20_19-24-55.mp4-bee_id_5618-78525-1.png,0,0,False,False,True
train/videos/2017-09-20_19-24-55/2017-09-20_19-24-55.mp4-bee_id_5620-78585-1.png,1,2,True,True,True
train/videos/2017-09-20_19-24-55/2017-09-20_19-24-55.mp4-bee_id_5621-78750-1.png,1,2,True,True,True
train/videos/2017-09-20_19-24-55/2017-09-20_19-24-55.mp4-bee_id_5622-78765-1.png,0,0,False,False,True
train/videos/2017-09-20_19-24-55/2017-09-20_19-24-55.mp4-bee_id_5623-78765-1.png,0,1,False,False,True
train/videos/2017-09-20_19-24-55/2017-09-20_19-24-55.mp4-bee_id_5624-78795-1.png,0,2,False,False,True
train/videos/2017-09-20_19-24-55/2017-09-20_19-24-55.mp4-bee_id_5625-78795-1.png,0,1,False,False,True
train/videos/2017-09-20_19-24-55/2017-09-20_19-24-55.mp4-bee_id_5627-78855-1.png,0,0,False,False,True
train/videos/2017-09-20_19-24-55/2017-09-20_19-24-55.mp4-bee_id_5628-78870-1.png,0,0,False,False,True
train/videos/2017-09-20_19-24-55/2017-09-20_19-24-55.mp4-bee_id_5629-78870-1.png,0,0,False,False,True
train/videos/2017-09-20_19-24-55/2017-09-20_19-24-55.mp4-bee_id_5630-78885-1.png,0,0,False,False,True
train/videos/2017-09-20_19-24-55/2017-09-20_19-24-55.mp4-bee_id_5631-78915-1.png,0,1,False,False,True
train/videos/2017-09-20_19-24-55/2017-09-20_19-24-55.mp4-bee_id_5632-78915-1.png,0,0,False,False,True
train/videos/2017-09-20_19-24-55/2017-09-20_19-24-55.mp4-bee_id_5633-78960-1.png,0,0,False,False,True
train/videos/2017-09-20_19-24-55/2017-09-20_19-24-55.mp4-bee_id_5634-78975-1.png,0,1,False,False,True
train/videos/2017-09-20_19-24-55/2017-09-20_19-24-55.mp4-bee_id_5635-78990-1.png,0,0,False,False,True
train/videos/2017-09-20_19-24-55/2017-09-20_19-24-55.mp4-bee_id_5636-79005-1.png,0,0,False,False,True
train/videos/2017-09-20_19-24-55/2017-09-20_19-24-55.mp4-bee_id_5637-79020-1.png,0,0,False,False,True
train/videos/2017-09-20_19-24-55/2017-09-20_19-24-55.mp4-bee_id_5638-79050-1.png,0,0,False,False,True
train/videos/2017-09-20_19-24-55/2017-09-20_19-24-55.mp4-bee_id_5639-79140-1.png,0,0,False,False,True
train/videos/2017-09-20_19-24-55/2017-09-20_19-24-55.mp4-bee_id_5640-79170-1.png,0,0,False,False,True
train/videos/2017-09-20_19-24-55/2017-09-20_19-24-55.mp4-bee_id_5641-79200-1.png,1,0,True,False,True
train/videos/2017-09-20_19-24-55/2017-09-20_19-24-55.mp4-bee_id_5642-79245-1.png,1,0,True,False,True
train/videos/2017-09-20_19-24-55/2017-09-20_19-24-55.mp4-bee_id_5643-79245-1.png,1,0,True,False,True
train/videos/2017-09-20_19-24-55/2017-09-20_19-24-55.mp4-bee_id_5644-79260-1.png,1,2,True,False,True
train/videos/2017-09-20_19-24-55/2017-09-20_19-24-55.mp4-bee_id_5646-79260-1.png,0,2,False,False,True
train/videos/2017-09-20_19-24-55/2017-09-20_19-24-55.mp4-bee_id_5647-79260-1.png,0,0,False,False,True
train/videos/2017-09-20_19-24-55/2017-09-20_19-24-55.mp4-bee_id_5648-79260-1.png,0,0,False,False,True
train/videos/2017-09-20_19-24-55/2017-09-20_19-24-55.mp4-bee_id_5649-79305-1.png,0,0,False,False,True
train/videos/2017-09-20_19-24-55/2017-09-20_19-24-55.mp4-bee_id_5652-79410-1.png,0,1,False,False,True
train/videos/2017-09-20_19-24-55/2017-09-20_19-24-55.mp4-bee_id_5653-79440-1.png,1,0,True,False,True
train/videos/2017-09-20_19-24-55/2017-09-20_19-24-55.mp4-bee_id_5654-79500-1.png,0,0,False,False,True
train/videos/2017-09-20_19-24-55/2017-09-20_19-24-55.mp4-bee_id_5655-79560-1.png,0,0,False,False,True
train/videos/2017-09-20_19-24-55/2017-09-20_19-24-55.mp4-bee_id_5656-79575-1.png,1,2,True,True,True
train/videos/2017-09-20_19-24-55/2017-09-20_19-24-55.mp4-bee_id_5657-79605-1.png,1,0,True,False,True
train/videos/2017-09-20_19-24-55/2017-09-20_19-24-55.mp4-bee_id_5658-79620-1.png,0,1,False,False,True
train/videos/2017-09-20_19-24-55/2017-09-20_19-24-55.mp4-bee_id_5659-79680-1.png,0,0,False,False,True
train/videos/2017-09-20_19-24-55/2017-09-20_19-24-55.mp4-bee_id_5660-79680-1.png,0,1,False,False,True
train/videos/2017-09-20_19-24-55/2017-09-20_19-24-55.mp4-bee_id_5662-79710-1.png,0,0,False,False,True
train/videos/2017-09-20_19-24-55/2017-09-20_19-24-55.mp4-bee_id_5663-79725-1.png,1,0,True,False,True
train/videos/2017-09-20_19-24-55/2017-09-20_19-24-55.mp4-bee_id_5664-79755-1.png,1,1,True,True,True
train/videos/2017-09-20_19-24-55/2017-09-20_19-24-55.mp4-bee_id_5665-79800-1.png,0,1,False,False,True
train/videos/2017-09-20_19-24-55/2017-09-20_19-24-55.mp4-bee_id_5666-79860-1.png,1,0,True,False,True
train/videos/2017-09-20_19-24-55/2017-09-20_19-24-55.mp4-bee_id_5667-79860-1.png,1,2,True,False,True
train/videos/2017-09-20_19-24-55/2017-09-20_19-24-55.mp4-bee_id_5668-79875-1.png,1,2,True,True,True
train/videos/2017-09-20_19-24-55/2017-09-20_19-24-55.mp4-bee_id_5669-79905-1.png,0,0,False,False,True
train/videos/2017-09-20_19-24-55/2017-09-20_19-24-55.mp4-bee_id_5670-79950-1.png,1,2,True,True,True
train/videos/2017-09-20_19-24-55/2017-09-20_19-24-55.mp4-bee_id_5671-79980-1.png,0,0,False,False,True
train/videos/2017-09-20_19-24-55/2017-09-20_19-24-55.mp4-bee_id_5672-79980-1.png,0,0,False,False,True
train/videos/2017-09-20_19-24-55/2017-09-20_19-24-55.mp4-bee_id_5673-79980-1.png,0,0,False,False,True
train/videos/2017-09-20_19-24-55/2017-09-20_19-24-55.mp4-bee_id_5674-80010-1.png,0,0,False,False,True
train/videos/2017-09-20_19-24-55/2017-09-20_19-24-55.mp4-bee_id_5675-80040-1.png,1,0,True,False,True
train/videos/2017-09-20_19-24-55/2017-09-20_19-24-55.mp4-bee_id_5676-80055-1.png,0,1,False,False,True
train/videos/2017-09-20_19-24-55/2017-09-20_19-24-55.mp4-bee_id_5677-80070-1.png,0,0,False,False,True
train/videos/2017-09-20_19-24-55/2017-09-20_19-24-55.mp4-bee_id_5678-80070-1.png,0,0,False,False,True
train/videos/2017-09-20_19-24-55/2017-09-20_19-24-55.mp4-bee_id_5679-80085-1.png,0,0,False,False,True
train/videos/2017-09-20_19-24-55/2017-09-20_19-24-55.mp4-bee_id_5680-80085-1.png,1,0,True,False,True
train/videos/2017-09-20_19-24-55/2017-09-20_19-24-55.mp4-bee_id_5681-80160-1.png,1,0,True,False,True
train/videos/2017-09-20_19-24-55/2017-09-20_19-24-55.mp4-bee_id_5684-80235-1.png,0,2,False,False,True
train/videos/2017-09-20_19-24-55/2017-09-20_19-24-55.mp4-bee_id_5685-80280-1.png,0,0,False,False,True
train/videos/2017-09-20_19-24-55/2017-09-20_19-24-55.mp4-bee_id_5686-80295-1.png,0,0,False,False,True
train/videos/2017-09-20_19-24-55/2017-09-20_19-24-55.mp4-bee_id_5687-80295-1.png,0,0,False,False,True
train/videos/2017-09-20_19-24-55/2017-09-20_19-24-55.mp4-bee_id_5688-80325-1.png,1,0,True,False,True
train/videos/2017-09-20_19-24-55/2017-09-20_19-24-55.mp4-bee_id_5689-80355-1.png,0,1,False,False,True
train/videos/2017-09-20_19-24-55/2017-09-20_19-24-55.mp4-bee_id_5690-80355-1.png,0,0,False,False,True
train/videos/2017-09-20_19-24-55/2017-09-20_19-24-55.mp4-bee_id_5691-80415-1.png,0,1,False,False,True
train/videos/2017-09-20_19-24-55/2017-09-20_19-24-55.mp4-bee_id_5692-80460-1.png,0,0,False,False,True
train/videos/2017-09-20_19-24-55/2017-09-20_19-24-55.mp4-bee_id_5693-80475-1.png,1,1,True,False,True
train/videos/2017-09-20_19-24-55/2017-09-20_19-24-55.mp4-bee_id_5694-80505-1.png,1,1,True,True,True
train/videos/2017-09-20_19-24-55/2017-09-20_19-24-55.mp4-bee_id_5695-80505-1.png,1,1,True,False,True
train/videos/2017-09-20_19-24-55/2017-09-20_19-24-55.mp4-bee_id_5696-80595-1.png,0,2,False,False,True
train/videos/2017-09-20_19-24-55/2017-09-20_19-24-55.mp4-bee_id_5697-80625-1.png,1,0,True,False,True
train/videos/2017-09-20_19-24-55/2017-09-20_19-24-55.mp4-bee_id_5698-80655-1.png,0,0,False,False,True
train/videos/2017-09-20_19-24-55/2017-09-20_19-24-55.mp4-bee_id_5699-80700-1.png,1,0,True,False,True
train/videos/2017-09-20_19-24-55/2017-09-20_19-24-55.mp4-bee_id_5700-80715-1.png,0,1,False,False,True
train/videos/2017-09-20_19-24-55/2017-09-20_19-24-55.mp4-bee_id_5701-80805-1.png,0,0,False,False,True
train/videos/2017-09-20_19-24-55/2017-09-20_19-24-55.mp4-bee_id_5702-80835-1.png,1,1,True,True,True
train/videos/2017-09-20_19-24-55/2017-09-20_19-24-55.mp4-bee_id_5703-80850-1.png,1,2,True,True,True
train/videos/2017-09-20_19-24-55/2017-09-20_19-24-55.mp4-bee_id_5704-80865-1.png,1,3,True,True,True
train/videos/2017-09-20_19-24-55/2017-09-20_19-24-55.mp4-bee_id_5705-80925-1.png,1,0,True,False,True
train/videos/2017-09-20_19-24-55/2017-09-20_19-24-55.mp4-bee_id_5706-80985-1.png,0,2,False,False,True
train/videos/2017-09-20_19-24-55/2017-09-20_19-24-55.mp4-bee_id_5707-81120-1.png,1,2,True,False,True
train/videos/2017-09-20_19-24-55/2017-09-20_19-24-55.mp4-bee_id_5708-81135-1.png,1,0,True,False,True
train/videos/2017-09-20_19-24-55/2017-09-20_19-24-55.mp4-bee_id_5709-81150-1.png,0,0,False,False,True
train/videos/2017-09-20_19-24-55/2017-09-20_19-24-55.mp4-bee_id_5710-81165-1.png,0,1,False,False,True
train/videos/2017-09-20_19-24-55/2017-09-20_19-24-55.mp4-bee_id_5711-81180-1.png,0,0,False,False,True
train/videos/2017-09-20_19-24-55/2017-09-20_19-24-55.mp4-bee_id_5712-81180-1.png,0,0,False,False,True
train/videos/2017-09-20_19-24-55/2017-09-20_19-24-55.mp4-bee_id_5713-81180-1.png,0,2,False,False,True
train/videos/2017-09-20_19-24-55/2017-09-20_19-24-55.mp4-bee_id_5714-81195-1.png,0,1,False,False,True
train/videos/2017-09-20_19-24-55/2017-09-20_19-24-55.mp4-bee_id_5715-81225-1.png,0,0,False,False,True
train/videos/2017-09-20_19-24-55/2017-09-20_19-24-55.mp4-bee_id_5716-81225-1.png,0,1,False,False,True
train/videos/2017-09-20_19-24-55/2017-09-20_19-24-55.mp4-bee_id_5717-81240-1.png,0,0,False,False,True
train/videos/2017-09-20_19-24-55/2017-09-20_19-24-55.mp4-bee_id_5718-81240-1.png,0,0,False,False,True
train/videos/2017-09-20_19-24-55/2017-09-20_19-24-55.mp4-bee_id_5719-81270-1.png,0,0,False,False,True
train/videos/2017-09-20_19-24-55/2017-09-20_19-24-55.mp4-bee_id_5720-81300-1.png,0,0,False,False,True
train/videos/2017-09-20_19-24-55/2017-09-20_19-24-55.mp4-bee_id_5721-81315-1.png,1,0,True,False,True
train/videos/2017-09-20_19-24-55/2017-09-20_19-24-55.mp4-bee_id_5722-81435-1.png,0,1,False,False,True
train/videos/2017-09-20_19-24-55/2017-09-20_19-24-55.mp4-bee_id_5723-81525-1.png,0,0,False,False,True
train/videos/2017-09-20_19-24-55/2017-09-20_19-24-55.mp4-bee_id_5724-81555-1.png,0,0,False,False,True
train/videos/2017-09-20_19-24-55/2017-09-20_19-24-55.mp4-bee_id_5725-81570-1.png,0,2,False,False,True
train/videos/2017-09-20_19-24-55/2017-09-20_19-24-55.mp4-bee_id_5726-81600-1.png,0,0,False,False,True
train/videos/2017-09-20_19-24-55/2017-09-20_19-24-55.mp4-bee_id_5727-81615-1.png,0,0,False,False,True
train/videos/2017-09-20_19-24-55/2017-09-20_19-24-55.mp4-bee_id_5728-81615-1.png,0,0,False,False,True
train/videos/2017-09-20_19-24-55/2017-09-20_19-24-55.mp4-bee_id_5729-81660-1.png,0,0,False,False,True
train/videos/2017-09-20_19-24-55/2017-09-20_19-24-55.mp4-bee_id_5730-81660-1.png,0,0,False,False,True
train/videos/2017-09-20_19-24-55/2017-09-20_19-24-55.mp4-bee_id_5731-81705-1.png,0,0,False,False,True
train/videos/2017-09-20_19-24-55/2017-09-20_19-24-55.mp4-bee_id_5732-81780-1.png,0,0,False,False,True
train/videos/2017-09-20_19-24-55/2017-09-20_19-24-55.mp4-bee_id_5733-81810-1.png,0,1,False,False,True
train/videos/2017-09-20_19-24-55/2017-09-20_19-24-55.mp4-bee_id_5734-81870-1.png,0,0,False,False,True
train/videos/2017-09-20_19-24-55/2017-09-20_19-24-55.mp4-bee_id_5735-81885-1.png,0,2,False,False,True
train/videos/2017-09-20_19-24-55/2017-09-20_19-24-55.mp4-bee_id_5736-81885-1.png,0,0,False,False,True
train/videos/2017-09-20_19-24-55/2017-09-20_19-24-55.mp4-bee_id_5737-81900-1.png,0,0,False,False,True
train/videos/2017-09-20_19-24-55/2017-09-20_19-24-55.mp4-bee_id_5738-81945-1.png,1,0,True,False,True
train/videos/2017-09-20_19-24-55/2017-09-20_19-24-55.mp4-bee_id_5739-81945-1.png,0,0,False,False,True
train/videos/2017-09-20_19-24-55/2017-09-20_19-24-55.mp4-bee_id_5740-81990-1.png,1,2,True,True,True
train/videos/2017-09-20_19-24-55/2017-09-20_19-24-55.mp4-bee_id_5741-81990-1.png,0,0,False,False,True
train/videos/2017-09-20_19-24-55/2017-09-20_19-24-55.mp4-bee_id_5742-82005-1.png,1,0,True,False,True
train/videos/2017-09-20_19-24-55/2017-09-20_19-24-55.mp4-bee_id_5745-82065-1.png,1,0,True,False,True
train/videos/2017-09-20_19-24-55/2017-09-20_19-24-55.mp4-bee_id_5746-82080-1.png,0,0,False,False,True
train/videos/2017-09-20_19-24-55/2017-09-20_19-24-55.mp4-bee_id_5747-82110-1.png,1,1,True,False,True
train/videos/2017-09-20_19-24-55/2017-09-20_19-24-55.mp4-bee_id_5748-82110-1.png,0,2,False,False,True
train/videos/2017-09-20_19-24-55/2017-09-20_19-24-55.mp4-bee_id_5749-82125-1.png,1,0,True,False,True
train/videos/2017-09-20_19-24-55/2017-09-20_19-24-55.mp4-bee_id_5750-82125-1.png,1,0,True,False,True
train/videos/2017-09-20_19-24-55/2017-09-20_19-24-55.mp4-bee_id_5751-82125-1.png,0,0,False,False,True
train/videos/2017-09-20_19-24-55/2017-09-20_19-24-55.mp4-bee_id_5752-82125-1.png,1,1,True,False,True
train/videos/2017-09-20_19-24-55/2017-09-20_19-24-55.mp4-bee_id_5753-82125-1.png,1,0,True,False,True
train/videos/2017-09-20_19-24-55/2017-09-20_19-24-55.mp4-bee_id_5754-82155-1.png,0,0,False,False,True
train/videos/2017-09-20_19-24-55/2017-09-20_19-24-55.mp4-bee_id_5756-82305-1.png,1,0,True,False,True
train/videos/2017-09-20_19-24-55/2017-09-20_19-24-55.mp4-bee_id_5757-82305-1.png,0,2,False,False,True
train/videos/2017-09-20_19-24-55/2017-09-20_19-24-55.mp4-bee_id_5758-82320-1.png,1,0,True,False,True
train/videos/2017-09-20_19-24-55/2017-09-20_19-24-55.mp4-bee_id_5759-82320-1.png,1,1,True,False,True
train/videos/2017-09-20_19-24-55/2017-09-20_19-24-55.mp4-bee_id_5760-82350-1.png,1,0,True,False,True
train/videos/2017-09-20_19-24-55/2017-09-20_19-24-55.mp4-bee_id_5761-82365-1.png,0,0,False,False,True
train/videos/2017-09-20_19-24-55/2017-09-20_19-24-55.mp4-bee_id_5762-82395-1.png,0,0,False,False,True
train/videos/2017-09-20_19-24-55/2017-09-20_19-24-55.mp4-bee_id_5763-82410-1.png,0,1,False,False,True
train/videos/2017-09-20_19-24-55/2017-09-20_19-24-55.mp4-bee_id_5764-82425-1.png,0,2,False,False,True
train/videos/2017-09-20_19-24-55/2017-09-20_19-24-55.mp4-bee_id_5765-82425-1.png,1,0,True,False,True
train/videos/2017-09-20_19-24-55/2017-09-20_19-24-55.mp4-bee_id_5766-82440-1.png,0,1,False,False,True
train/videos/2017-09-20_19-24-55/2017-09-20_19-24-55.mp4-bee_id_5767-82500-1.png,0,1,False,False,True
train/videos/2017-09-20_19-24-55/2017-09-20_19-24-55.mp4-bee_id_5768-82500-1.png,1,0,True,False,True
train/videos/2017-09-20_19-24-55/2017-09-20_19-24-55.mp4-bee_id_5769-82545-1.png,0,0,False,False,True
train/videos/2017-09-20_19-24-55/2017-09-20_19-24-55.mp4-bee_id_5770-82545-1.png,1,1,True,False,True
train/videos/2017-09-20_19-24-55/2017-09-20_19-24-55.mp4-bee_id_5771-82575-1.png,1,1,True,False,True
train/videos/2017-09-20_19-24-55/2017-09-20_19-24-55.mp4-bee_id_5772-82590-1.png,1,0,True,False,True
train/videos/2017-09-20_19-24-55/2017-09-20_19-24-55.mp4-bee_id_5773-82605-1.png,1,2,True,True,True
train/videos/2017-09-20_19-24-55/2017-09-20_19-24-55.mp4-bee_id_5774-82635-1.png,1,1,True,True,True
train/videos/2017-09-20_19-24-55/2017-09-20_19-24-55.mp4-bee_id_5775-82650-1.png,0,0,False,False,True
train/videos/2017-09-20_19-24-55/2017-09-20_19-24-55.mp4-bee_id_5776-82710-1.png,0,0,False,False,True
train/videos/2017-09-20_19-24-55/2017-09-20_19-24-55.mp4-bee_id_5777-82770-1.png,0,0,False,False,True
train/videos/2017-09-20_19-24-55/2017-09-20_19-24-55.mp4-bee_id_5778-82785-1.png,1,2,True,False,True
train/videos/2017-09-20_19-24-55/2017-09-20_19-24-55.mp4-bee_id_5779-82800-1.png,0,0,False,False,True
train/videos/2017-09-20_19-24-55/2017-09-20_19-24-55.mp4-bee_id_5780-82830-1.png,1,0,True,False,True
train/videos/2017-09-20_19-24-55/2017-09-20_19-24-55.mp4-bee_id_5781-82875-1.png,0,0,False,False,True
train/videos/2017-09-20_19-24-55/2017-09-20_19-24-55.mp4-bee_id_5782-82890-1.png,0,1,False,False,True
train/videos/2017-09-20_19-24-55/2017-09-20_19-24-55.mp4-bee_id_5783-82950-1.png,0,0,False,False,True
train/videos/2017-09-20_19-24-55/2017-09-20_19-24-55.mp4-bee_id_5784-82950-1.png,1,1,True,True,True
train/videos/2017-09-20_19-24-55/2017-09-20_19-24-55.mp4-bee_id_5785-82965-1.png,0,2,False,False,True
train/videos/2017-09-20_19-24-55/2017-09-20_19-24-55.mp4-bee_id_5786-82980-1.png,1,0,True,False,True
train/videos/2017-09-20_19-24-55/2017-09-20_19-24-55.mp4-bee_id_5787-83010-1.png,0,0,False,False,True
train/videos/2017-09-20_19-24-55/2017-09-20_19-24-55.mp4-bee_id_5788-83010-1.png,1,1,True,True,True
train/videos/2017-09-20_19-24-55/2017-09-20_19-24-55.mp4-bee_id_5789-83040-1.png,0,0,False,False,True
train/videos/2017-09-20_19-24-55/2017-09-20_19-24-55.mp4-bee_id_5790-83040-1.png,1,0,True,False,True
train/videos/2017-09-20_19-24-55/2017-09-20_19-24-55.mp4-bee_id_5791-83070-1.png,0,0,False,False,True
train/videos/2017-09-20_19-24-55/2017-09-20_19-24-55.mp4-bee_id_5792-83085-1.png,0,0,False,False,True
train/videos/2017-09-20_19-24-55/2017-09-20_19-24-55.mp4-bee_id_5793-83205-1.png,0,0,False,False,True
train/videos/2017-09-20_19-24-55/2017-09-20_19-24-55.mp4-bee_id_5794-83220-1.png,0,2,False,False,True
train/videos/2017-09-20_19-24-55/2017-09-20_19-24-55.mp4-bee_id_5795-83250-1.png,0,0,False,False,True
train/videos/2017-09-20_19-24-55/2017-09-20_19-24-55.mp4-bee_id_5796-83265-1.png,0,1,False,False,True
train/videos/2017-09-20_19-24-55/2017-09-20_19-24-55.mp4-bee_id_5797-83295-1.png,0,0,False,False,True
train/videos/2017-09-20_19-24-55/2017-09-20_19-24-55.mp4-bee_id_5798-83295-1.png,1,2,True,False,True
train/videos/2017-09-20_19-24-55/2017-09-20_19-24-55.mp4-bee_id_5799-83340-1.png,0,1,False,False,True
train/videos/2017-09-20_19-24-55/2017-09-20_19-24-55.mp4-bee_id_5800-83355-1.png,0,0,False,False,True
train/videos/2017-09-20_19-24-55/2017-09-20_19-24-55.mp4-bee_id_5801-83355-1.png,0,0,False,False,True
train/videos/2017-09-20_19-24-55/2017-09-20_19-24-55.mp4-bee_id_5802-83355-1.png,0,1,False,False,True
train/videos/2017-09-20_19-24-55/2017-09-20_19-24-55.mp4-bee_id_5803-83460-1.png,0,0,False,False,True
train/videos/2017-09-20_19-24-55/2017-09-20_19-24-55.mp4-bee_id_5804-83490-1.png,1,0,True,False,True
train/videos/2017-09-20_19-24-55/2017-09-20_19-24-55.mp4-bee_id_5805-83505-1.png,1,0,True,False,True
train/videos/2017-09-20_19-24-55/2017-09-20_19-24-55.mp4-bee_id_5806-83595-1.png,0,3,False,False,True
train/videos/2017-09-20_19-24-55/2017-09-20_19-24-55.mp4-bee_id_5807-83610-1.png,1,1,True,False,True
train/videos/2017-09-20_19-24-55/2017-09-20_19-24-55.mp4-bee_id_5808-83610-1.png,1,0,True,False,True
train/videos/2017-09-20_19-24-55/2017-09-20_19-24-55.mp4-bee_id_5809-83625-1.png,0,0,False,False,True
train/videos/2017-09-20_19-24-55/2017-09-20_19-24-55.mp4-bee_id_5810-83640-1.png,0,1,False,False,True
train/videos/2017-09-20_19-24-55/2017-09-20_19-24-55.mp4-bee_id_5811-83655-1.png,0,1,False,False,True
train/videos/2017-09-20_19-24-55/2017-09-20_19-24-55.mp4-bee_id_5812-83730-1.png,0,1,False,False,True
train/videos/2017-09-20_19-24-55/2017-09-20_19-24-55.mp4-bee_id_5814-83805-1.png,0,1,False,False,True
train/videos/2017-09-20_19-24-55/2017-09-20_19-24-55.mp4-bee_id_5815-83805-1.png,0,0,False,False,True
train/videos/2017-09-20_19-24-55/2017-09-20_19-24-55.mp4-bee_id_5816-83820-1.png,0,0,False,False,True
train/videos/2017-09-20_19-24-55/2017-09-20_19-24-55.mp4-bee_id_5817-83865-1.png,1,2,True,False,True
train/videos/2017-09-20_19-24-55/2017-09-20_19-24-55.mp4-bee_id_5818-83865-1.png,0,0,False,False,True
train/videos/2017-09-20_19-24-55/2017-09-20_19-24-55.mp4-bee_id_5819-83880-1.png,0,0,False,False,True
train/videos/2017-09-20_19-24-55/2017-09-20_19-24-55.mp4-bee_id_5820-83880-1.png,0,0,False,False,True
train/videos/2017-09-20_19-24-55/2017-09-20_19-24-55.mp4-bee_id_5821-83895-1.png,0,1,False,False,True
train/videos/2017-09-20_19-24-55/2017-09-20_19-24-55.mp4-bee_id_5822-83940-1.png,0,0,False,False,True
train/videos/2017-09-20_19-24-55/2017-09-20_19-24-55.mp4-bee_id_5823-83985-1.png,0,0,False,False,True
train/videos/2017-09-20_19-24-55/2017-09-20_19-24-55.mp4-bee_id_5825-84090-1.png,0,0,False,False,True
train/videos/2017-09-20_19-24-55/2017-09-20_19-24-55.mp4-bee_id_5826-84120-1.png,0,1,False,False,True
train/videos/2017-09-20_19-24-55/2017-09-20_19-24-55.mp4-bee_id_5828-84180-1.png,1,0,True,False,True
train/videos/2017-09-20_19-24-55/2017-09-20_19-24-55.mp4-bee_id_5829-84180-1.png,0,0,False,False,True
train/videos/2017-09-20_19-24-55/2017-09-20_19-24-55.mp4-bee_id_5830-84225-1.png,0,0,False,False,True
train/videos/2017-09-20_19-24-55/2017-09-20_19-24-55.mp4-bee_id_5831-84255-1.png,0,0,False,False,True
train/videos/2017-09-20_19-24-55/2017-09-20_19-24-55.mp4-bee_id_5832-84270-1.png,0,1,False,False,True
train/videos/2017-09-20_19-24-55/2017-09-20_19-24-55.mp4-bee_id_5833-84270-1.png,1,0,True,False,True
train/videos/2017-09-20_19-24-55/2017-09-20_19-24-55.mp4-bee_id_5834-84345-1.png,1,0,True,False,True
train/videos/2017-09-20_19-24-55/2017-09-20_19-24-55.mp4-bee_id_5835-84345-1.png,0,0,False,False,True
train/videos/2017-09-20_19-24-55/2017-09-20_19-24-55.mp4-bee_id_5836-84360-1.png,0,1,False,False,True
train/videos/2017-09-20_19-24-55/2017-09-20_19-24-55.mp4-bee_id_5837-84375-1.png,1,0,True,False,True
train/videos/2017-09-20_19-24-55/2017-09-20_19-24-55.mp4-bee_id_5838-84405-1.png,1,0,True,False,True
train/videos/2017-09-20_19-24-55/2017-09-20_19-24-55.mp4-bee_id_5839-84435-1.png,1,0,True,False,True
train/videos/2017-09-20_19-24-55/2017-09-20_19-24-55.mp4-bee_id_5840-84450-1.png,0,2,False,False,True
train/videos/2017-09-20_19-24-55/2017-09-20_19-24-55.mp4-bee_id_5841-84465-1.png,1,0,True,False,True
train/videos/2017-09-20_19-24-55/2017-09-20_19-24-55.mp4-bee_id_5842-84495-1.png,1,1,True,True,True
train/videos/2017-09-20_19-24-55/2017-09-20_19-24-55.mp4-bee_id_5843-84645-1.png,1,0,True,False,True
train/videos/2017-09-20_19-24-55/2017-09-20_19-24-55.mp4-bee_id_5844-84660-1.png,1,0,True,False,True
train/videos/2017-09-20_19-24-55/2017-09-20_19-24-55.mp4-bee_id_5845-84675-1.png,0,0,False,False,True
train/videos/2017-09-20_19-24-55/2017-09-20_19-24-55.mp4-bee_id_5846-84720-1.png,1,0,True,False,True
train/videos/2017-09-20_19-24-55/2017-09-20_19-24-55.mp4-bee_id_5847-84765-1.png,0,0,False,False,True
train/videos/2017-09-20_19-24-55/2017-09-20_19-24-55.mp4-bee_id_5848-84795-1.png,1,0,True,False,True
train/videos/2017-09-20_19-24-55/2017-09-20_19-24-55.mp4-bee_id_5849-84870-1.png,0,0,False,False,True
train/videos/2017-09-20_19-24-55/2017-09-20_19-24-55.mp4-bee_id_5850-84870-1.png,1,0,True,False,True
train/videos/2017-09-20_19-24-55/2017-09-20_19-24-55.mp4-bee_id_5851-84900-1.png,0,0,False,False,True
train/videos/2017-09-20_19-24-55/2017-09-20_19-24-55.mp4-bee_id_5852-84915-1.png,0,0,False,False,True
train/videos/2017-09-20_19-24-55/2017-09-20_19-24-55.mp4-bee_id_5853-84960-1.png,1,1,True,True,True
train/videos/2017-09-20_19-24-55/2017-09-20_19-24-55.mp4-bee_id_5854-84960-1.png,0,0,False,False,True
train/videos/2017-09-20_19-24-55/2017-09-20_19-24-55.mp4-bee_id_5855-84975-1.png,1,0,True,False,True
train/videos/2017-09-20_19-24-55/2017-09-20_19-24-55.mp4-bee_id_5856-85020-1.png,0,0,False,False,True
train/videos/2017-09-20_19-24-55/2017-09-20_19-24-55.mp4-bee_id_5857-85035-1.png,0,0,False,False,True
train/videos/2017-09-20_19-24-55/2017-09-20_19-24-55.mp4-bee_id_5858-85035-1.png,0,0,False,False,True
train/videos/2017-09-20_19-24-55/2017-09-20_19-24-55.mp4-bee_id_5859-85050-1.png,0,0,False,False,True
train/videos/2017-09-20_19-24-55/2017-09-20_19-24-55.mp4-bee_id_5860-85050-1.png,1,1,True,True,True
train/videos/2017-09-20_19-24-55/2017-09-20_19-24-55.mp4-bee_id_5861-85065-1.png,0,1,False,False,True
train/videos/2017-09-20_19-24-55/2017-09-20_19-24-55.mp4-bee_id_5862-85140-1.png,0,1,False,False,True
train/videos/2017-09-20_19-24-55/2017-09-20_19-24-55.mp4-bee_id_5863-85140-1.png,1,1,True,False,True
train/videos/2017-09-20_19-24-55/2017-09-20_19-24-55.mp4-bee_id_5864-85155-1.png,1,1,True,True,True
train/videos/2017-09-20_19-24-55/2017-09-20_19-24-55.mp4-bee_id_5865-85170-1.png,0,1,False,False,True
train/videos/2017-09-20_19-24-55/2017-09-20_19-24-55.mp4-bee_id_5866-85260-1.png,0,0,False,False,True
train/videos/2017-09-20_19-24-55/2017-09-20_19-24-55.mp4-bee_id_5867-85275-1.png,1,1,True,False,True
train/videos/2017-09-20_19-24-55/2017-09-20_19-24-55.mp4-bee_id_5868-85425-1.png,0,0,False,False,True
train/videos/2017-09-20_19-24-55/2017-09-20_19-24-55.mp4-bee_id_5869-85425-1.png,1,0,True,False,True
train/videos/2017-09-20_19-24-55/2017-09-20_19-24-55.mp4-bee_id_5870-85425-1.png,1,2,True,False,True
train/videos/2017-09-20_19-24-55/2017-09-20_19-24-55.mp4-bee_id_5871-85470-1.png,0,0,False,False,True
train/videos/2017-09-20_19-24-55/2017-09-20_19-24-55.mp4-bee_id_5872-85485-1.png,0,0,False,False,True
train/videos/2017-09-20_19-24-55/2017-09-20_19-24-55.mp4-bee_id_5873-85500-1.png,0,0,False,False,True
train/videos/2017-09-20_19-24-55/2017-09-20_19-24-55.mp4-bee_id_5874-85605-1.png,0,0,False,False,True
train/videos/2017-09-20_19-24-55/2017-09-20_19-24-55.mp4-bee_id_5875-85635-1.png,1,1,True,True,True
train/videos/2017-09-20_19-24-55/2017-09-20_19-24-55.mp4-bee_id_5876-85650-1.png,0,2,False,False,True
train/videos/2017-09-20_19-24-55/2017-09-20_19-24-55.mp4-bee_id_5878-85740-1.png,0,0,False,False,True
train/videos/2017-09-20_19-24-55/2017-09-20_19-24-55.mp4-bee_id_5879-85845-1.png,0,1,False,False,True
train/videos/2017-09-20_19-24-55/2017-09-20_19-24-55.mp4-bee_id_5880-85845-1.png,1,0,True,False,True
train/videos/2017-09-20_19-24-55/2017-09-20_19-24-55.mp4-bee_id_5881-85875-1.png,0,0,False,False,True
train/videos/2017-09-20_19-24-55/2017-09-20_19-24-55.mp4-bee_id_5882-85890-1.png,1,2,True,False,True
train/videos/2017-09-20_19-24-55/2017-09-20_19-24-55.mp4-bee_id_5883-85920-1.png,1,2,True,True,True
train/videos/2017-09-20_19-24-55/2017-09-20_19-24-55.mp4-bee_id_5884-85935-1.png,1,1,True,False,True
train/videos/2017-09-20_19-24-55/2017-09-20_19-24-55.mp4-bee_id_5885-85950-1.png,0,0,False,False,True
train/videos/2017-09-20_19-24-55/2017-09-20_19-24-55.mp4-bee_id_5886-85965-1.png,1,0,True,False,True
train/videos/2017-09-20_19-24-55/2017-09-20_19-24-55.mp4-bee_id_5887-85995-1.png,1,0,True,False,True
train/videos/2017-09-20_19-24-55/2017-09-20_19-24-55.mp4-bee_id_5888-85995-1.png,0,0,False,False,True
train/videos/2017-09-20_19-24-55/2017-09-20_19-24-55.mp4-bee_id_5889-85995-1.png,0,0,False,False,True
train/videos/2017-09-20_19-24-55/2017-09-20_19-24-55.mp4-bee_id_5890-86085-1.png,0,0,False,False,True
train/videos/2017-09-20_19-24-55/2017-09-20_19-24-55.mp4-bee_id_5891-86100-1.png,0,0,False,False,True
train/videos/2017-09-20_19-24-55/2017-09-20_19-24-55.mp4-bee_id_5892-86160-1.png,0,1,False,False,True
train/videos/2017-09-20_19-24-55/2017-09-20_19-24-55.mp4-bee_id_5893-86205-1.png,0,0,False,False,True
train/videos/2017-09-20_19-24-55/2017-09-20_19-24-55.mp4-bee_id_5894-86235-1.png,0,0,False,False,True
train/videos/2017-09-20_19-24-55/2017-09-20_19-24-55.mp4-bee_id_5895-86250-1.png,0,0,False,False,True
train/videos/2017-09-20_19-24-55/2017-09-20_19-24-55.mp4-bee_id_5896-86280-1.png,0,2,False,False,True
train/videos/2017-09-20_19-24-55/2017-09-20_19-24-55.mp4-bee_id_5897-86325-1.png,1,0,True,False,True
train/videos/2017-09-20_19-24-55/2017-09-20_19-24-55.mp4-bee_id_5898-86355-1.png,0,0,False,False,True
train/videos/2017-09-20_19-24-55/2017-09-20_19-24-55.mp4-bee_id_5899-86415-1.png,1,0,True,False,True
train/videos/2017-09-20_19-24-55/2017-09-20_19-24-55.mp4-bee_id_5900-86430-1.png,0,1,False,False,True
train/videos/2017-09-20_19-24-55/2017-09-20_19-24-55.mp4-bee_id_5901-86460-1.png,1,1,True,True,True
train/videos/2017-09-20_19-24-55/2017-09-20_19-24-55.mp4-bee_id_5903-86505-1.png,0,0,False,False,True
train/videos/2017-09-20_19-24-55/2017-09-20_19-24-55.mp4-bee_id_5904-86535-1.png,0,0,False,False,True
train/videos/2017-09-20_19-24-55/2017-09-20_19-24-55.mp4-bee_id_5905-86610-1.png,0,0,False,False,True
train/videos/2017-09-20_19-24-55/2017-09-20_19-24-55.mp4-bee_id_5906-86625-1.png,0,0,False,False,True
train/videos/2017-09-20_19-24-55/2017-09-20_19-24-55.mp4-bee_id_5907-86640-1.png,0,0,False,False,True
train/videos/2017-09-20_19-24-55/2017-09-20_19-24-55.mp4-bee_id_5908-86640-1.png,1,1,True,True,True
train/videos/2017-09-20_19-24-55/2017-09-20_19-24-55.mp4-bee_id_5909-86640-1.png,0,0,False,False,True
train/videos/2017-09-20_19-24-55/2017-09-20_19-24-55.mp4-bee_id_5910-86655-1.png,0,0,False,False,True
train/videos/2017-09-20_19-24-55/2017-09-20_19-24-55.mp4-bee_id_5911-86715-1.png,1,1,True,True,True
train/videos/2017-09-20_19-24-55/2017-09-20_19-24-55.mp4-bee_id_5912-86715-1.png,0,0,False,False,True
train/videos/2017-09-20_19-24-55/2017-09-20_19-24-55.mp4-bee_id_5913-86715-1.png,1,2,True,True,True
train/videos/2017-09-20_19-24-55/2017-09-20_19-24-55.mp4-bee_id_5914-86790-1.png,0,0,False,False,True
train/videos/2017-09-20_19-24-55/2017-09-20_19-24-55.mp4-bee_id_5915-86895-1.png,0,0,False,False,True
train/videos/2017-09-20_19-24-55/2017-09-20_19-24-55.mp4-bee_id_5916-86895-1.png,0,0,False,False,True
train/videos/2017-09-20_19-24-55/2017-09-20_19-24-55.mp4-bee_id_5918-86925-1.png,1,0,True,False,True
train/videos/2017-09-20_19-24-55/2017-09-20_19-24-55.mp4-bee_id_5919-86925-1.png,0,1,False,False,True
train/videos/2017-09-20_19-24-55/2017-09-20_19-24-55.mp4-bee_id_5920-86940-1.png,1,1,True,True,True
train/videos/2017-09-20_19-24-55/2017-09-20_19-24-55.mp4-bee_id_5921-86970-1.png,1,0,True,False,True
train/videos/2017-09-20_19-24-55/2017-09-20_19-24-55.mp4-bee_id_5922-86985-1.png,0,1,False,False,True
train/videos/2017-09-20_19-24-55/2017-09-20_19-24-55.mp4-bee_id_5923-86985-1.png,0,0,False,False,True
train/videos/2017-09-20_19-24-55/2017-09-20_19-24-55.mp4-bee_id_5924-86985-1.png,0,0,False,False,True
train/videos/2017-09-20_19-24-55/2017-09-20_19-24-55.mp4-bee_id_5925-87105-1.png,0,1,False,False,True
train/videos/2017-09-20_19-24-55/2017-09-20_19-24-55.mp4-bee_id_5927-87135-1.png,0,0,False,False,True
train/videos/2017-09-20_19-24-55/2017-09-20_19-24-55.mp4-bee_id_5928-87165-1.png,0,0,False,False,True
train/videos/2017-09-20_19-24-55/2017-09-20_19-24-55.mp4-bee_id_5929-87165-1.png,0,1,False,False,True
train/videos/2017-09-20_19-24-55/2017-09-20_19-24-55.mp4-bee_id_5930-87195-1.png,0,0,False,False,True
train/videos/2017-09-20_19-24-55/2017-09-20_19-24-55.mp4-bee_id_5931-87210-1.png,0,0,False,False,True
train/videos/2017-09-20_19-24-55/2017-09-20_19-24-55.mp4-bee_id_5932-87225-1.png,0,0,False,False,True
train/videos/2017-09-20_19-24-55/2017-09-20_19-24-55.mp4-bee_id_5934-87270-1.png,1,0,True,False,True
train/videos/2017-09-20_19-24-55/2017-09-20_19-24-55.mp4-bee_id_5935-87345-1.png,0,0,False,False,True
train/videos/2017-09-20_19-24-55/2017-09-20_19-24-55.mp4-bee_id_5937-87465-1.png,0,1,False,False,True
train/videos/2017-09-20_19-24-55/2017-09-20_19-24-55.mp4-bee_id_5938-87510-1.png,0,0,False,False,True
train/videos/2017-09-20_19-24-55/2017-09-20_19-24-55.mp4-bee_id_5940-87555-1.png,1,0,True,False,True
train/videos/2017-09-20_19-24-55/2017-09-20_19-24-55.mp4-bee_id_5942-87570-1.png,1,1,True,False,True
train/videos/2017-09-20_19-24-55/2017-09-20_19-24-55.mp4-bee_id_5943-87585-1.png,0,0,False,False,True
train/videos/2017-09-20_19-24-55/2017-09-20_19-24-55.mp4-bee_id_5944-87630-1.png,0,0,False,False,True
train/videos/2017-09-20_19-24-55/2017-09-20_19-24-55.mp4-bee_id_5945-87645-1.png,1,2,True,True,True
train/videos/2017-09-20_19-24-55/2017-09-20_19-24-55.mp4-bee_id_5946-87690-1.png,1,2,True,True,True
train/videos/2017-09-20_19-24-55/2017-09-20_19-24-55.mp4-bee_id_5947-87705-1.png,0,0,False,False,True
train/videos/2017-09-20_19-24-55/2017-09-20_19-24-55.mp4-bee_id_5948-87705-1.png,0,0,False,False,True
train/videos/2017-09-20_19-24-55/2017-09-20_19-24-55.mp4-bee_id_5949-87705-1.png,1,2,True,True,True
train/videos/2017-09-20_19-24-55/2017-09-20_19-24-55.mp4-bee_id_5950-87735-1.png,0,0,False,False,True
train/videos/2017-09-20_19-24-55/2017-09-20_19-24-55.mp4-bee_id_5951-87765-1.png,0,0,False,False,True
train/videos/2017-09-20_19-24-55/2017-09-20_19-24-55.mp4-bee_id_5952-87780-1.png,0,0,False,False,True
train/videos/2017-09-20_19-24-55/2017-09-20_19-24-55.mp4-bee_id_5953-87795-1.png,0,2,False,False,True
train/videos/2017-09-20_19-24-55/2017-09-20_19-24-55.mp4-bee_id_5954-87795-1.png,0,0,False,False,True
train/videos/2017-09-20_19-24-55/2017-09-20_19-24-55.mp4-bee_id_5955-87825-1.png,0,0,False,False,True
train/videos/2017-09-20_19-24-55/2017-09-20_19-24-55.mp4-bee_id_5956-87885-1.png,0,0,False,False,True
train/videos/2017-09-20_19-24-55/2017-09-20_19-24-55.mp4-bee_id_5957-87930-1.png,0,0,False,False,True
train/videos/2017-09-20_19-24-55/2017-09-20_19-24-55.mp4-bee_id_5958-87945-1.png,0,0,False,False,True
train/videos/2017-09-20_19-24-55/2017-09-20_19-24-55.mp4-bee_id_5960-88020-1.png,1,0,True,False,True
train/videos/2017-09-20_19-24-55/2017-09-20_19-24-55.mp4-bee_id_5961-88020-1.png,0,0,False,False,True
train/videos/2017-09-20_19-24-55/2017-09-20_19-24-55.mp4-bee_id_5962-88050-1.png,1,1,True,True,True
train/videos/2017-09-20_19-24-55/2017-09-20_19-24-55.mp4-bee_id_5963-88050-1.png,0,0,False,False,True
train/videos/2017-09-20_19-24-55/2017-09-20_19-24-55.mp4-bee_id_5965-88140-1.png,0,0,False,False,True
train/videos/2017-09-20_19-24-55/2017-09-20_19-24-55.mp4-bee_id_5966-88230-1.png,1,0,True,False,True
train/videos/2017-09-20_19-24-55/2017-09-20_19-24-55.mp4-bee_id_5967-88245-1.png,0,0,False,False,True
train/videos/2017-09-20_19-24-55/2017-09-20_19-24-55.mp4-bee_id_5968-88260-1.png,0,0,False,False,True
train/videos/2017-09-20_19-24-55/2017-09-20_19-24-55.mp4-bee_id_5969-88290-1.png,1,0,True,False,True
train/videos/2017-09-20_19-24-55/2017-09-20_19-24-55.mp4-bee_id_5970-88320-1.png,0,0,False,False,True
train/videos/2017-09-20_19-24-55/2017-09-20_19-24-55.mp4-bee_id_5971-88320-1.png,0,0,False,False,True
train/videos/2017-09-20_19-24-55/2017-09-20_19-24-55.mp4-bee_id_5972-88350-1.png,1,0,True,False,True
train/videos/2017-09-20_19-24-55/2017-09-20_19-24-55.mp4-bee_id_5973-88365-1.png,0,0,False,False,True
train/videos/2017-09-20_19-24-55/2017-09-20_19-24-55.mp4-bee_id_5974-88380-1.png,0,0,False,False,True
train/videos/2017-09-20_19-24-55/2017-09-20_19-24-55.mp4-bee_id_5975-88380-1.png,0,1,False,False,True
train/videos/2017-09-20_19-24-55/2017-09-20_19-24-55.mp4-bee_id_5976-88425-1.png,0,0,False,False,True
train/videos/2017-09-20_19-24-55/2017-09-20_19-24-55.mp4-bee_id_5978-88440-1.png,0,0,False,False,True
train/videos/2017-09-20_19-24-55/2017-09-20_19-24-55.mp4-bee_id_5979-88500-1.png,0,2,False,False,True
train/videos/2017-09-20_19-24-55/2017-09-20_19-24-55.mp4-bee_id_5980-88515-1.png,0,2,False,False,True
train/videos/2017-09-20_19-24-55/2017-09-20_19-24-55.mp4-bee_id_5981-88515-1.png,0,1,False,False,True
train/videos/2017-09-20_19-24-55/2017-09-20_19-24-55.mp4-bee_id_5982-88515-1.png,1,1,True,True,True
train/videos/2017-09-20_19-24-55/2017-09-20_19-24-55.mp4-bee_id_5984-88785-1.png,0,0,False,False,True
train/videos/2017-09-20_19-24-55/2017-09-20_19-24-55.mp4-bee_id_5985-88860-1.png,0,1,False,False,True
train/videos/2017-09-20_19-24-55/2017-09-20_19-24-55.mp4-bee_id_5986-88875-1.png,1,1,True,True,True
train/videos/2017-09-20_19-24-55/2017-09-20_19-24-55.mp4-bee_id_5987-88890-1.png,1,0,True,False,True
train/videos/2017-09-20_19-24-55/2017-09-20_19-24-55.mp4-bee_id_5988-88920-1.png,0,0,False,False,True
train/videos/2017-09-20_19-24-55/2017-09-20_19-24-55.mp4-bee_id_5989-88920-1.png,0,0,False,False,True
train/videos/2017-09-20_19-24-55/2017-09-20_19-24-55.mp4-bee_id_5990-88995-1.png,0,1,False,False,True
train/videos/2017-09-20_19-24-55/2017-09-20_19-24-55.mp4-bee_id_5991-89010-1.png,0,0,False,False,True
train/videos/2017-09-20_19-24-55/2017-09-20_19-24-55.mp4-bee_id_5992-89010-1.png,0,0,False,False,True
train/videos/2017-09-20_19-24-55/2017-09-20_19-24-55.mp4-bee_id_5993-89025-1.png,1,2,True,True,True
train/videos/2017-09-20_19-24-55/2017-09-20_19-24-55.mp4-bee_id_5994-89070-1.png,0,0,False,False,True
train/videos/2017-09-20_19-24-55/2017-09-20_19-24-55.mp4-bee_id_5995-89100-1.png,0,0,False,False,True
train/videos/2017-09-20_19-24-55/2017-09-20_19-24-55.mp4-bee_id_5996-89160-1.png,0,0,False,False,True
train/videos/2017-09-20_19-24-55/2017-09-20_19-24-55.mp4-bee_id_5997-89205-1.png,1,1,True,False,True
train/videos/2017-09-20_19-24-55/2017-09-20_19-24-55.mp4-bee_id_5998-89235-1.png,1,2,True,False,True
train/videos/2017-09-20_19-24-55/2017-09-20_19-24-55.mp4-bee_id_6000-89250-1.png,0,1,False,False,True
train/videos/2017-09-20_19-24-55/2017-09-20_19-24-55.mp4-bee_id_6002-89340-1.png,0,0,False,False,True
train/videos/2017-09-20_19-24-55/2017-09-20_19-24-55.mp4-bee_id_6003-89385-1.png,1,0,True,False,True
train/videos/2017-09-20_19-24-55/2017-09-20_19-24-55.mp4-bee_id_6004-89415-1.png,0,0,False,False,True
train/videos/2017-09-20_19-24-55/2017-09-20_19-24-55.mp4-bee_id_6005-89430-1.png,0,0,False,False,True
train/videos/2017-09-20_19-24-55/2017-09-20_19-24-55.mp4-bee_id_6007-89475-1.png,0,2,False,False,True
train/videos/2017-09-20_19-24-55/2017-09-20_19-24-55.mp4-bee_id_6008-89550-1.png,0,0,False,False,True
train/videos/2017-09-20_19-24-55/2017-09-20_19-24-55.mp4-bee_id_6009-89565-1.png,0,0,False,False,True
train/videos/2017-09-20_19-24-55/2017-09-20_19-24-55.mp4-bee_id_6010-89580-1.png,0,0,False,False,True
train/videos/2017-09-20_19-24-55/2017-09-20_19-24-55.mp4-bee_id_6011-89580-1.png,1,1,True,False,True
train/videos/2017-09-20_19-24-55/2017-09-20_19-24-55.mp4-bee_id_6012-89610-1.png,1,1,True,False,True
train/videos/2017-09-20_19-24-55/2017-09-20_19-24-55.mp4-bee_id_6013-89670-1.png,1,0,True,False,True
train/videos/2017-09-20_19-24-55/2017-09-20_19-24-55.mp4-bee_id_6014-89700-1.png,0,0,False,False,True
train/videos/2017-09-20_19-24-55/2017-09-20_19-24-55.mp4-bee_id_6015-89760-1.png,0,1,False,False,True
train/videos/2017-09-20_19-24-55/2017-09-20_19-24-55.mp4-bee_id_6017-89790-1.png,0,1,False,False,True
train/videos/2017-09-20_19-24-55/2017-09-20_19-24-55.mp4-bee_id_6018-89820-1.png,1,0,True,False,True
train/videos/2017-09-20_19-24-55/2017-09-20_19-24-55.mp4-bee_id_6019-89835-1.png,0,2,False,False,True
train/videos/2017-09-20_19-24-55/2017-09-20_19-24-55.mp4-bee_id_6020-89835-1.png,0,0,False,False,True
train/videos/2017-09-20_19-24-55/2017-09-20_19-24-55.mp4-bee_id_6021-89850-1.png,1,1,True,False,True
train/videos/2017-09-20_19-24-55/2017-09-20_19-24-55.mp4-bee_id_6022-89865-1.png,0,1,False,False,True
train/videos/2017-09-20_19-24-55/2017-09-20_19-24-55.mp4-bee_id_6023-89865-1.png,0,0,False,False,True
train/videos/2017-09-20_19-24-55/2017-09-20_19-24-55.mp4-bee_id_6024-89895-1.png,0,0,False,False,True
train/videos/2017-09-20_19-24-55/2017-09-20_19-24-55.mp4-bee_id_6025-89970-1.png,0,2,False,False,True
train/videos/2017-09-20_19-24-55/2017-09-20_19-24-55.mp4-bee_id_6026-89985-1.png,0,0,False,False,True
train/videos/2017-09-20_19-24-55/2017-09-20_19-24-55.mp4-bee_id_6027-89985-1.png,1,0,True,False,True
train/videos/2017-09-20_19-24-55/2017-09-20_19-24-55.mp4-bee_id_6028-90030-1.png,0,1,False,False,True
train/videos/2017-09-20_19-24-55/2017-09-20_19-24-55.mp4-bee_id_6029-90150-1.png,1,1,True,True,True
train/videos/2017-09-20_19-24-55/2017-09-20_19-24-55.mp4-bee_id_6030-90150-1.png,0,0,False,False,True
train/videos/2017-09-20_19-24-55/2017-09-20_19-24-55.mp4-bee_id_6031-90150-1.png,0,0,False,False,True
train/videos/2017-09-20_19-24-55/2017-09-20_19-24-55.mp4-bee_id_6032-90195-1.png,0,0,False,False,True
train/videos/2017-09-20_19-24-55/2017-09-20_19-24-55.mp4-bee_id_6033-90210-1.png,0,0,False,False,True
train/videos/2017-09-20_19-24-55/2017-09-20_19-24-55.mp4-bee_id_6034-90225-1.png,0,0,False,False,True
train/videos/2017-09-20_19-24-55/2017-09-20_19-24-55.mp4-bee_id_6036-90360-1.png,1,1,True,True,True
train/videos/2017-09-20_19-24-55/2017-09-20_19-24-55.mp4-bee_id_6037-90450-1.png,1,1,True,False,True
train/videos/2017-09-20_19-24-55/2017-09-20_19-24-55.mp4-bee_id_6038-90465-1.png,1,1,True,False,True
train/videos/2017-09-20_19-24-55/2017-09-20_19-24-55.mp4-bee_id_6039-90480-1.png,0,0,False,False,True
train/videos/2017-09-20_19-24-55/2017-09-20_19-24-55.mp4-bee_id_6040-90570-1.png,0,0,False,False,True
train/videos/2017-09-20_19-24-55/2017-09-20_19-24-55.mp4-bee_id_6041-90570-1.png,0,0,False,False,True
train/videos/2017-09-20_19-24-55/2017-09-20_19-24-55.mp4-bee_id_6042-90615-1.png,1,1,True,False,True
train/videos/2017-09-20_19-24-55/2017-09-20_19-24-55.mp4-bee_id_6044-90660-1.png,0,1,False,False,True
train/videos/2017-09-20_19-24-55/2017-09-20_19-24-55.mp4-bee_id_6045-90675-1.png,1,0,True,False,True
train/videos/2017-09-20_19-24-55/2017-09-20_19-24-55.mp4-bee_id_6046-90705-1.png,0,1,False,False,True
train/videos/2017-09-20_19-24-55/2017-09-20_19-24-55.mp4-bee_id_6047-90750-1.png,0,0,False,False,True
train/videos/2017-09-20_19-24-55/2017-09-20_19-24-55.mp4-bee_id_6049-90765-1.png,0,1,False,False,True
train/videos/2017-09-20_19-24-55/2017-09-20_19-24-55.mp4-bee_id_6050-90780-1.png,0,1,False,False,True
train/videos/2017-09-20_19-24-55/2017-09-20_19-24-55.mp4-bee_id_6051-90780-1.png,1,0,True,False,True
train/videos/2017-09-20_19-24-55/2017-09-20_19-24-55.mp4-bee_id_6052-90825-1.png,0,1,False,False,True
train/videos/2017-09-20_19-24-55/2017-09-20_19-24-55.mp4-bee_id_6053-90855-1.png,0,0,False,False,True
train/videos/2017-09-20_19-24-55/2017-09-20_19-24-55.mp4-bee_id_6054-90855-1.png,0,0,False,False,True
train/videos/2017-09-20_19-24-55/2017-09-20_19-24-55.mp4-bee_id_6055-90900-1.png,0,0,False,False,True
train/videos/2017-09-20_19-24-55/2017-09-20_19-24-55.mp4-bee_id_6057-90915-1.png,0,0,False,False,True
train/videos/2017-09-20_19-24-55/2017-09-20_19-24-55.mp4-bee_id_6058-91005-1.png,1,0,True,False,True
train/videos/2017-09-20_19-24-55/2017-09-20_19-24-55.mp4-bee_id_6059-91050-1.png,1,0,True,False,True
train/videos/2017-09-20_19-24-55/2017-09-20_19-24-55.mp4-bee_id_6060-91080-1.png,0,0,False,False,True
train/videos/2017-09-20_19-24-55/2017-09-20_19-24-55.mp4-bee_id_6061-91080-1.png,1,2,True,True,True
train/videos/2017-09-20_19-24-55/2017-09-20_19-24-55.mp4-bee_id_6062-91095-1.png,0,0,False,False,True
train/videos/2017-09-20_19-24-55/2017-09-20_19-24-55.mp4-bee_id_6063-91155-1.png,0,0,False,False,True
train/videos/2017-09-20_19-24-55/2017-09-20_19-24-55.mp4-bee_id_6065-91155-1.png,0,0,False,False,True
train/videos/2017-09-20_19-24-55/2017-09-20_19-24-55.mp4-bee_id_6066-91200-1.png,0,2,False,False,True
train/videos/2017-09-20_19-24-55/2017-09-20_19-24-55.mp4-bee_id_6067-91230-1.png,0,1,False,False,True
train/videos/2017-09-20_19-24-55/2017-09-20_19-24-55.mp4-bee_id_6068-91230-1.png,1,2,True,False,True
train/videos/2017-09-20_19-24-55/2017-09-20_19-24-55.mp4-bee_id_6069-91245-1.png,0,0,False,False,True
train/videos/2017-09-20_19-24-55/2017-09-20_19-24-55.mp4-bee_id_6070-91335-1.png,0,0,False,False,True
train/videos/2017-09-20_19-24-55/2017-09-20_19-24-55.mp4-bee_id_6071-91365-1.png,1,0,True,False,True
train/videos/2017-09-20_19-24-55/2017-09-20_19-24-55.mp4-bee_id_6072-91380-1.png,0,1,False,False,True
train/videos/2017-09-20_19-24-55/2017-09-20_19-24-55.mp4-bee_id_6073-91380-1.png,0,0,False,False,True
train/videos/2017-09-20_19-24-55/2017-09-20_19-24-55.mp4-bee_id_6074-91395-1.png,0,1,False,False,True
train/videos/2017-09-20_19-24-55/2017-09-20_19-24-55.mp4-bee_id_6075-91410-1.png,0,1,False,False,True
train/videos/2017-09-20_19-24-55/2017-09-20_19-24-55.mp4-bee_id_6076-91425-1.png,1,1,True,False,True
train/videos/2017-09-20_19-24-55/2017-09-20_19-24-55.mp4-bee_id_6077-91440-1.png,0,0,False,False,True
train/videos/2017-09-20_19-24-55/2017-09-20_19-24-55.mp4-bee_id_6078-91440-1.png,1,0,True,False,True
train/videos/2017-09-20_19-24-55/2017-09-20_19-24-55.mp4-bee_id_6079-91455-1.png,0,1,False,False,True
train/videos/2017-09-20_19-24-55/2017-09-20_19-24-55.mp4-bee_id_6080-91485-1.png,0,2,False,False,True
train/videos/2017-09-20_19-24-55/2017-09-20_19-24-55.mp4-bee_id_6081-91485-1.png,0,0,False,False,True
train/videos/2017-09-20_19-24-55/2017-09-20_19-24-55.mp4-bee_id_6082-91500-1.png,0,1,False,False,True
train/videos/2017-09-20_19-24-55/2017-09-20_19-24-55.mp4-bee_id_6083-91500-1.png,0,0,False,False,True
train/videos/2017-09-20_19-24-55/2017-09-20_19-24-55.mp4-bee_id_6084-91515-1.png,0,0,False,False,True
train/videos/2017-09-20_19-24-55/2017-09-20_19-24-55.mp4-bee_id_6085-91650-1.png,0,0,False,False,True
train/videos/2017-09-20_19-24-55/2017-09-20_19-24-55.mp4-bee_id_6087-91680-1.png,0,0,False,False,True
train/videos/2017-09-20_19-24-55/2017-09-20_19-24-55.mp4-bee_id_6088-91710-1.png,0,0,False,False,True
train/videos/2017-09-20_19-24-55/2017-09-20_19-24-55.mp4-bee_id_6089-91725-1.png,0,0,False,False,True
train/videos/2017-09-20_19-24-55/2017-09-20_19-24-55.mp4-bee_id_6090-91770-1.png,0,2,False,False,True
train/videos/2017-09-20_19-24-55/2017-09-20_19-24-55.mp4-bee_id_6091-91860-1.png,0,0,False,False,True
train/videos/2017-09-20_19-24-55/2017-09-20_19-24-55.mp4-bee_id_6092-91980-1.png,0,1,False,False,True
train/videos/2017-09-20_19-24-55/2017-09-20_19-24-55.mp4-bee_id_6093-91980-1.png,1,0,True,False,True
train/videos/2017-09-20_19-24-55/2017-09-20_19-24-55.mp4-bee_id_6094-91980-1.png,1,0,True,False,True
train/videos/2017-09-20_19-24-55/2017-09-20_19-24-55.mp4-bee_id_6095-91995-1.png,0,0,False,False,True
train/videos/2017-09-20_19-24-55/2017-09-20_19-24-55.mp4-bee_id_6096-92010-1.png,0,0,False,False,True
train/videos/2017-09-20_19-24-55/2017-09-20_19-24-55.mp4-bee_id_6098-92100-1.png,0,1,False,False,True
train/videos/2017-09-20_19-24-55/2017-09-20_19-24-55.mp4-bee_id_6099-92100-1.png,1,0,True,False,True
train/videos/2017-09-20_19-24-55/2017-09-20_19-24-55.mp4-bee_id_6100-92115-1.png,1,0,True,False,True
train/videos/2017-09-20_19-24-55/2017-09-20_19-24-55.mp4-bee_id_6101-92130-1.png,0,0,False,False,True
train/videos/2017-09-20_19-24-55/2017-09-20_19-24-55.mp4-bee_id_6102-92160-1.png,1,2,True,True,True
train/videos/2017-09-20_19-24-55/2017-09-20_19-24-55.mp4-bee_id_6103-92175-1.png,0,0,False,False,True
train/videos/2017-09-20_19-24-55/2017-09-20_19-24-55.mp4-bee_id_6104-92205-1.png,0,0,False,False,True
train/videos/2017-09-20_19-24-55/2017-09-20_19-24-55.mp4-bee_id_6105-92220-1.png,0,0,False,False,True
train/videos/2017-09-20_19-24-55/2017-09-20_19-24-55.mp4-bee_id_6106-92220-1.png,0,0,False,False,True
train/videos/2017-09-20_19-24-55/2017-09-20_19-24-55.mp4-bee_id_6107-92235-1.png,0,0,False,False,True
train/videos/2017-09-20_19-24-55/2017-09-20_19-24-55.mp4-bee_id_6108-92295-1.png,1,1,True,True,True
train/videos/2017-09-20_19-24-55/2017-09-20_19-24-55.mp4-bee_id_6109-92295-1.png,0,0,False,False,True
train/videos/2017-09-20_19-24-55/2017-09-20_19-24-55.mp4-bee_id_6110-92310-1.png,1,1,True,True,True
train/videos/2017-09-20_19-24-55/2017-09-20_19-24-55.mp4-bee_id_6111-92325-1.png,1,0,True,False,True
train/videos/2017-09-20_19-24-55/2017-09-20_19-24-55.mp4-bee_id_6112-92355-1.png,1,0,True,False,True
train/videos/2017-09-20_19-24-55/2017-09-20_19-24-55.mp4-bee_id_6113-92370-1.png,1,0,True,False,True
train/videos/2017-09-20_19-24-55/2017-09-20_19-24-55.mp4-bee_id_6114-92385-1.png,1,0,True,False,True
train/videos/2017-09-20_19-24-55/2017-09-20_19-24-55.mp4-bee_id_6115-92445-1.png,0,0,False,False,True
train/videos/2017-09-20_19-24-55/2017-09-20_19-24-55.mp4-bee_id_6116-92460-1.png,0,0,False,False,True
train/videos/2017-09-20_19-24-55/2017-09-20_19-24-55.mp4-bee_id_6117-92460-1.png,0,0,False,False,True
train/videos/2017-09-20_19-24-55/2017-09-20_19-24-55.mp4-bee_id_6118-92535-1.png,1,0,True,False,True
train/videos/2017-09-20_19-24-55/2017-09-20_19-24-55.mp4-bee_id_6119-92565-1.png,0,0,False,False,True
train/videos/2017-09-20_19-24-55/2017-09-20_19-24-55.mp4-bee_id_6120-92565-1.png,1,0,True,False,True
train/videos/2017-09-20_19-24-55/2017-09-20_19-24-55.mp4-bee_id_6121-92580-1.png,1,0,True,False,True
train/videos/2017-09-20_19-24-55/2017-09-20_19-24-55.mp4-bee_id_6122-92625-1.png,0,0,False,False,True
train/videos/2017-09-20_19-24-55/2017-09-20_19-24-55.mp4-bee_id_6123-92625-1.png,0,2,False,False,True
train/videos/2017-09-20_19-24-55/2017-09-20_19-24-55.mp4-bee_id_6124-92685-1.png,1,1,True,False,True
train/videos/2017-09-20_19-24-55/2017-09-20_19-24-55.mp4-bee_id_6125-92700-1.png,1,1,True,True,True
train/videos/2017-09-20_19-24-55/2017-09-20_19-24-55.mp4-bee_id_6126-92745-1.png,0,0,False,False,True
train/videos/2017-09-20_19-24-55/2017-09-20_19-24-55.mp4-bee_id_6127-92745-1.png,0,1,False,False,True
train/videos/2017-09-20_19-24-55/2017-09-20_19-24-55.mp4-bee_id_6128-92760-1.png,0,0,False,False,True
train/videos/2017-09-20_19-24-55/2017-09-20_19-24-55.mp4-bee_id_6129-92805-1.png,0,1,False,False,True
train/videos/2017-09-20_19-24-55/2017-09-20_19-24-55.mp4-bee_id_6130-92820-1.png,0,1,False,False,True
train/videos/2017-09-20_19-24-55/2017-09-20_19-24-55.mp4-bee_id_6131-92820-1.png,0,1,False,False,True
train/videos/2017-09-20_19-24-55/2017-09-20_19-24-55.mp4-bee_id_6132-92835-1.png,0,0,False,False,True
train/videos/2017-09-20_19-24-55/2017-09-20_19-24-55.mp4-bee_id_6133-92850-1.png,0,0,False,False,True
train/videos/2017-09-20_19-24-55/2017-09-20_19-24-55.mp4-bee_id_6134-92895-1.png,0,1,False,False,True
train/videos/2017-09-20_19-24-55/2017-09-20_19-24-55.mp4-bee_id_6135-92910-1.png,0,1,False,False,True
train/videos/2017-09-20_19-24-55/2017-09-20_19-24-55.mp4-bee_id_6136-92925-1.png,0,0,False,False,True
train/videos/2017-09-20_19-24-55/2017-09-20_19-24-55.mp4-bee_id_6137-92940-1.png,0,0,False,False,True
train/videos/2017-09-20_19-24-55/2017-09-20_19-24-55.mp4-bee_id_6138-92940-1.png,0,0,False,False,True
train/videos/2017-09-20_19-24-55/2017-09-20_19-24-55.mp4-bee_id_6139-93015-1.png,0,0,False,False,True
train/videos/2017-09-20_19-24-55/2017-09-20_19-24-55.mp4-bee_id_6140-93045-1.png,0,0,False,False,True
train/videos/2017-09-20_19-24-55/2017-09-20_19-24-55.mp4-bee_id_6143-93210-1.png,1,2,True,True,True
train/videos/2017-09-20_19-24-55/2017-09-20_19-24-55.mp4-bee_id_6144-93225-1.png,1,0,True,False,True
train/videos/2017-09-20_19-24-55/2017-09-20_19-24-55.mp4-bee_id_6145-93225-1.png,1,2,True,True,True
train/videos/2017-09-20_19-24-55/2017-09-20_19-24-55.mp4-bee_id_6147-93330-1.png,0,0,False,False,True
train/videos/2017-09-20_19-24-55/2017-09-20_19-24-55.mp4-bee_id_6148-93360-1.png,0,1,False,False,True
train/videos/2017-09-20_19-24-55/2017-09-20_19-24-55.mp4-bee_id_6149-93375-1.png,0,0,False,False,True
train/videos/2017-09-20_19-24-55/2017-09-20_19-24-55.mp4-bee_id_6150-93375-1.png,0,0,False,False,True
train/videos/2017-09-20_19-24-55/2017-09-20_19-24-55.mp4-bee_id_6151-93375-1.png,0,1,False,False,True
train/videos/2017-09-20_19-24-55/2017-09-20_19-24-55.mp4-bee_id_6152-93405-1.png,0,0,False,False,True
train/videos/2017-09-20_19-24-55/2017-09-20_19-24-55.mp4-bee_id_6153-93420-1.png,1,0,True,False,True
train/videos/2017-09-20_19-24-55/2017-09-20_19-24-55.mp4-bee_id_6154-93420-1.png,0,0,False,False,True
train/videos/2017-09-20_19-24-55/2017-09-20_19-24-55.mp4-bee_id_6156-93480-1.png,1,0,True,False,True
train/videos/2017-09-20_19-24-55/2017-09-20_19-24-55.mp4-bee_id_6157-93495-1.png,0,0,False,False,True
train/videos/2017-09-20_19-24-55/2017-09-20_19-24-55.mp4-bee_id_6158-93555-1.png,1,0,True,False,True
train/videos/2017-09-20_19-24-55/2017-09-20_19-24-55.mp4-bee_id_6159-93555-1.png,1,2,True,False,True
train/videos/2017-09-20_19-24-55/2017-09-20_19-24-55.mp4-bee_id_6160-93615-1.png,0,0,False,False,True
train/videos/2017-09-20_19-24-55/2017-09-20_19-24-55.mp4-bee_id_6161-93615-1.png,0,0,False,False,True
train/videos/2017-09-20_19-24-55/2017-09-20_19-24-55.mp4-bee_id_6162-93630-1.png,1,0,True,False,True
train/videos/2017-09-20_19-24-55/2017-09-20_19-24-55.mp4-bee_id_6163-93690-1.png,0,0,False,False,True
train/videos/2017-09-20_19-24-55/2017-09-20_19-24-55.mp4-bee_id_6164-93720-1.png,0,2,False,False,True
train/videos/2017-09-20_19-24-55/2017-09-20_19-24-55.mp4-bee_id_6165-93750-1.png,0,1,False,False,True
train/videos/2017-09-20_19-24-55/2017-09-20_19-24-55.mp4-bee_id_6166-93765-1.png,1,0,True,False,True
train/videos/2017-09-20_19-24-55/2017-09-20_19-24-55.mp4-bee_id_6167-93780-1.png,0,1,False,False,True
train/videos/2017-09-20_19-24-55/2017-09-20_19-24-55.mp4-bee_id_6168-93795-1.png,0,1,False,False,True
train/videos/2017-09-20_19-24-55/2017-09-20_19-24-55.mp4-bee_id_6169-93855-1.png,0,0,False,False,True
train/videos/2017-09-20_19-24-55/2017-09-20_19-24-55.mp4-bee_id_6170-93915-1.png,0,0,False,False,True
train/videos/2017-09-20_19-24-55/2017-09-20_19-24-55.mp4-bee_id_6171-93975-1.png,1,0,True,False,True
train/videos/2017-09-20_19-24-55/2017-09-20_19-24-55.mp4-bee_id_6172-94050-1.png,1,1,True,True,True
train/videos/2017-09-20_19-24-55/2017-09-20_19-24-55.mp4-bee_id_6173-94050-1.png,0,0,False,False,True
train/videos/2017-09-20_19-24-55/2017-09-20_19-24-55.mp4-bee_id_6174-94065-1.png,0,0,False,False,True
train/videos/2017-09-20_19-24-55/2017-09-20_19-24-55.mp4-bee_id_6176-94065-1.png,0,1,False,False,True
train/videos/2017-09-20_19-24-55/2017-09-20_19-24-55.mp4-bee_id_6177-94065-1.png,0,1,False,False,True
train/videos/2017-09-20_19-24-55/2017-09-20_19-24-55.mp4-bee_id_6178-94095-1.png,0,0,False,False,True
train/videos/2017-09-20_19-24-55/2017-09-20_19-24-55.mp4-bee_id_6180-94125-1.png,0,0,False,False,True
train/videos/2017-09-20_19-24-55/2017-09-20_19-24-55.mp4-bee_id_6181-94140-1.png,0,0,False,False,True
train/videos/2017-09-20_19-24-55/2017-09-20_19-24-55.mp4-bee_id_6182-94215-1.png,1,0,True,False,True
train/videos/2017-09-20_19-24-55/2017-09-20_19-24-55.mp4-bee_id_6183-94260-1.png,0,1,False,False,True
train/videos/2017-09-20_19-24-55/2017-09-20_19-24-55.mp4-bee_id_6186-94380-1.png,0,1,False,False,True
train/videos/2017-09-20_19-24-55/2017-09-20_19-24-55.mp4-bee_id_6187-94395-1.png,1,0,True,False,True
train/videos/2017-09-20_19-24-55/2017-09-20_19-24-55.mp4-bee_id_6188-94395-1.png,0,0,False,False,True
train/videos/2017-09-20_19-24-55/2017-09-20_19-24-55.mp4-bee_id_6189-94425-1.png,1,0,True,False,True
train/videos/2017-09-20_19-24-55/2017-09-20_19-24-55.mp4-bee_id_6190-94425-1.png,1,0,True,False,True
train/videos/2017-09-20_19-24-55/2017-09-20_19-24-55.mp4-bee_id_6191-94440-1.png,1,1,True,False,True
train/videos/2017-09-20_19-24-55/2017-09-20_19-24-55.mp4-bee_id_6192-94455-1.png,1,1,True,False,True
train/videos/2017-09-20_19-24-55/2017-09-20_19-24-55.mp4-bee_id_6193-94455-1.png,0,2,False,False,True
train/videos/2017-09-20_19-24-55/2017-09-20_19-24-55.mp4-bee_id_6194-94470-1.png,1,1,True,True,True
train/videos/2017-09-20_19-24-55/2017-09-20_19-24-55.mp4-bee_id_6195-94470-1.png,0,0,False,False,True
train/videos/2017-09-20_19-24-55/2017-09-20_19-24-55.mp4-bee_id_6196-94470-1.png,0,0,False,False,True
train/videos/2017-09-20_19-24-55/2017-09-20_19-24-55.mp4-bee_id_6197-94485-1.png,0,0,False,False,True
train/videos/2017-09-20_19-24-55/2017-09-20_19-24-55.mp4-bee_id_6198-94590-1.png,0,0,False,False,True
train/videos/2017-09-20_19-24-55/2017-09-20_19-24-55.mp4-bee_id_6199-94665-1.png,0,0,False,False,True
train/videos/2017-09-20_19-24-55/2017-09-20_19-24-55.mp4-bee_id_6200-94680-1.png,0,1,False,False,True
train/videos/2017-09-20_19-24-55/2017-09-20_19-24-55.mp4-bee_id_6201-94740-1.png,1,0,True,False,True
train/videos/2017-09-20_19-24-55/2017-09-20_19-24-55.mp4-bee_id_6202-94755-1.png,1,0,True,False,True
train/videos/2017-09-20_19-24-55/2017-09-20_19-24-55.mp4-bee_id_6203-94785-1.png,0,0,False,False,True
train/videos/2017-09-20_19-24-55/2017-09-20_19-24-55.mp4-bee_id_6204-94800-1.png,0,0,False,False,True
train/videos/2017-09-20_19-24-55/2017-09-20_19-24-55.mp4-bee_id_6205-94845-1.png,0,0,False,False,True
train/videos/2017-09-20_19-24-55/2017-09-20_19-24-55.mp4-bee_id_6206-94860-1.png,1,2,True,False,True
train/videos/2017-09-20_19-24-55/2017-09-20_19-24-55.mp4-bee_id_6207-94875-1.png,1,2,True,True,True
train/videos/2017-09-20_19-24-55/2017-09-20_19-24-55.mp4-bee_id_6208-94980-1.png,0,0,False,False,True
train/videos/2017-09-20_19-24-55/2017-09-20_19-24-55.mp4-bee_id_6209-94995-1.png,0,1,False,False,True
train/videos/2017-09-20_19-24-55/2017-09-20_19-24-55.mp4-bee_id_6210-95010-1.png,1,0,True,False,True
train/videos/2017-09-20_19-24-55/2017-09-20_19-24-55.mp4-bee_id_6211-95025-1.png,0,0,False,False,True
train/videos/2017-09-20_19-24-55/2017-09-20_19-24-55.mp4-bee_id_6212-95040-1.png,0,0,False,False,True
train/videos/2017-09-20_19-24-55/2017-09-20_19-24-55.mp4-bee_id_6213-95100-1.png,0,0,False,False,True
train/videos/2017-09-20_19-24-55/2017-09-20_19-24-55.mp4-bee_id_6215-95175-1.png,0,0,False,False,True
train/videos/2017-09-20_19-24-55/2017-09-20_19-24-55.mp4-bee_id_6216-95190-1.png,1,0,True,False,True
train/videos/2017-09-20_19-24-55/2017-09-20_19-24-55.mp4-bee_id_6217-95190-1.png,0,0,False,False,True
train/videos/2017-09-20_19-24-55/2017-09-20_19-24-55.mp4-bee_id_6218-95190-1.png,0,3,False,False,True
train/videos/2017-09-20_19-24-55/2017-09-20_19-24-55.mp4-bee_id_6219-95205-1.png,1,1,True,True,True
train/videos/2017-09-20_19-24-55/2017-09-20_19-24-55.mp4-bee_id_6220-95325-1.png,0,2,False,False,True
train/videos/2017-09-20_19-24-55/2017-09-20_19-24-55.mp4-bee_id_6221-95340-1.png,0,0,False,False,True
train/videos/2017-09-20_19-24-55/2017-09-20_19-24-55.mp4-bee_id_6222-95400-1.png,0,0,False,False,True
train/videos/2017-09-20_19-24-55/2017-09-20_19-24-55.mp4-bee_id_6226-95475-1.png,1,1,True,False,True
train/videos/2017-09-20_19-24-55/2017-09-20_19-24-55.mp4-bee_id_6227-95490-1.png,0,0,False,False,True
train/videos/2017-09-20_19-24-55/2017-09-20_19-24-55.mp4-bee_id_6228-95565-1.png,1,0,True,False,True
train/videos/2017-09-20_19-24-55/2017-09-20_19-24-55.mp4-bee_id_6229-95580-1.png,0,0,False,False,True
train/videos/2017-09-20_19-24-55/2017-09-20_19-24-55.mp4-bee_id_6230-95610-1.png,1,0,True,False,True
train/videos/2017-09-20_19-24-55/2017-09-20_19-24-55.mp4-bee_id_6231-95640-1.png,1,1,True,False,True
train/videos/2017-09-20_19-24-55/2017-09-20_19-24-55.mp4-bee_id_6232-95655-1.png,0,1,False,False,True
train/videos/2017-09-20_19-24-55/2017-09-20_19-24-55.mp4-bee_id_6233-95655-1.png,0,0,False,False,True
train/videos/2017-09-20_19-24-55/2017-09-20_19-24-55.mp4-bee_id_6234-95670-1.png,0,2,False,False,True
train/videos/2017-09-20_19-24-55/2017-09-20_19-24-55.mp4-bee_id_6235-95775-1.png,0,0,False,False,True
train/videos/2017-09-20_19-24-55/2017-09-20_19-24-55.mp4-bee_id_6236-95775-1.png,1,1,True,True,True
train/videos/2017-09-20_19-24-55/2017-09-20_19-24-55.mp4-bee_id_6237-95820-1.png,1,1,True,False,True
train/videos/2017-09-20_19-24-55/2017-09-20_19-24-55.mp4-bee_id_6238-95820-1.png,0,0,False,False,True
train/videos/2017-09-20_19-24-55/2017-09-20_19-24-55.mp4-bee_id_6239-95895-1.png,0,0,False,False,True
train/videos/2017-09-20_19-24-55/2017-09-20_19-24-55.mp4-bee_id_6240-95940-1.png,0,0,False,False,True
train/videos/2017-09-20_19-24-55/2017-09-20_19-24-55.mp4-bee_id_6241-95985-1.png,1,0,True,False,True
train/videos/2017-09-20_19-24-55/2017-09-20_19-24-55.mp4-bee_id_6242-96000-1.png,1,1,True,True,True
train/videos/2017-09-20_19-24-55/2017-09-20_19-24-55.mp4-bee_id_6243-96030-1.png,0,1,False,False,True
train/videos/2017-09-20_19-24-55/2017-09-20_19-24-55.mp4-bee_id_6244-96045-1.png,0,0,False,False,True
train/videos/2017-09-20_19-24-55/2017-09-20_19-24-55.mp4-bee_id_6245-96045-1.png,0,1,False,False,True
train/videos/2017-09-20_19-24-55/2017-09-20_19-24-55.mp4-bee_id_6246-96060-1.png,1,0,True,False,True
train/videos/2017-09-20_19-24-55/2017-09-20_19-24-55.mp4-bee_id_6247-96075-1.png,1,1,True,False,True
train/videos/2017-09-20_19-24-55/2017-09-20_19-24-55.mp4-bee_id_6248-96165-1.png,0,0,False,False,True
train/videos/2017-09-20_19-24-55/2017-09-20_19-24-55.mp4-bee_id_6249-96180-1.png,0,0,False,False,True
train/videos/2017-09-20_19-24-55/2017-09-20_19-24-55.mp4-bee_id_6250-96195-1.png,0,1,False,False,True
train/videos/2017-09-20_19-24-55/2017-09-20_19-24-55.mp4-bee_id_6251-96270-1.png,0,0,False,False,True
train/videos/2017-09-20_19-24-55/2017-09-20_19-24-55.mp4-bee_id_6252-96300-1.png,1,0,True,False,True
train/videos/2017-09-20_19-24-55/2017-09-20_19-24-55.mp4-bee_id_6253-96300-1.png,0,2,False,False,True
train/videos/2017-09-20_19-24-55/2017-09-20_19-24-55.mp4-bee_id_6254-96300-1.png,0,0,False,False,True
train/videos/2017-09-20_19-24-55/2017-09-20_19-24-55.mp4-bee_id_6255-96300-1.png,1,1,True,True,True
train/videos/2017-09-20_19-24-55/2017-09-20_19-24-55.mp4-bee_id_6257-96450-1.png,0,0,False,False,True
train/videos/2017-09-20_19-24-55/2017-09-20_19-24-55.mp4-bee_id_6258-96510-1.png,0,1,False,False,True
train/videos/2017-09-20_19-24-55/2017-09-20_19-24-55.mp4-bee_id_6264-96615-1.png,0,0,False,False,True
train/videos/2017-09-20_19-24-55/2017-09-20_19-24-55.mp4-bee_id_6265-96615-1.png,0,0,False,False,True
train/videos/2017-09-20_19-24-55/2017-09-20_19-24-55.mp4-bee_id_6266-96630-1.png,0,1,False,False,True
train/videos/2017-09-20_19-24-55/2017-09-20_19-24-55.mp4-bee_id_6268-96660-1.png,0,1,False,False,True
train/videos/2017-09-20_19-24-55/2017-09-20_19-24-55.mp4-bee_id_6269-96705-1.png,1,2,True,True,True
train/videos/2017-09-20_19-24-55/2017-09-20_19-24-55.mp4-bee_id_6270-96705-1.png,0,0,False,False,True
train/videos/2017-09-20_19-24-55/2017-09-20_19-24-55.mp4-bee_id_6271-96705-1.png,0,0,False,False,True
train/videos/2017-09-20_19-24-55/2017-09-20_19-24-55.mp4-bee_id_6272-96720-1.png,0,0,False,False,True
train/videos/2017-09-20_19-24-55/2017-09-20_19-24-55.mp4-bee_id_6273-96735-1.png,0,0,False,False,True
train/videos/2017-09-20_19-24-55/2017-09-20_19-24-55.mp4-bee_id_6275-96840-1.png,1,1,True,True,True
train/videos/2017-09-20_19-24-55/2017-09-20_19-24-55.mp4-bee_id_6276-96870-1.png,1,1,True,True,True
train/videos/2017-09-20_19-24-55/2017-09-20_19-24-55.mp4-bee_id_6277-96870-1.png,0,1,False,False,True
train/videos/2017-09-20_19-24-55/2017-09-20_19-24-55.mp4-bee_id_6278-96885-1.png,1,0,True,False,True
train/videos/2017-09-20_19-24-55/2017-09-20_19-24-55.mp4-bee_id_6279-96885-1.png,0,0,False,False,True
train/videos/2017-09-20_19-24-55/2017-09-20_19-24-55.mp4-bee_id_6280-96930-1.png,0,0,False,False,True
train/videos/2017-09-20_19-24-55/2017-09-20_19-24-55.mp4-bee_id_6281-97020-1.png,1,0,True,False,True
train/videos/2017-09-20_19-24-55/2017-09-20_19-24-55.mp4-bee_id_6282-97080-1.png,1,0,True,False,True
train/videos/2017-09-20_19-24-55/2017-09-20_19-24-55.mp4-bee_id_6283-97125-1.png,0,0,False,False,True
train/videos/2017-09-20_19-24-55/2017-09-20_19-24-55.mp4-bee_id_6284-97125-1.png,0,1,False,False,True
train/videos/2017-09-20_19-24-55/2017-09-20_19-24-55.mp4-bee_id_6285-97125-1.png,1,2,True,True,True
train/videos/2017-09-20_19-24-55/2017-09-20_19-24-55.mp4-bee_id_6287-97155-1.png,1,1,True,True,True
train/videos/2017-09-20_19-24-55/2017-09-20_19-24-55.mp4-bee_id_6288-97170-1.png,1,1,True,True,True
train/videos/2017-09-20_19-24-55/2017-09-20_19-24-55.mp4-bee_id_6289-97185-1.png,1,1,True,True,True
train/videos/2017-09-20_19-24-55/2017-09-20_19-24-55.mp4-bee_id_6290-97245-1.png,0,0,False,False,True
train/videos/2017-09-20_19-24-55/2017-09-20_19-24-55.mp4-bee_id_6291-97275-1.png,0,0,False,False,True
train/videos/2017-09-20_19-24-55/2017-09-20_19-24-55.mp4-bee_id_6292-97290-1.png,0,1,False,False,True
train/videos/2017-09-20_19-24-55/2017-09-20_19-24-55.mp4-bee_id_6293-97290-1.png,0,1,False,False,True
train/videos/2017-09-20_19-24-55/2017-09-20_19-24-55.mp4-bee_id_6294-97305-1.png,0,0,False,False,True
train/videos/2017-09-20_19-24-55/2017-09-20_19-24-55.mp4-bee_id_6295-97350-1.png,1,1,True,True,True
train/videos/2017-09-20_19-24-55/2017-09-20_19-24-55.mp4-bee_id_6296-97350-1.png,0,0,False,False,True
train/videos/2017-09-20_19-24-55/2017-09-20_19-24-55.mp4-bee_id_6297-97395-1.png,0,0,False,False,True
train/videos/2017-09-20_19-24-55/2017-09-20_19-24-55.mp4-bee_id_6298-97410-1.png,0,1,False,False,True
train/videos/2017-09-20_19-24-55/2017-09-20_19-24-55.mp4-bee_id_6300-97440-1.png,0,0,False,False,True
train/videos/2017-09-20_19-24-55/2017-09-20_19-24-55.mp4-bee_id_6301-97440-1.png,0,0,False,False,True
train/videos/2017-09-20_19-24-55/2017-09-20_19-24-55.mp4-bee_id_6303-97515-1.png,0,1,False,False,True
train/videos/2017-09-20_19-24-55/2017-09-20_19-24-55.mp4-bee_id_6306-97575-1.png,0,0,False,False,True
train/videos/2017-09-20_19-24-55/2017-09-20_19-24-55.mp4-bee_id_6307-97605-1.png,1,1,True,True,True
train/videos/2017-09-20_19-24-55/2017-09-20_19-24-55.mp4-bee_id_6308-97620-1.png,1,0,True,False,True
train/videos/2017-09-20_19-24-55/2017-09-20_19-24-55.mp4-bee_id_6309-97650-1.png,0,0,False,False,True
train/videos/2017-09-20_19-24-55/2017-09-20_19-24-55.mp4-bee_id_6310-97710-1.png,0,0,False,False,True
train/videos/2017-09-20_19-24-55/2017-09-20_19-24-55.mp4-bee_id_6311-97740-1.png,0,0,False,False,True
train/videos/2017-09-20_19-24-55/2017-09-20_19-24-55.mp4-bee_id_6312-97785-1.png,0,1,False,False,True
train/videos/2017-09-20_19-24-55/2017-09-20_19-24-55.mp4-bee_id_6314-97830-1.png,0,0,False,False,True
train/videos/2017-09-20_19-24-55/2017-09-20_19-24-55.mp4-bee_id_6315-97845-1.png,0,0,False,False,True
train/videos/2017-09-20_19-24-55/2017-09-20_19-24-55.mp4-bee_id_6316-97860-1.png,0,1,False,False,True
train/videos/2017-09-20_19-24-55/2017-09-20_19-24-55.mp4-bee_id_6318-97875-1.png,0,0,False,False,True
train/videos/2017-09-20_19-24-55/2017-09-20_19-24-55.mp4-bee_id_6319-97935-1.png,0,0,False,False,True
train/videos/2017-09-20_19-24-55/2017-09-20_19-24-55.mp4-bee_id_6320-97980-1.png,0,0,False,False,True
train/videos/2017-09-20_19-24-55/2017-09-20_19-24-55.mp4-bee_id_6321-98100-1.png,0,0,False,False,True
train/videos/2017-09-20_19-24-55/2017-09-20_19-24-55.mp4-bee_id_6322-98115-1.png,1,0,True,False,True
train/videos/2017-09-20_19-24-55/2017-09-20_19-24-55.mp4-bee_id_6323-98130-1.png,0,0,False,False,True
train/videos/2017-09-20_19-24-55/2017-09-20_19-24-55.mp4-bee_id_6324-98130-1.png,0,2,False,False,True
train/videos/2017-09-20_19-24-55/2017-09-20_19-24-55.mp4-bee_id_6325-98145-1.png,1,1,True,False,True
train/videos/2017-09-20_19-24-55/2017-09-20_19-24-55.mp4-bee_id_6326-98190-1.png,0,1,False,False,True
train/videos/2017-09-20_19-24-55/2017-09-20_19-24-55.mp4-bee_id_6327-98235-1.png,0,2,False,False,True
train/videos/2017-09-20_19-24-55/2017-09-20_19-24-55.mp4-bee_id_6328-98250-1.png,1,0,True,False,True
train/videos/2017-09-20_19-24-55/2017-09-20_19-24-55.mp4-bee_id_6330-98325-1.png,1,1,True,False,True
train/videos/2017-09-20_19-24-55/2017-09-20_19-24-55.mp4-bee_id_6331-98400-1.png,0,0,False,False,True
train/videos/2017-09-20_19-24-55/2017-09-20_19-24-55.mp4-bee_id_6332-98430-1.png,1,1,True,False,True
train/videos/2017-09-20_19-24-55/2017-09-20_19-24-55.mp4-bee_id_6333-98430-1.png,0,0,False,False,True
train/videos/2017-09-20_19-24-55/2017-09-20_19-24-55.mp4-bee_id_6334-98490-1.png,0,0,False,False,True
train/videos/2017-09-20_19-24-55/2017-09-20_19-24-55.mp4-bee_id_6335-98505-1.png,1,1,True,True,True
train/videos/2017-09-20_19-24-55/2017-09-20_19-24-55.mp4-bee_id_6336-98520-1.png,0,0,False,False,True
train/videos/2017-09-20_19-24-55/2017-09-20_19-24-55.mp4-bee_id_6337-98580-1.png,1,1,True,True,True
train/videos/2017-09-20_19-24-55/2017-09-20_19-24-55.mp4-bee_id_6338-98595-1.png,1,0,True,False,True
train/videos/2017-09-20_19-24-55/2017-09-20_19-24-55.mp4-bee_id_6339-98640-1.png,1,1,True,False,True
train/videos/2017-09-20_19-24-55/2017-09-20_19-24-55.mp4-bee_id_6340-98655-1.png,1,0,True,False,True
train/videos/2017-09-20_19-24-55/2017-09-20_19-24-55.mp4-bee_id_6341-98670-1.png,0,0,False,False,True
train/videos/2017-09-20_19-24-55/2017-09-20_19-24-55.mp4-bee_id_6342-98685-1.png,0,1,False,False,True
train/videos/2017-09-20_19-24-55/2017-09-20_19-24-55.mp4-bee_id_6343-98700-1.png,1,0,True,False,True
train/videos/2017-09-20_19-24-55/2017-09-20_19-24-55.mp4-bee_id_6345-98730-1.png,0,0,False,False,True
train/videos/2017-09-20_19-24-55/2017-09-20_19-24-55.mp4-bee_id_6346-98745-1.png,0,0,False,False,True
train/videos/2017-09-20_19-24-55/2017-09-20_19-24-55.mp4-bee_id_6347-98775-1.png,0,0,False,False,True
train/videos/2017-09-20_19-24-55/2017-09-20_19-24-55.mp4-bee_id_6348-98805-1.png,1,2,True,False,True
train/videos/2017-09-20_19-24-55/2017-09-20_19-24-55.mp4-bee_id_6349-98850-1.png,0,0,False,False,True
train/videos/2017-09-20_19-24-55/2017-09-20_19-24-55.mp4-bee_id_6350-98865-1.png,0,0,False,False,True
train/videos/2017-09-20_19-24-55/2017-09-20_19-24-55.mp4-bee_id_6351-98895-1.png,0,2,False,False,True
train/videos/2017-09-20_19-24-55/2017-09-20_19-24-55.mp4-bee_id_6352-98910-1.png,1,0,True,False,True
train/videos/2017-09-20_19-24-55/2017-09-20_19-24-55.mp4-bee_id_6353-99045-1.png,1,2,True,False,True
train/videos/2017-09-20_19-24-55/2017-09-20_19-24-55.mp4-bee_id_6354-99045-1.png,0,0,False,False,True
train/videos/2017-09-20_19-24-55/2017-09-20_19-24-55.mp4-bee_id_6355-99060-1.png,0,1,False,False,True
train/videos/2017-09-20_19-24-55/2017-09-20_19-24-55.mp4-bee_id_6356-99060-1.png,1,0,True,False,True
train/videos/2017-09-20_19-24-55/2017-09-20_19-24-55.mp4-bee_id_6357-99075-1.png,0,1,False,False,True
train/videos/2017-09-20_19-24-55/2017-09-20_19-24-55.mp4-bee_id_6358-99165-1.png,0,1,False,False,True
train/videos/2017-09-20_19-24-55/2017-09-20_19-24-55.mp4-bee_id_6359-99285-1.png,0,0,False,False,True
train/videos/2017-09-20_19-24-55/2017-09-20_19-24-55.mp4-bee_id_6360-99330-1.png,0,1,False,False,True
train/videos/2017-09-20_19-24-55/2017-09-20_19-24-55.mp4-bee_id_6361-99345-1.png,0,0,False,False,True
train/videos/2017-09-20_19-24-55/2017-09-20_19-24-55.mp4-bee_id_6362-99375-1.png,1,1,True,False,True
train/videos/2017-09-20_19-24-55/2017-09-20_19-24-55.mp4-bee_id_6363-99375-1.png,1,1,True,False,True
train/videos/2017-09-20_19-24-55/2017-09-20_19-24-55.mp4-bee_id_6364-99390-1.png,1,1,True,True,True
train/videos/2017-09-20_19-24-55/2017-09-20_19-24-55.mp4-bee_id_6365-99390-1.png,0,0,False,False,True
train/videos/2017-09-20_19-24-55/2017-09-20_19-24-55.mp4-bee_id_6366-99435-1.png,0,0,False,False,True
train/videos/2017-09-20_19-24-55/2017-09-20_19-24-55.mp4-bee_id_6367-99450-1.png,0,0,False,False,True
train/videos/2017-09-20_19-24-55/2017-09-20_19-24-55.mp4-bee_id_6368-99450-1.png,1,0,True,False,True
train/videos/2017-09-20_19-24-55/2017-09-20_19-24-55.mp4-bee_id_6369-99510-1.png,0,0,False,False,True
train/videos/2017-09-20_19-24-55/2017-09-20_19-24-55.mp4-bee_id_6370-99525-1.png,1,0,True,False,True
train/videos/2017-09-20_19-24-55/2017-09-20_19-24-55.mp4-bee_id_6371-99570-1.png,1,2,True,False,True
train/videos/2017-09-20_19-24-55/2017-09-20_19-24-55.mp4-bee_id_6372-99570-1.png,1,0,True,False,True
train/videos/2017-09-20_19-24-55/2017-09-20_19-24-55.mp4-bee_id_6373-99570-1.png,0,0,False,False,True
train/videos/2017-09-20_19-24-55/2017-09-20_19-24-55.mp4-bee_id_6374-99585-1.png,0,1,False,False,True
train/videos/2017-09-20_19-24-55/2017-09-20_19-24-55.mp4-bee_id_6375-99600-1.png,1,0,True,False,True
train/videos/2017-09-20_19-24-55/2017-09-20_19-24-55.mp4-bee_id_6376-99675-1.png,1,1,True,True,True
train/videos/2017-09-20_19-24-55/2017-09-20_19-24-55.mp4-bee_id_6377-99690-1.png,1,0,True,False,True
train/videos/2017-09-20_19-24-55/2017-09-20_19-24-55.mp4-bee_id_6378-99735-1.png,1,0,True,False,True
train/videos/2017-09-20_19-24-55/2017-09-20_19-24-55.mp4-bee_id_6379-99735-1.png,1,0,True,False,True
train/videos/2017-09-20_19-24-55/2017-09-20_19-24-55.mp4-bee_id_6381-99900-1.png,0,1,False,False,True
train/videos/2017-09-20_19-24-55/2017-09-20_19-24-55.mp4-bee_id_6382-99915-1.png,1,1,True,False,True
train/videos/2017-09-20_19-24-55/2017-09-20_19-24-55.mp4-bee_id_6383-99915-1.png,0,0,False,False,True
train/videos/2017-09-20_19-24-55/2017-09-20_19-24-55.mp4-bee_id_6384-99930-1.png,1,0,True,False,True
train/videos/2017-09-20_19-24-55/2017-09-20_19-24-55.mp4-bee_id_6385-99960-1.png,1,2,True,False,True
train/videos/2017-09-20_19-24-55/2017-09-20_19-24-55.mp4-bee_id_6386-99960-1.png,0,0,False,False,True
train/videos/2017-09-20_19-24-55/2017-09-20_19-24-55.mp4-bee_id_6387-100005-1.png,0,1,False,False,True
train/videos/2017-09-20_19-24-55/2017-09-20_19-24-55.mp4-bee_id_6388-100020-1.png,0,0,False,False,True
train/videos/2017-09-20_19-24-55/2017-09-20_19-24-55.mp4-bee_id_6389-100035-1.png,0,0,False,False,True
train/videos/2017-09-20_19-24-55/2017-09-20_19-24-55.mp4-bee_id_6390-100035-1.png,1,1,True,False,True
train/videos/2017-09-20_19-24-55/2017-09-20_19-24-55.mp4-bee_id_6391-100050-1.png,0,1,False,False,True
train/videos/2017-09-20_19-24-55/2017-09-20_19-24-55.mp4-bee_id_6393-100140-1.png,0,1,False,False,True
train/videos/2017-09-20_19-24-55/2017-09-20_19-24-55.mp4-bee_id_6394-100155-1.png,0,1,False,False,True
train/videos/2017-09-20_19-24-55/2017-09-20_19-24-55.mp4-bee_id_6395-100170-1.png,0,0,False,False,True
train/videos/2017-09-20_19-24-55/2017-09-20_19-24-55.mp4-bee_id_6396-100200-1.png,1,0,True,False,True
train/videos/2017-09-20_19-24-55/2017-09-20_19-24-55.mp4-bee_id_6398-100215-1.png,1,1,True,False,True
train/videos/2017-09-20_19-24-55/2017-09-20_19-24-55.mp4-bee_id_6401-100275-1.png,0,1,False,False,True
train/videos/2017-09-20_19-24-55/2017-09-20_19-24-55.mp4-bee_id_6403-100320-1.png,0,0,False,False,True
train/videos/2017-09-20_19-24-55/2017-09-20_19-24-55.mp4-bee_id_6404-100380-1.png,0,0,False,False,True
train/videos/2017-09-20_19-24-55/2017-09-20_19-24-55.mp4-bee_id_6405-100410-1.png,0,0,False,False,True
train/videos/2017-09-20_19-24-55/2017-09-20_19-24-55.mp4-bee_id_6406-100440-1.png,0,0,False,False,True
train/videos/2017-09-20_19-24-55/2017-09-20_19-24-55.mp4-bee_id_6407-100455-1.png,0,0,False,False,True
train/videos/2017-09-20_19-24-55/2017-09-20_19-24-55.mp4-bee_id_6410-100545-1.png,0,0,False,False,True
train/videos/2017-09-20_19-24-55/2017-09-20_19-24-55.mp4-bee_id_6411-100545-1.png,0,0,False,False,True
train/videos/2017-09-20_19-24-55/2017-09-20_19-24-55.mp4-bee_id_6412-100545-1.png,1,0,True,False,True
train/videos/2017-09-20_19-24-55/2017-09-20_19-24-55.mp4-bee_id_6413-100560-1.png,0,0,False,False,True
train/videos/2017-09-20_19-24-55/2017-09-20_19-24-55.mp4-bee_id_6414-100590-1.png,0,0,False,False,True
train/videos/2017-09-20_19-24-55/2017-09-20_19-24-55.mp4-bee_id_6415-100605-1.png,0,0,False,False,True
train/videos/2017-09-20_19-24-55/2017-09-20_19-24-55.mp4-bee_id_6416-100605-1.png,0,0,False,False,True
train/videos/2017-09-20_19-24-55/2017-09-20_19-24-55.mp4-bee_id_6418-100620-1.png,1,2,True,True,True
train/videos/2017-09-20_19-24-55/2017-09-20_19-24-55.mp4-bee_id_6419-100635-1.png,1,2,True,True,True
train/videos/2017-09-20_19-24-55/2017-09-20_19-24-55.mp4-bee_id_6420-100635-1.png,1,2,True,True,True
train/videos/2017-09-20_19-24-55/2017-09-20_19-24-55.mp4-bee_id_6421-100635-1.png,0,0,False,False,True
train/videos/2017-09-20_19-24-55/2017-09-20_19-24-55.mp4-bee_id_6422-100650-1.png,1,0,True,False,True
train/videos/2017-09-20_19-24-55/2017-09-20_19-24-55.mp4-bee_id_6423-100665-1.png,1,2,True,True,True
train/videos/2017-09-20_19-24-55/2017-09-20_19-24-55.mp4-bee_id_6424-100680-1.png,0,1,False,False,True
train/videos/2017-09-20_19-24-55/2017-09-20_19-24-55.mp4-bee_id_6425-100725-1.png,0,0,False,False,True
train/videos/2017-09-20_19-24-55/2017-09-20_19-24-55.mp4-bee_id_6426-100755-1.png,1,2,True,True,True
train/videos/2017-09-20_19-24-55/2017-09-20_19-24-55.mp4-bee_id_6427-100830-1.png,0,0,False,False,True
train/videos/2017-09-20_19-24-55/2017-09-20_19-24-55.mp4-bee_id_6428-100830-1.png,1,1,True,False,True
train/videos/2017-09-20_19-24-55/2017-09-20_19-24-55.mp4-bee_id_6429-100830-1.png,0,1,False,False,True
train/videos/2017-09-20_19-24-55/2017-09-20_19-24-55.mp4-bee_id_6430-100845-1.png,0,0,False,False,True
train/videos/2017-09-20_19-24-55/2017-09-20_19-24-55.mp4-bee_id_6431-100845-1.png,0,2,False,False,True
train/videos/2017-09-20_19-24-55/2017-09-20_19-24-55.mp4-bee_id_6432-100860-1.png,0,1,False,False,True
train/videos/2017-09-20_19-24-55/2017-09-20_19-24-55.mp4-bee_id_6433-100875-1.png,1,1,True,True,True
train/videos/2017-09-20_19-24-55/2017-09-20_19-24-55.mp4-bee_id_6434-100920-1.png,0,0,False,False,True
train/videos/2017-09-20_19-24-55/2017-09-20_19-24-55.mp4-bee_id_6435-100995-1.png,1,2,True,True,True
train/videos/2017-09-20_19-24-55/2017-09-20_19-24-55.mp4-bee_id_6436-101025-1.png,1,1,True,False,True
train/videos/2017-09-20_19-24-55/2017-09-20_19-24-55.mp4-bee_id_6437-101040-1.png,1,0,True,False,True
train/videos/2017-09-20_19-24-55/2017-09-20_19-24-55.mp4-bee_id_6438-101055-1.png,0,1,False,False,True
train/videos/2017-09-20_19-24-55/2017-09-20_19-24-55.mp4-bee_id_6439-101070-1.png,1,0,True,False,True
train/videos/2017-09-20_19-24-55/2017-09-20_19-24-55.mp4-bee_id_6440-101070-1.png,0,0,False,False,True
train/videos/2017-09-20_19-24-55/2017-09-20_19-24-55.mp4-bee_id_6441-101085-1.png,0,0,False,False,True
train/videos/2017-09-20_19-24-55/2017-09-20_19-24-55.mp4-bee_id_6442-101145-1.png,0,0,False,False,True
train/videos/2017-09-20_19-24-55/2017-09-20_19-24-55.mp4-bee_id_6443-101205-1.png,1,1,True,False,True
train/videos/2017-09-20_19-24-55/2017-09-20_19-24-55.mp4-bee_id_6444-101265-1.png,1,0,True,False,True
train/videos/2017-09-20_19-24-55/2017-09-20_19-24-55.mp4-bee_id_6445-101280-1.png,1,1,True,False,True
train/videos/2017-09-20_19-24-55/2017-09-20_19-24-55.mp4-bee_id_6446-101280-1.png,1,0,True,False,True
train/videos/2017-09-20_19-24-55/2017-09-20_19-24-55.mp4-bee_id_6447-101295-1.png,1,0,True,False,True
train/videos/2017-09-20_19-24-55/2017-09-20_19-24-55.mp4-bee_id_6449-101310-1.png,0,1,False,False,True
train/videos/2017-09-20_19-24-55/2017-09-20_19-24-55.mp4-bee_id_6451-101355-1.png,1,1,True,True,True
train/videos/2017-09-20_19-24-55/2017-09-20_19-24-55.mp4-bee_id_6452-101355-1.png,1,1,True,True,True
train/videos/2017-09-20_19-24-55/2017-09-20_19-24-55.mp4-bee_id_6453-101370-1.png,0,0,False,False,True
train/videos/2017-09-20_19-24-55/2017-09-20_19-24-55.mp4-bee_id_6454-101400-1.png,1,0,True,False,True
train/videos/2017-09-20_19-24-55/2017-09-20_19-24-55.mp4-bee_id_6455-101400-1.png,1,0,True,False,True
train/videos/2017-09-20_19-24-55/2017-09-20_19-24-55.mp4-bee_id_6456-101535-1.png,0,0,False,False,True
train/videos/2017-09-20_19-24-55/2017-09-20_19-24-55.mp4-bee_id_6457-101535-1.png,1,0,True,False,True
train/videos/2017-09-20_19-24-55/2017-09-20_19-24-55.mp4-bee_id_6458-101565-1.png,1,0,True,False,True
train/videos/2017-09-20_19-24-55/2017-09-20_19-24-55.mp4-bee_id_6459-101580-1.png,1,0,True,False,True
train/videos/2017-09-20_19-24-55/2017-09-20_19-24-55.mp4-bee_id_6461-101640-1.png,1,1,True,True,True
train/videos/2017-09-20_19-24-55/2017-09-20_19-24-55.mp4-bee_id_6462-101655-1.png,0,0,False,False,True
train/videos/2017-09-20_19-24-55/2017-09-20_19-24-55.mp4-bee_id_6463-101670-1.png,0,1,False,False,True
train/videos/2017-09-20_19-24-55/2017-09-20_19-24-55.mp4-bee_id_6464-101715-1.png,1,0,True,False,True
train/videos/2017-09-20_19-24-55/2017-09-20_19-24-55.mp4-bee_id_6465-101745-1.png,1,0,True,False,True
train/videos/2017-09-20_19-24-55/2017-09-20_19-24-55.mp4-bee_id_6466-101790-1.png,1,0,True,False,True
train/videos/2017-09-20_19-24-55/2017-09-20_19-24-55.mp4-bee_id_6467-101790-1.png,0,1,False,False,True
train/videos/2017-09-20_19-24-55/2017-09-20_19-24-55.mp4-bee_id_6468-101805-1.png,1,2,True,False,True
train/videos/2017-09-20_19-24-55/2017-09-20_19-24-55.mp4-bee_id_6470-101835-1.png,1,0,True,False,True
train/videos/2017-09-20_19-24-55/2017-09-20_19-24-55.mp4-bee_id_6471-101865-1.png,0,0,False,False,True
train/videos/2017-09-20_19-24-55/2017-09-20_19-24-55.mp4-bee_id_6472-101895-1.png,1,0,True,False,True
train/videos/2017-09-20_19-24-55/2017-09-20_19-24-55.mp4-bee_id_6473-101985-1.png,0,0,False,False,True
train/videos/2017-09-20_19-24-55/2017-09-20_19-24-55.mp4-bee_id_6474-102015-1.png,1,0,True,False,True
train/videos/2017-09-20_19-24-55/2017-09-20_19-24-55.mp4-bee_id_6475-102030-1.png,0,0,False,False,True
train/videos/2017-09-20_19-24-55/2017-09-20_19-24-55.mp4-bee_id_6476-102045-1.png,0,0,False,False,True
train/videos/2017-09-20_19-24-55/2017-09-20_19-24-55.mp4-bee_id_6477-102045-1.png,1,0,True,False,True
train/videos/2017-09-20_19-24-55/2017-09-20_19-24-55.mp4-bee_id_6478-102105-1.png,0,0,False,False,True
train/videos/2017-09-20_19-24-55/2017-09-20_19-24-55.mp4-bee_id_6479-102105-1.png,0,2,False,False,True
train/videos/2017-09-20_19-24-55/2017-09-20_19-24-55.mp4-bee_id_6480-102120-1.png,0,0,False,False,True
train/videos/2017-09-20_19-24-55/2017-09-20_19-24-55.mp4-bee_id_6481-102135-1.png,1,0,True,False,True
train/videos/2017-09-20_19-24-55/2017-09-20_19-24-55.mp4-bee_id_6482-102135-1.png,0,0,False,False,True
train/videos/2017-09-20_19-24-55/2017-09-20_19-24-55.mp4-bee_id_6483-102150-1.png,1,0,True,False,True
train/videos/2017-09-20_19-24-55/2017-09-20_19-24-55.mp4-bee_id_6484-102165-1.png,0,0,False,False,True
train/videos/2017-09-20_19-24-55/2017-09-20_19-24-55.mp4-bee_id_6485-102210-1.png,1,2,True,True,True
train/videos/2017-09-20_19-24-55/2017-09-20_19-24-55.mp4-bee_id_6486-102225-1.png,0,0,False,False,True
train/videos/2017-09-20_19-24-55/2017-09-20_19-24-55.mp4-bee_id_6487-102270-1.png,0,0,False,False,True
train/videos/2017-09-20_19-24-55/2017-09-20_19-24-55.mp4-bee_id_6488-102300-1.png,0,0,False,False,True
train/videos/2017-09-20_19-24-55/2017-09-20_19-24-55.mp4-bee_id_6489-102375-1.png,0,0,False,False,True
train/videos/2017-09-20_19-24-55/2017-09-20_19-24-55.mp4-bee_id_6490-102390-1.png,1,0,True,False,True
train/videos/2017-09-20_19-24-55/2017-09-20_19-24-55.mp4-bee_id_6491-102405-1.png,0,1,False,False,True
train/videos/2017-09-20_19-24-55/2017-09-20_19-24-55.mp4-bee_id_6492-102405-1.png,1,0,True,False,True
train/videos/2017-09-20_19-24-55/2017-09-20_19-24-55.mp4-bee_id_6493-102435-1.png,0,0,False,False,True
train/videos/2017-09-20_19-24-55/2017-09-20_19-24-55.mp4-bee_id_6494-102450-1.png,1,0,True,False,True
train/videos/2017-09-20_19-24-55/2017-09-20_19-24-55.mp4-bee_id_6495-102525-1.png,0,0,False,False,True
train/videos/2017-09-20_19-24-55/2017-09-20_19-24-55.mp4-bee_id_6496-102570-1.png,1,2,True,False,True
train/videos/2017-09-20_19-24-55/2017-09-20_19-24-55.mp4-bee_id_6497-102585-1.png,0,0,False,False,True
train/videos/2017-09-20_19-24-55/2017-09-20_19-24-55.mp4-bee_id_6498-102600-1.png,0,0,False,False,True
train/videos/2017-09-20_19-24-55/2017-09-20_19-24-55.mp4-bee_id_6500-102675-1.png,1,1,True,False,True
train/videos/2017-09-20_19-24-55/2017-09-20_19-24-55.mp4-bee_id_6501-102705-1.png,0,0,False,False,True
train/videos/2017-09-20_19-24-55/2017-09-20_19-24-55.mp4-bee_id_6502-102735-1.png,1,0,True,False,True
train/videos/2017-09-20_19-24-55/2017-09-20_19-24-55.mp4-bee_id_6503-102765-1.png,1,0,True,False,True
train/videos/2017-09-20_19-24-55/2017-09-20_19-24-55.mp4-bee_id_6504-102795-1.png,1,2,True,False,True
train/videos/2017-09-20_19-24-55/2017-09-20_19-24-55.mp4-bee_id_6505-102795-1.png,0,0,False,False,True
train/videos/2017-09-20_19-24-55/2017-09-20_19-24-55.mp4-bee_id_6506-102825-1.png,0,0,False,False,True
train/videos/2017-09-20_19-24-55/2017-09-20_19-24-55.mp4-bee_id_6507-102870-1.png,1,0,True,False,True
train/videos/2017-09-20_19-24-55/2017-09-20_19-24-55.mp4-bee_id_6508-102885-1.png,0,0,False,False,True
train/videos/2017-09-20_19-24-55/2017-09-20_19-24-55.mp4-bee_id_6509-102885-1.png,1,1,True,False,True
train/videos/2017-09-20_19-24-55/2017-09-20_19-24-55.mp4-bee_id_6510-102900-1.png,1,0,True,False,True
train/videos/2017-09-20_19-24-55/2017-09-20_19-24-55.mp4-bee_id_6511-102930-1.png,0,1,False,False,True
train/videos/2017-09-20_19-24-55/2017-09-20_19-24-55.mp4-bee_id_6512-102945-1.png,1,1,True,True,True
train/videos/2017-09-20_19-24-55/2017-09-20_19-24-55.mp4-bee_id_6513-103020-1.png,0,0,False,False,True
train/videos/2017-09-20_19-24-55/2017-09-20_19-24-55.mp4-bee_id_6514-103020-1.png,0,0,False,False,True
train/videos/2017-09-20_19-24-55/2017-09-20_19-24-55.mp4-bee_id_6515-103035-1.png,0,0,False,False,True
train/videos/2017-09-20_19-24-55/2017-09-20_19-24-55.mp4-bee_id_6516-103035-1.png,1,0,True,False,True
train/videos/2017-09-20_19-24-55/2017-09-20_19-24-55.mp4-bee_id_6517-103050-1.png,1,0,True,False,True
train/videos/2017-09-20_19-24-55/2017-09-20_19-24-55.mp4-bee_id_6518-103080-1.png,0,0,False,False,True
train/videos/2017-09-20_19-24-55/2017-09-20_19-24-55.mp4-bee_id_6519-103095-1.png,0,0,False,False,True
train/videos/2017-09-20_19-24-55/2017-09-20_19-24-55.mp4-bee_id_6520-103110-1.png,0,0,False,False,True
train/videos/2017-09-20_19-24-55/2017-09-20_19-24-55.mp4-bee_id_6521-103140-1.png,0,0,False,False,True
train/videos/2017-09-20_19-24-55/2017-09-20_19-24-55.mp4-bee_id_6522-103260-1.png,1,1,True,False,True
train/videos/2017-09-20_19-24-55/2017-09-20_19-24-55.mp4-bee_id_6523-103260-1.png,0,0,False,False,True
train/videos/2017-09-20_19-24-55/2017-09-20_19-24-55.mp4-bee_id_6524-103365-1.png,0,0,False,False,True
train/videos/2017-09-20_19-24-55/2017-09-20_19-24-55.mp4-bee_id_6525-103380-1.png,0,0,False,False,True
train/videos/2017-09-20_19-24-55/2017-09-20_19-24-55.mp4-bee_id_6526-103425-1.png,0,0,False,False,True
train/videos/2017-09-20_19-24-55/2017-09-20_19-24-55.mp4-bee_id_6527-103440-1.png,0,0,False,False,True
train/videos/2017-09-20_19-24-55/2017-09-20_19-24-55.mp4-bee_id_6528-103455-1.png,0,0,False,False,True
train/videos/2017-09-20_19-24-55/2017-09-20_19-24-55.mp4-bee_id_6529-103455-1.png,0,2,False,False,True
train/videos/2017-09-20_19-24-55/2017-09-20_19-24-55.mp4-bee_id_6530-103470-1.png,0,0,False,False,True
train/videos/2017-09-20_19-24-55/2017-09-20_19-24-55.mp4-bee_id_6532-103485-1.png,0,0,False,False,True
train/videos/2017-09-20_19-24-55/2017-09-20_19-24-55.mp4-bee_id_6533-103530-1.png,0,0,False,False,True
train/videos/2017-09-20_19-24-55/2017-09-20_19-24-55.mp4-bee_id_6535-103605-1.png,0,0,False,False,True
train/videos/2017-09-20_19-24-55/2017-09-20_19-24-55.mp4-bee_id_6536-103650-1.png,0,0,False,False,True
train/videos/2017-09-20_19-24-55/2017-09-20_19-24-55.mp4-bee_id_6538-103725-1.png,1,0,True,False,True
train/videos/2017-09-20_19-24-55/2017-09-20_19-24-55.mp4-bee_id_6539-103725-1.png,0,0,False,False,True
train/videos/2017-09-20_19-24-55/2017-09-20_19-24-55.mp4-bee_id_6540-103770-1.png,0,0,False,False,True
train/videos/2017-09-20_19-24-55/2017-09-20_19-24-55.mp4-bee_id_6541-103815-1.png,0,1,False,False,True
train/videos/2017-09-20_19-24-55/2017-09-20_19-24-55.mp4-bee_id_6543-103830-1.png,1,0,True,False,True
train/videos/2017-09-20_19-24-55/2017-09-20_19-24-55.mp4-bee_id_6544-103830-1.png,0,0,False,False,True
train/videos/2017-09-20_19-24-55/2017-09-20_19-24-55.mp4-bee_id_6545-103875-1.png,0,0,False,False,True
train/videos/2017-09-20_19-24-55/2017-09-20_19-24-55.mp4-bee_id_6546-103890-1.png,0,1,False,False,True
train/videos/2017-09-20_19-24-55/2017-09-20_19-24-55.mp4-bee_id_6547-103920-1.png,0,0,False,False,True
train/videos/2017-09-20_19-24-55/2017-09-20_19-24-55.mp4-bee_id_6548-103995-1.png,1,1,True,False,True
train/videos/2017-09-20_19-24-55/2017-09-20_19-24-55.mp4-bee_id_6549-104040-1.png,1,0,True,False,True
train/videos/2017-09-20_19-24-55/2017-09-20_19-24-55.mp4-bee_id_6550-104130-1.png,0,1,False,False,True
train/videos/2017-09-20_19-24-55/2017-09-20_19-24-55.mp4-bee_id_6551-104190-1.png,0,0,False,False,True
train/videos/2017-09-20_19-24-55/2017-09-20_19-24-55.mp4-bee_id_6552-104205-1.png,1,1,True,False,True
train/videos/2017-09-20_19-24-55/2017-09-20_19-24-55.mp4-bee_id_6553-104205-1.png,1,1,True,True,True
train/videos/2017-09-20_19-24-55/2017-09-20_19-24-55.mp4-bee_id_6554-104235-1.png,1,0,True,False,True
train/videos/2017-09-20_19-24-55/2017-09-20_19-24-55.mp4-bee_id_6555-104265-1.png,0,2,False,False,True
train/videos/2017-09-20_19-24-55/2017-09-20_19-24-55.mp4-bee_id_6556-104280-1.png,0,1,False,False,True
train/videos/2017-09-20_19-24-55/2017-09-20_19-24-55.mp4-bee_id_6557-104295-1.png,0,0,False,False,True
train/videos/2017-09-20_19-24-55/2017-09-20_19-24-55.mp4-bee_id_6558-104310-1.png,1,1,True,False,True
train/videos/2017-09-20_19-24-55/2017-09-20_19-24-55.mp4-bee_id_6559-104355-1.png,0,1,False,False,True
train/videos/2017-09-20_19-24-55/2017-09-20_19-24-55.mp4-bee_id_6560-104385-1.png,1,1,True,False,True
train/videos/2017-09-20_19-24-55/2017-09-20_19-24-55.mp4-bee_id_6561-104385-1.png,0,2,False,False,True
train/videos/2017-09-20_19-24-55/2017-09-20_19-24-55.mp4-bee_id_6562-104490-1.png,1,0,True,False,True
train/videos/2017-09-20_19-24-55/2017-09-20_19-24-55.mp4-bee_id_6563-104550-1.png,0,0,False,False,True
train/videos/2017-09-20_19-24-55/2017-09-20_19-24-55.mp4-bee_id_6564-104550-1.png,0,0,False,False,True
train/videos/2017-09-20_19-24-55/2017-09-20_19-24-55.mp4-bee_id_6565-104565-1.png,0,0,False,False,True
train/videos/2017-09-20_19-24-55/2017-09-20_19-24-55.mp4-bee_id_6566-104565-1.png,0,0,False,False,True
train/videos/2017-09-20_19-24-55/2017-09-20_19-24-55.mp4-bee_id_6567-104595-1.png,1,0,True,False,True
train/videos/2017-09-20_19-24-55/2017-09-20_19-24-55.mp4-bee_id_6568-104610-1.png,0,1,False,False,True
train/videos/2017-09-20_19-24-55/2017-09-20_19-24-55.mp4-bee_id_6569-104610-1.png,1,0,True,False,True
train/videos/2017-09-20_19-24-55/2017-09-20_19-24-55.mp4-bee_id_6570-104610-1.png,0,1,False,False,True
train/videos/2017-09-20_19-24-55/2017-09-20_19-24-55.mp4-bee_id_6571-104625-1.png,1,2,True,True,True
train/videos/2017-09-20_19-24-55/2017-09-20_19-24-55.mp4-bee_id_6572-104640-1.png,1,1,True,True,True
train/videos/2017-09-20_19-24-55/2017-09-20_19-24-55.mp4-bee_id_6573-104745-1.png,1,1,True,True,True
train/videos/2017-09-20_19-24-55/2017-09-20_19-24-55.mp4-bee_id_6574-104760-1.png,0,1,False,False,True
train/videos/2017-09-20_19-24-55/2017-09-20_19-24-55.mp4-bee_id_6578-104835-1.png,1,0,True,False,True
train/videos/2017-09-20_19-24-55/2017-09-20_19-24-55.mp4-bee_id_6579-104835-1.png,1,0,True,False,True
train/videos/2017-09-20_19-24-55/2017-09-20_19-24-55.mp4-bee_id_6580-104850-1.png,0,0,False,False,True
train/videos/2017-09-20_19-24-55/2017-09-20_19-24-55.mp4-bee_id_6581-104850-1.png,0,0,False,False,True
train/videos/2017-09-20_19-24-55/2017-09-20_19-24-55.mp4-bee_id_6582-104940-1.png,0,0,False,False,True
train/videos/2017-09-20_19-24-55/2017-09-20_19-24-55.mp4-bee_id_6583-104955-1.png,1,1,True,False,True
train/videos/2017-09-20_19-24-55/2017-09-20_19-24-55.mp4-bee_id_6584-104985-1.png,1,1,True,True,True
train/videos/2017-09-20_19-24-55/2017-09-20_19-24-55.mp4-bee_id_6585-105030-1.png,0,1,False,False,True
train/videos/2017-09-20_19-24-55/2017-09-20_19-24-55.mp4-bee_id_6586-105030-1.png,0,0,False,False,True
train/videos/2017-09-20_19-24-55/2017-09-20_19-24-55.mp4-bee_id_6587-105090-1.png,0,0,False,False,True
train/videos/2017-09-20_19-24-55/2017-09-20_19-24-55.mp4-bee_id_6588-105165-1.png,0,1,False,False,True
train/videos/2017-09-20_19-24-55/2017-09-20_19-24-55.mp4-bee_id_6589-105180-1.png,1,2,True,True,True
train/videos/2017-09-20_19-24-55/2017-09-20_19-24-55.mp4-bee_id_6590-105195-1.png,1,2,True,False,True
train/videos/2017-09-20_19-24-55/2017-09-20_19-24-55.mp4-bee_id_6591-105195-1.png,1,2,True,True,True
train/videos/2017-09-20_19-24-55/2017-09-20_19-24-55.mp4-bee_id_6592-105210-1.png,0,0,False,False,True
train/videos/2017-09-20_19-24-55/2017-09-20_19-24-55.mp4-bee_id_6593-105225-1.png,1,0,True,False,True
train/videos/2017-09-20_19-24-55/2017-09-20_19-24-55.mp4-bee_id_6594-105240-1.png,0,0,False,False,True
train/videos/2017-09-20_19-24-55/2017-09-20_19-24-55.mp4-bee_id_6595-105255-1.png,0,0,False,False,True
train/videos/2017-09-20_19-24-55/2017-09-20_19-24-55.mp4-bee_id_6597-105285-1.png,0,1,False,False,True
train/videos/2017-09-20_19-24-55/2017-09-20_19-24-55.mp4-bee_id_6598-105300-1.png,0,0,False,False,True
train/videos/2017-09-20_19-24-55/2017-09-20_19-24-55.mp4-bee_id_6599-105300-1.png,1,1,True,True,True
train/videos/2017-09-20_19-24-55/2017-09-20_19-24-55.mp4-bee_id_6600-105345-1.png,1,0,True,False,True
train/videos/2017-09-20_19-24-55/2017-09-20_19-24-55.mp4-bee_id_6601-105360-1.png,1,1,True,True,True
train/videos/2017-09-20_19-24-55/2017-09-20_19-24-55.mp4-bee_id_6602-105450-1.png,1,0,True,False,True
train/videos/2017-09-20_19-24-55/2017-09-20_19-24-55.mp4-bee_id_6603-105450-1.png,0,1,False,False,True
train/videos/2017-09-20_19-24-55/2017-09-20_19-24-55.mp4-bee_id_6604-105465-1.png,0,1,False,False,True
train/videos/2017-09-20_19-24-55/2017-09-20_19-24-55.mp4-bee_id_6605-105465-1.png,0,0,False,False,True
train/videos/2017-09-20_19-24-55/2017-09-20_19-24-55.mp4-bee_id_6606-105480-1.png,0,0,False,False,True
train/videos/2017-09-20_19-24-55/2017-09-20_19-24-55.mp4-bee_id_6607-105510-1.png,0,0,False,False,True
train/videos/2017-09-20_19-24-55/2017-09-20_19-24-55.mp4-bee_id_6608-105510-1.png,1,1,True,True,True
train/videos/2017-09-20_19-24-55/2017-09-20_19-24-55.mp4-bee_id_6609-105585-1.png,0,1,False,False,True
train/videos/2017-09-20_19-24-55/2017-09-20_19-24-55.mp4-bee_id_6610-105585-1.png,1,0,True,False,True
train/videos/2017-09-20_19-24-55/2017-09-20_19-24-55.mp4-bee_id_6611-105600-1.png,1,0,True,False,True
train/videos/2017-09-20_19-24-55/2017-09-20_19-24-55.mp4-bee_id_6612-105615-1.png,1,1,True,True,True
train/videos/2017-09-20_19-24-55/2017-09-20_19-24-55.mp4-bee_id_6613-105615-1.png,1,0,True,False,True
train/videos/2017-09-20_19-24-55/2017-09-20_19-24-55.mp4-bee_id_6614-105660-1.png,0,0,False,False,True
train/videos/2017-09-20_19-24-55/2017-09-20_19-24-55.mp4-bee_id_6615-105705-1.png,1,1,True,False,True
train/videos/2017-09-20_19-24-55/2017-09-20_19-24-55.mp4-bee_id_6616-105720-1.png,0,0,False,False,True
train/videos/2017-09-20_19-24-55/2017-09-20_19-24-55.mp4-bee_id_6617-105810-1.png,1,0,True,False,True
train/videos/2017-09-20_19-24-55/2017-09-20_19-24-55.mp4-bee_id_6618-105840-1.png,1,0,True,False,True
train/videos/2017-09-20_19-24-55/2017-09-20_19-24-55.mp4-bee_id_6620-105870-1.png,0,0,False,False,True
train/videos/2017-09-20_19-24-55/2017-09-20_19-24-55.mp4-bee_id_6621-105870-1.png,1,2,True,True,True
train/videos/2017-09-20_19-24-55/2017-09-20_19-24-55.mp4-bee_id_6622-105960-1.png,0,1,False,False,True
train/videos/2017-09-20_19-24-55/2017-09-20_19-24-55.mp4-bee_id_6623-105975-1.png,0,2,False,False,True
train/videos/2017-09-20_19-24-55/2017-09-20_19-24-55.mp4-bee_id_6624-106005-1.png,1,1,True,True,True
train/videos/2017-09-20_19-24-55/2017-09-20_19-24-55.mp4-bee_id_6625-106020-1.png,0,0,False,False,True
train/videos/2017-09-20_19-24-55/2017-09-20_19-24-55.mp4-bee_id_6626-106020-1.png,0,0,False,False,True
train/videos/2017-09-20_19-24-55/2017-09-20_19-24-55.mp4-bee_id_6627-106035-1.png,0,1,False,False,True
train/videos/2017-09-20_19-24-55/2017-09-20_19-24-55.mp4-bee_id_6628-106080-1.png,1,1,True,True,True
train/videos/2017-09-20_19-24-55/2017-09-20_19-24-55.mp4-bee_id_6629-106110-1.png,0,0,False,False,True
train/videos/2017-09-20_19-24-55/2017-09-20_19-24-55.mp4-bee_id_6630-106140-1.png,0,0,False,False,True
train/videos/2017-09-20_19-24-55/2017-09-20_19-24-55.mp4-bee_id_6631-106200-1.png,0,0,False,False,True
train/videos/2017-09-20_19-24-55/2017-09-20_19-24-55.mp4-bee_id_6632-106215-1.png,0,0,False,False,True
train/videos/2017-09-20_19-24-55/2017-09-20_19-24-55.mp4-bee_id_6633-106275-1.png,0,1,False,False,True
train/videos/2017-09-20_19-24-55/2017-09-20_19-24-55.mp4-bee_id_6634-106290-1.png,0,0,False,False,True
train/videos/2017-09-20_19-24-55/2017-09-20_19-24-55.mp4-bee_id_6635-106290-1.png,0,0,False,False,True
train/videos/2017-09-20_19-24-55/2017-09-20_19-24-55.mp4-bee_id_6636-106320-1.png,0,0,False,False,True
train/videos/2017-09-20_19-24-55/2017-09-20_19-24-55.mp4-bee_id_6637-106350-1.png,1,0,True,False,True
train/videos/2017-09-20_19-24-55/2017-09-20_19-24-55.mp4-bee_id_6638-106365-1.png,0,0,False,False,True
train/videos/2017-09-20_19-24-55/2017-09-20_19-24-55.mp4-bee_id_6639-106380-1.png,1,1,True,True,True
train/videos/2017-09-20_19-24-55/2017-09-20_19-24-55.mp4-bee_id_6640-106395-1.png,1,2,True,False,True
train/videos/2017-09-20_19-24-55/2017-09-20_19-24-55.mp4-bee_id_6641-106410-1.png,0,0,False,False,True
train/videos/2017-09-25_16-03-38-2/2017-09-25_16-03-38.mp4-bee_id_1001-34395-1.png,0,0,False,False,True
train/videos/2017-09-25_16-03-38-2/2017-09-25_16-03-38.mp4-bee_id_1002-34410-1.png,0,3,False,False,True
train/videos/2017-09-25_16-03-38-2/2017-09-25_16-03-38.mp4-bee_id_1003-34425-1.png,0,0,False,False,True
train/videos/2017-09-25_16-03-38-2/2017-09-25_16-03-38.mp4-bee_id_1004-34440-1.png,0,0,False,False,True
train/videos/2017-09-25_16-03-38-2/2017-09-25_16-03-38.mp4-bee_id_1005-34455-1.png,0,1,False,False,True
train/videos/2017-09-25_16-03-38-2/2017-09-25_16-03-38.mp4-bee_id_1006-34650-1.png,0,0,False,False,True
train/videos/2017-09-25_16-03-38-2/2017-09-25_16-03-38.mp4-bee_id_1008-34740-1.png,0,1,False,False,True
train/videos/2017-09-25_16-03-38-2/2017-09-25_16-03-38.mp4-bee_id_1009-34920-1.png,0,0,False,False,True
train/videos/2017-09-25_16-03-38-2/2017-09-25_16-03-38.mp4-bee_id_1010-34950-1.png,1,0,True,False,True
train/videos/2017-09-25_16-03-38-2/2017-09-25_16-03-38.mp4-bee_id_1012-34965-1.png,0,0,False,False,True
train/videos/2017-09-25_16-03-38-2/2017-09-25_16-03-38.mp4-bee_id_1013-34980-1.png,0,0,False,False,True
train/videos/2017-09-25_16-03-38-2/2017-09-25_16-03-38.mp4-bee_id_1014-34980-1.png,1,2,True,False,True
train/videos/2017-09-25_16-03-38-2/2017-09-25_16-03-38.mp4-bee_id_1015-34995-1.png,0,0,False,False,True
train/videos/2017-09-25_16-03-38-2/2017-09-25_16-03-38.mp4-bee_id_1017-35070-1.png,0,0,False,False,True
train/videos/2017-09-25_16-03-38-2/2017-09-25_16-03-38.mp4-bee_id_1018-35100-1.png,0,0,False,False,True
train/videos/2017-09-25_16-03-38-2/2017-09-25_16-03-38.mp4-bee_id_1019-35145-1.png,0,0,False,False,True
train/videos/2017-09-25_16-03-38-2/2017-09-25_16-03-38.mp4-bee_id_1020-35190-1.png,0,0,False,False,True
train/videos/2017-09-25_16-03-38-2/2017-09-25_16-03-38.mp4-bee_id_1022-35265-1.png,0,0,False,False,True
train/videos/2017-09-25_16-03-38-2/2017-09-25_16-03-38.mp4-bee_id_1023-35265-1.png,0,1,False,False,True
train/videos/2017-09-25_16-03-38-2/2017-09-25_16-03-38.mp4-bee_id_1024-35295-1.png,0,0,False,False,True
train/videos/2017-09-25_16-03-38-2/2017-09-25_16-03-38.mp4-bee_id_1025-35310-1.png,0,0,False,False,True
train/videos/2017-09-25_16-03-38-2/2017-09-25_16-03-38.mp4-bee_id_1026-35325-1.png,0,1,False,False,True
train/videos/2017-09-25_16-03-38-2/2017-09-25_16-03-38.mp4-bee_id_1027-35325-1.png,1,1,True,True,True
train/videos/2017-09-25_16-03-38-2/2017-09-25_16-03-38.mp4-bee_id_1028-35385-1.png,0,0,False,False,True
train/videos/2017-09-25_16-03-38-2/2017-09-25_16-03-38.mp4-bee_id_1029-35400-1.png,0,0,False,False,True
train/videos/2017-09-25_16-03-38-2/2017-09-25_16-03-38.mp4-bee_id_1031-35595-1.png,0,0,False,False,True
train/videos/2017-09-25_16-03-38-2/2017-09-25_16-03-38.mp4-bee_id_1032-35610-1.png,1,2,True,False,True
train/videos/2017-09-25_16-03-38-2/2017-09-25_16-03-38.mp4-bee_id_1033-35640-1.png,1,0,True,False,True
train/videos/2017-09-25_16-03-38-2/2017-09-25_16-03-38.mp4-bee_id_1034-35655-1.png,0,0,False,False,True
train/videos/2017-09-25_16-03-38-2/2017-09-25_16-03-38.mp4-bee_id_1035-35745-1.png,0,0,False,False,True
train/videos/2017-09-25_16-03-38-2/2017-09-25_16-03-38.mp4-bee_id_1036-35760-1.png,0,1,False,False,True
train/videos/2017-09-25_16-03-38-2/2017-09-25_16-03-38.mp4-bee_id_1037-35790-1.png,0,1,False,False,True
train/videos/2017-09-25_16-03-38-2/2017-09-25_16-03-38.mp4-bee_id_1039-35820-1.png,0,0,False,False,True
train/videos/2017-09-25_16-03-38-2/2017-09-25_16-03-38.mp4-bee_id_1040-35820-1.png,0,0,False,False,True
train/videos/2017-09-25_16-03-38-2/2017-09-25_16-03-38.mp4-bee_id_1041-35835-1.png,0,0,False,False,True
train/videos/2017-09-25_16-03-38-2/2017-09-25_16-03-38.mp4-bee_id_1042-35865-1.png,0,2,False,False,True
train/videos/2017-09-25_16-03-38-2/2017-09-25_16-03-38.mp4-bee_id_1043-35910-1.png,0,0,False,False,True
train/videos/2017-09-25_16-03-38-2/2017-09-25_16-03-38.mp4-bee_id_1044-35910-1.png,0,1,False,False,True
train/videos/2017-09-25_16-03-38-2/2017-09-25_16-03-38.mp4-bee_id_1045-35925-1.png,0,0,False,False,True
train/videos/2017-09-25_16-03-38-2/2017-09-25_16-03-38.mp4-bee_id_1046-35970-1.png,1,1,True,True,True
train/videos/2017-09-25_16-03-38-2/2017-09-25_16-03-38.mp4-bee_id_1047-35985-1.png,0,0,False,False,True
train/videos/2017-09-25_16-03-38-2/2017-09-25_16-03-38.mp4-bee_id_1048-36015-1.png,0,0,False,False,True
train/videos/2017-09-25_16-03-38-2/2017-09-25_16-03-38.mp4-bee_id_1049-36015-1.png,0,0,False,False,True
train/videos/2017-09-25_16-03-38-2/2017-09-25_16-03-38.mp4-bee_id_1050-36030-1.png,0,0,False,False,True
train/videos/2017-09-25_16-03-38-2/2017-09-25_16-03-38.mp4-bee_id_1051-36030-1.png,0,0,False,False,True
train/videos/2017-09-25_16-03-38-2/2017-09-25_16-03-38.mp4-bee_id_1052-36045-1.png,0,1,False,False,True
train/videos/2017-09-25_16-03-38-2/2017-09-25_16-03-38.mp4-bee_id_1053-36165-1.png,0,1,False,False,True
train/videos/2017-09-25_16-03-38-2/2017-09-25_16-03-38.mp4-bee_id_1054-36255-1.png,0,0,False,False,True
train/videos/2017-09-25_16-03-38-2/2017-09-25_16-03-38.mp4-bee_id_1055-36300-1.png,1,1,True,False,True
train/videos/2017-09-25_16-03-38-2/2017-09-25_16-03-38.mp4-bee_id_1056-36300-1.png,0,0,False,False,True
train/videos/2017-09-25_16-03-38-2/2017-09-25_16-03-38.mp4-bee_id_1057-36390-1.png,0,0,False,False,True
train/videos/2017-09-25_16-03-38-2/2017-09-25_16-03-38.mp4-bee_id_1060-36480-1.png,0,0,False,False,True
train/videos/2017-09-25_16-03-38-2/2017-09-25_16-03-38.mp4-bee_id_1061-36495-1.png,0,3,False,False,True
train/videos/2017-09-25_16-03-38-2/2017-09-25_16-03-38.mp4-bee_id_1063-36540-1.png,0,0,False,False,True
train/videos/2017-09-25_16-03-38-2/2017-09-25_16-03-38.mp4-bee_id_1064-36540-1.png,1,0,True,False,True
train/videos/2017-09-25_16-03-38-2/2017-09-25_16-03-38.mp4-bee_id_1065-36570-1.png,0,2,False,False,True
train/videos/2017-09-25_16-03-38-2/2017-09-25_16-03-38.mp4-bee_id_1066-36585-1.png,0,0,False,False,True
train/videos/2017-09-25_16-03-38-2/2017-09-25_16-03-38.mp4-bee_id_1067-36600-1.png,0,0,False,False,True
train/videos/2017-09-25_16-03-38-2/2017-09-25_16-03-38.mp4-bee_id_1068-36660-1.png,1,2,True,False,True
train/videos/2017-09-25_16-03-38-2/2017-09-25_16-03-38.mp4-bee_id_1069-36675-1.png,0,0,False,False,True
train/videos/2017-09-25_16-03-38-2/2017-09-25_16-03-38.mp4-bee_id_1070-36675-1.png,0,0,False,False,True
train/videos/2017-09-25_16-03-38-2/2017-09-25_16-03-38.mp4-bee_id_1071-36780-1.png,0,1,False,False,True
train/videos/2017-09-25_16-03-38-2/2017-09-25_16-03-38.mp4-bee_id_1072-36795-1.png,1,2,True,False,True
train/videos/2017-09-25_16-03-38-2/2017-09-25_16-03-38.mp4-bee_id_1073-36795-1.png,0,1,False,False,True
train/videos/2017-09-25_16-03-38-2/2017-09-25_16-03-38.mp4-bee_id_1074-36810-1.png,1,0,True,False,True
train/videos/2017-09-25_16-03-38-2/2017-09-25_16-03-38.mp4-bee_id_1075-36825-1.png,0,0,False,False,True
train/videos/2017-09-25_16-03-38-2/2017-09-25_16-03-38.mp4-bee_id_1078-36930-1.png,1,1,True,True,True
train/videos/2017-09-25_16-03-38-2/2017-09-25_16-03-38.mp4-bee_id_1079-36945-1.png,0,0,False,False,True
train/videos/2017-09-25_16-03-38-2/2017-09-25_16-03-38.mp4-bee_id_1080-36975-1.png,1,1,True,True,True
train/videos/2017-09-25_16-03-38-2/2017-09-25_16-03-38.mp4-bee_id_1081-37020-1.png,0,2,False,False,True
train/videos/2017-09-25_16-03-38-2/2017-09-25_16-03-38.mp4-bee_id_1082-37080-1.png,0,2,False,False,True
train/videos/2017-09-25_16-03-38-2/2017-09-25_16-03-38.mp4-bee_id_1083-37095-1.png,1,2,True,False,True
train/videos/2017-09-25_16-03-38-2/2017-09-25_16-03-38.mp4-bee_id_1084-37155-1.png,0,2,False,False,True
train/videos/2017-09-25_16-03-38-2/2017-09-25_16-03-38.mp4-bee_id_1085-37170-1.png,0,0,False,False,True
train/videos/2017-09-25_16-03-38-2/2017-09-25_16-03-38.mp4-bee_id_1086-37245-1.png,1,1,True,True,True
train/videos/2017-09-25_16-03-38-2/2017-09-25_16-03-38.mp4-bee_id_1087-37260-1.png,0,0,False,False,True
train/videos/2017-09-25_16-03-38-2/2017-09-25_16-03-38.mp4-bee_id_1088-37260-1.png,0,0,False,False,True
train/videos/2017-09-25_16-03-38-2/2017-09-25_16-03-38.mp4-bee_id_1090-37275-1.png,1,1,True,False,True
train/videos/2017-09-25_16-03-38-2/2017-09-25_16-03-38.mp4-bee_id_1091-37305-1.png,0,2,False,False,True
train/videos/2017-09-25_16-03-38-2/2017-09-25_16-03-38.mp4-bee_id_1092-37305-1.png,1,0,True,False,True
train/videos/2017-09-25_16-03-38-2/2017-09-25_16-03-38.mp4-bee_id_1093-37305-1.png,0,0,False,False,True
train/videos/2017-09-25_16-03-38-2/2017-09-25_16-03-38.mp4-bee_id_1094-37320-1.png,0,0,False,False,True
train/videos/2017-09-25_16-03-38-2/2017-09-25_16-03-38.mp4-bee_id_1095-37425-1.png,1,1,True,False,True
train/videos/2017-09-25_16-03-38-2/2017-09-25_16-03-38.mp4-bee_id_1096-37440-1.png,0,0,False,False,True
train/videos/2017-09-25_16-03-38-2/2017-09-25_16-03-38.mp4-bee_id_1097-37470-1.png,0,0,False,False,True
train/videos/2017-09-25_16-03-38-2/2017-09-25_16-03-38.mp4-bee_id_1098-37470-1.png,0,1,False,False,True
train/videos/2017-09-25_16-03-38-2/2017-09-25_16-03-38.mp4-bee_id_1099-37530-1.png,0,0,False,False,True
train/videos/2017-09-25_16-03-38-2/2017-09-25_16-03-38.mp4-bee_id_1100-37560-1.png,0,2,False,False,True
train/videos/2017-09-25_16-03-38-2/2017-09-25_16-03-38.mp4-bee_id_1101-37590-1.png,0,1,False,False,True
train/videos/2017-09-25_16-03-38-2/2017-09-25_16-03-38.mp4-bee_id_1102-37605-1.png,0,0,False,False,True
train/videos/2017-09-25_16-03-38-2/2017-09-25_16-03-38.mp4-bee_id_1103-37620-1.png,0,0,False,False,True
train/videos/2017-09-25_16-03-38-2/2017-09-25_16-03-38.mp4-bee_id_1104-37695-1.png,0,0,False,False,True
train/videos/2017-09-25_16-03-38-2/2017-09-25_16-03-38.mp4-bee_id_1105-37740-1.png,1,2,True,False,True
train/videos/2017-09-25_16-03-38-2/2017-09-25_16-03-38.mp4-bee_id_1106-37800-1.png,1,1,True,False,True
train/videos/2017-09-25_16-03-38-2/2017-09-25_16-03-38.mp4-bee_id_1107-37800-1.png,0,1,False,False,True
train/videos/2017-09-25_16-03-38-2/2017-09-25_16-03-38.mp4-bee_id_1108-37815-1.png,0,2,False,False,True
train/videos/2017-09-25_16-03-38-2/2017-09-25_16-03-38.mp4-bee_id_1109-37875-1.png,0,0,False,False,True
train/videos/2017-09-25_16-03-38-2/2017-09-25_16-03-38.mp4-bee_id_1112-38010-1.png,0,1,False,False,True
train/videos/2017-09-25_16-03-38-2/2017-09-25_16-03-38.mp4-bee_id_1113-38025-1.png,0,0,False,False,True
train/videos/2017-09-25_16-03-38-2/2017-09-25_16-03-38.mp4-bee_id_1114-38040-1.png,0,0,False,False,True
train/videos/2017-09-25_16-03-38-2/2017-09-25_16-03-38.mp4-bee_id_1115-38040-1.png,0,0,False,False,True
train/videos/2017-09-25_16-03-38-2/2017-09-25_16-03-38.mp4-bee_id_1116-38220-1.png,0,0,False,False,True
train/videos/2017-09-25_16-03-38-2/2017-09-25_16-03-38.mp4-bee_id_1117-38235-1.png,0,0,False,False,True
train/videos/2017-09-25_16-03-38-2/2017-09-25_16-03-38.mp4-bee_id_1118-38265-1.png,0,0,False,False,True
train/videos/2017-09-25_16-03-38-2/2017-09-25_16-03-38.mp4-bee_id_1119-38310-1.png,0,0,False,False,True
train/videos/2017-09-25_16-03-38-2/2017-09-25_16-03-38.mp4-bee_id_1120-38340-1.png,0,0,False,False,True
train/videos/2017-09-25_16-03-38-2/2017-09-25_16-03-38.mp4-bee_id_1121-38385-1.png,1,1,True,False,True
train/videos/2017-09-25_16-03-38-2/2017-09-25_16-03-38.mp4-bee_id_1122-38385-1.png,0,1,False,False,True
train/videos/2017-09-25_16-03-38-2/2017-09-25_16-03-38.mp4-bee_id_1124-38445-1.png,0,0,False,False,True
train/videos/2017-09-25_16-03-38-2/2017-09-25_16-03-38.mp4-bee_id_1125-38460-1.png,0,0,False,False,True
train/videos/2017-09-25_16-03-38-2/2017-09-25_16-03-38.mp4-bee_id_1126-38490-1.png,0,0,False,False,True
train/videos/2017-09-25_16-03-38-2/2017-09-25_16-03-38.mp4-bee_id_1127-38505-1.png,0,0,False,False,True
train/videos/2017-09-25_16-03-38-2/2017-09-25_16-03-38.mp4-bee_id_1129-38520-1.png,1,1,True,True,True
train/videos/2017-09-25_16-03-38-2/2017-09-25_16-03-38.mp4-bee_id_1130-38595-1.png,0,2,False,False,True
train/videos/2017-09-25_16-03-38-2/2017-09-25_16-03-38.mp4-bee_id_1131-38595-1.png,0,0,False,False,True
train/videos/2017-09-25_16-03-38-2/2017-09-25_16-03-38.mp4-bee_id_1132-38610-1.png,0,0,False,False,True
train/videos/2017-09-25_16-03-38-2/2017-09-25_16-03-38.mp4-bee_id_1133-38610-1.png,0,1,False,False,True
train/videos/2017-09-25_16-03-38-2/2017-09-25_16-03-38.mp4-bee_id_1134-38610-1.png,1,1,True,True,True
train/videos/2017-09-25_16-03-38-2/2017-09-25_16-03-38.mp4-bee_id_1135-38640-1.png,0,1,False,False,True
train/videos/2017-09-25_16-03-38-2/2017-09-25_16-03-38.mp4-bee_id_1136-38700-1.png,0,1,False,False,True
train/videos/2017-09-25_16-03-38-2/2017-09-25_16-03-38.mp4-bee_id_1137-38715-1.png,0,0,False,False,True
train/videos/2017-09-25_16-03-38-2/2017-09-25_16-03-38.mp4-bee_id_1138-38745-1.png,0,0,False,False,True
train/videos/2017-09-25_16-03-38-2/2017-09-25_16-03-38.mp4-bee_id_1139-38745-1.png,0,1,False,False,True
train/videos/2017-09-25_16-03-38-2/2017-09-25_16-03-38.mp4-bee_id_1140-38790-1.png,0,1,False,False,True
train/videos/2017-09-25_16-03-38-2/2017-09-25_16-03-38.mp4-bee_id_1141-38805-1.png,1,2,True,True,True
train/videos/2017-09-25_16-03-38-2/2017-09-25_16-03-38.mp4-bee_id_1142-38805-1.png,0,2,False,False,True
train/videos/2017-09-25_16-03-38-2/2017-09-25_16-03-38.mp4-bee_id_1143-38820-1.png,1,1,True,True,True
train/videos/2017-09-25_16-03-38-2/2017-09-25_16-03-38.mp4-bee_id_1144-38895-1.png,0,0,False,False,True
train/videos/2017-09-25_16-03-38-2/2017-09-25_16-03-38.mp4-bee_id_1145-38910-1.png,0,2,False,False,True
train/videos/2017-09-25_16-03-38-2/2017-09-25_16-03-38.mp4-bee_id_1146-38955-1.png,0,0,False,False,True
train/videos/2017-09-25_16-03-38-2/2017-09-25_16-03-38.mp4-bee_id_1147-38970-1.png,0,2,False,False,True
train/videos/2017-09-25_16-03-38-2/2017-09-25_16-03-38.mp4-bee_id_1148-38985-1.png,1,1,True,True,True
train/videos/2017-09-25_16-03-38-2/2017-09-25_16-03-38.mp4-bee_id_1149-39180-1.png,0,0,False,False,True
train/videos/2017-09-25_16-03-38-2/2017-09-25_16-03-38.mp4-bee_id_1150-39195-1.png,0,0,False,False,True
train/videos/2017-09-25_16-03-38-2/2017-09-25_16-03-38.mp4-bee_id_1151-39195-1.png,1,0,True,False,True
train/videos/2017-09-25_16-03-38-2/2017-09-25_16-03-38.mp4-bee_id_1152-39195-1.png,0,0,False,False,True
train/videos/2017-09-25_16-03-38-2/2017-09-25_16-03-38.mp4-bee_id_1153-39210-1.png,0,0,False,False,True
train/videos/2017-09-25_16-03-38-2/2017-09-25_16-03-38.mp4-bee_id_1154-39210-1.png,0,0,False,False,True
train/videos/2017-09-25_16-03-38-2/2017-09-25_16-03-38.mp4-bee_id_1155-39225-1.png,0,0,False,False,True
train/videos/2017-09-25_16-03-38-2/2017-09-25_16-03-38.mp4-bee_id_1156-39225-1.png,0,0,False,False,True
train/videos/2017-09-25_16-03-38-2/2017-09-25_16-03-38.mp4-bee_id_1157-39240-1.png,0,0,False,False,True
train/videos/2017-09-25_16-03-38-2/2017-09-25_16-03-38.mp4-bee_id_1158-39300-1.png,0,0,False,False,True
train/videos/2017-09-25_16-03-38-2/2017-09-25_16-03-38.mp4-bee_id_1159-39375-1.png,0,0,False,False,True
train/videos/2017-09-25_16-03-38-2/2017-09-25_16-03-38.mp4-bee_id_1160-39450-1.png,0,0,False,False,True
train/videos/2017-09-25_16-03-38-2/2017-09-25_16-03-38.mp4-bee_id_1161-39465-1.png,0,2,False,False,True
train/videos/2017-09-25_16-03-38-2/2017-09-25_16-03-38.mp4-bee_id_1162-39570-1.png,0,2,False,False,True
train/videos/2017-09-25_16-03-38-2/2017-09-25_16-03-38.mp4-bee_id_1164-39585-1.png,0,0,False,False,True
train/videos/2017-09-25_16-03-38-2/2017-09-25_16-03-38.mp4-bee_id_1165-39615-1.png,0,0,False,False,True
train/videos/2017-09-25_16-03-38-2/2017-09-25_16-03-38.mp4-bee_id_1167-39645-1.png,0,0,False,False,True
train/videos/2017-09-25_16-03-38-2/2017-09-25_16-03-38.mp4-bee_id_1168-39660-1.png,1,0,True,False,True
train/videos/2017-09-25_16-03-38-2/2017-09-25_16-03-38.mp4-bee_id_1169-39765-1.png,0,1,False,False,True
train/videos/2017-09-25_16-03-38-2/2017-09-25_16-03-38.mp4-bee_id_1170-39780-1.png,0,2,False,False,True
train/videos/2017-09-25_16-03-38-2/2017-09-25_16-03-38.mp4-bee_id_1171-39780-1.png,0,0,False,False,True
train/videos/2017-09-25_16-03-38-2/2017-09-25_16-03-38.mp4-bee_id_1172-39795-1.png,0,0,False,False,True
train/videos/2017-09-25_16-03-38-2/2017-09-25_16-03-38.mp4-bee_id_1173-39795-1.png,0,1,False,False,True
train/videos/2017-09-25_16-03-38-2/2017-09-25_16-03-38.mp4-bee_id_1174-39810-1.png,0,0,False,False,True
train/videos/2017-09-25_16-03-38-2/2017-09-25_16-03-38.mp4-bee_id_1175-39810-1.png,0,2,False,False,True
train/videos/2017-09-25_16-03-38-2/2017-09-25_16-03-38.mp4-bee_id_1176-39825-1.png,0,1,False,False,True
train/videos/2017-09-25_16-03-38-2/2017-09-25_16-03-38.mp4-bee_id_1177-39825-1.png,0,3,False,False,True
train/videos/2017-09-25_16-03-38-2/2017-09-25_16-03-38.mp4-bee_id_1179-40080-1.png,0,0,False,False,True
train/videos/2017-09-25_16-03-38-2/2017-09-25_16-03-38.mp4-bee_id_1180-40095-1.png,0,1,False,False,True
train/videos/2017-09-25_16-03-38-2/2017-09-25_16-03-38.mp4-bee_id_1181-40095-1.png,0,2,False,False,True
train/videos/2017-09-25_16-03-38-2/2017-09-25_16-03-38.mp4-bee_id_1182-40095-1.png,0,0,False,False,True
train/videos/2017-09-25_16-03-38-2/2017-09-25_16-03-38.mp4-bee_id_1183-40125-1.png,0,2,False,False,True
train/videos/2017-09-25_16-03-38-2/2017-09-25_16-03-38.mp4-bee_id_1184-40140-1.png,0,1,False,False,True
train/videos/2017-09-25_16-03-38-2/2017-09-25_16-03-38.mp4-bee_id_1185-40185-1.png,0,0,False,False,True
train/videos/2017-09-25_16-03-38-2/2017-09-25_16-03-38.mp4-bee_id_1186-40200-1.png,0,0,False,False,True
train/videos/2017-09-25_16-03-38-2/2017-09-25_16-03-38.mp4-bee_id_1187-40215-1.png,0,0,False,False,True
train/videos/2017-09-25_16-03-38-2/2017-09-25_16-03-38.mp4-bee_id_1188-40230-1.png,0,0,False,False,True
train/videos/2017-09-25_16-03-38-2/2017-09-25_16-03-38.mp4-bee_id_1189-40275-1.png,0,0,False,False,True
train/videos/2017-09-25_16-03-38-2/2017-09-25_16-03-38.mp4-bee_id_1190-40290-1.png,1,0,True,False,True
train/videos/2017-09-25_16-03-38-2/2017-09-25_16-03-38.mp4-bee_id_1191-40305-1.png,0,0,False,False,True
train/videos/2017-09-25_16-03-38-2/2017-09-25_16-03-38.mp4-bee_id_1192-40320-1.png,0,1,False,False,True
train/videos/2017-09-25_16-03-38-2/2017-09-25_16-03-38.mp4-bee_id_1193-40320-1.png,0,0,False,False,True
train/videos/2017-09-25_16-03-38-2/2017-09-25_16-03-38.mp4-bee_id_1194-40395-1.png,0,0,False,False,True
train/videos/2017-09-25_16-03-38-2/2017-09-25_16-03-38.mp4-bee_id_1195-40395-1.png,0,0,False,False,True
train/videos/2017-09-25_16-03-38-2/2017-09-25_16-03-38.mp4-bee_id_1196-40410-1.png,1,0,True,False,True
train/videos/2017-09-25_16-03-38-2/2017-09-25_16-03-38.mp4-bee_id_1198-40455-1.png,1,0,True,False,True
train/videos/2017-09-25_16-03-38-2/2017-09-25_16-03-38.mp4-bee_id_1199-40530-1.png,0,0,False,False,True
train/videos/2017-09-25_16-03-38-2/2017-09-25_16-03-38.mp4-bee_id_1200-40560-1.png,0,0,False,False,True
train/videos/2017-09-25_16-03-38-2/2017-09-25_16-03-38.mp4-bee_id_1201-40575-1.png,0,0,False,False,True
train/videos/2017-09-25_16-03-38-2/2017-09-25_16-03-38.mp4-bee_id_1202-40590-1.png,0,0,False,False,True
train/videos/2017-09-25_16-03-38-2/2017-09-25_16-03-38.mp4-bee_id_1203-40635-1.png,0,0,False,False,True
train/videos/2017-09-25_16-03-38-2/2017-09-25_16-03-38.mp4-bee_id_1204-40650-1.png,0,0,False,False,True
train/videos/2017-09-25_16-03-38-2/2017-09-25_16-03-38.mp4-bee_id_1205-40665-1.png,0,0,False,False,True
train/videos/2017-09-25_16-03-38-2/2017-09-25_16-03-38.mp4-bee_id_1206-40680-1.png,1,0,True,False,True
train/videos/2017-09-25_16-03-38-2/2017-09-25_16-03-38.mp4-bee_id_1207-40680-1.png,0,1,False,False,True
train/videos/2017-09-25_16-03-38-2/2017-09-25_16-03-38.mp4-bee_id_1208-40725-1.png,0,2,False,False,True
train/videos/2017-09-25_16-03-38-2/2017-09-25_16-03-38.mp4-bee_id_1210-40740-1.png,0,0,False,False,True
train/videos/2017-09-25_16-03-38-2/2017-09-25_16-03-38.mp4-bee_id_1211-40755-1.png,0,0,False,False,True
train/videos/2017-09-25_16-03-38-2/2017-09-25_16-03-38.mp4-bee_id_1212-40845-1.png,0,0,False,False,True
train/videos/2017-09-25_16-03-38-2/2017-09-25_16-03-38.mp4-bee_id_1213-40860-1.png,0,1,False,False,True
train/videos/2017-09-25_16-03-38-2/2017-09-25_16-03-38.mp4-bee_id_1214-40860-1.png,0,0,False,False,True
train/videos/2017-09-25_16-03-38-2/2017-09-25_16-03-38.mp4-bee_id_1215-40890-1.png,0,0,False,False,True
train/videos/2017-09-25_16-03-38-2/2017-09-25_16-03-38.mp4-bee_id_228-15-1.png,0,2,False,False,True
train/videos/2017-09-25_16-03-38-2/2017-09-25_16-03-38.mp4-bee_id_229-15-1.png,0,1,False,False,True
train/videos/2017-09-25_16-03-38-2/2017-09-25_16-03-38.mp4-bee_id_230-15-1.png,0,0,False,False,True
train/videos/2017-09-25_16-03-38-2/2017-09-25_16-03-38.mp4-bee_id_231-45-1.png,0,2,False,False,True
train/videos/2017-09-25_16-03-38-2/2017-09-25_16-03-38.mp4-bee_id_232-45-1.png,0,2,False,False,True
train/videos/2017-09-25_16-03-38-2/2017-09-25_16-03-38.mp4-bee_id_233-60-1.png,0,0,False,False,True
train/videos/2017-09-25_16-03-38-2/2017-09-25_16-03-38.mp4-bee_id_234-75-1.png,0,0,False,False,True
train/videos/2017-09-25_16-03-38-2/2017-09-25_16-03-38.mp4-bee_id_235-75-1.png,0,2,False,False,True
train/videos/2017-09-25_16-03-38-2/2017-09-25_16-03-38.mp4-bee_id_236-90-1.png,0,0,False,False,True
train/videos/2017-09-25_16-03-38-2/2017-09-25_16-03-38.mp4-bee_id_237-270-1.png,0,0,False,False,True
train/videos/2017-09-25_16-03-38-2/2017-09-25_16-03-38.mp4-bee_id_238-600-1.png,0,1,False,False,True
train/videos/2017-09-25_16-03-38-2/2017-09-25_16-03-38.mp4-bee_id_241-735-1.png,0,2,False,False,True
train/videos/2017-09-25_16-03-38-2/2017-09-25_16-03-38.mp4-bee_id_242-840-1.png,1,2,True,True,True
train/videos/2017-09-25_16-03-38-2/2017-09-25_16-03-38.mp4-bee_id_243-1065-1.png,1,1,True,True,True
train/videos/2017-09-25_16-03-38-2/2017-09-25_16-03-38.mp4-bee_id_244-1200-1.png,0,0,False,False,True
train/videos/2017-09-25_16-03-38-2/2017-09-25_16-03-38.mp4-bee_id_245-1200-1.png,0,0,False,False,True
train/videos/2017-09-25_16-03-38-2/2017-09-25_16-03-38.mp4-bee_id_246-1230-1.png,1,1,True,True,True
train/videos/2017-09-25_16-03-38-2/2017-09-25_16-03-38.mp4-bee_id_247-1245-1.png,1,1,True,True,True
train/videos/2017-09-25_16-03-38-2/2017-09-25_16-03-38.mp4-bee_id_248-1290-1.png,0,1,False,False,True
train/videos/2017-09-25_16-03-38-2/2017-09-25_16-03-38.mp4-bee_id_249-1560-1.png,0,1,False,False,True
train/videos/2017-09-25_16-03-38-2/2017-09-25_16-03-38.mp4-bee_id_250-1620-1.png,1,0,True,False,True
train/videos/2017-09-25_16-03-38-2/2017-09-25_16-03-38.mp4-bee_id_251-1695-1.png,0,0,False,False,True
train/videos/2017-09-25_16-03-38-2/2017-09-25_16-03-38.mp4-bee_id_253-1935-1.png,0,0,False,False,True
train/videos/2017-09-25_16-03-38-2/2017-09-25_16-03-38.mp4-bee_id_254-2055-1.png,1,3,True,True,True
train/videos/2017-09-25_16-03-38-2/2017-09-25_16-03-38.mp4-bee_id_255-2085-1.png,0,2,False,False,True
train/videos/2017-09-25_16-03-38-2/2017-09-25_16-03-38.mp4-bee_id_256-2175-1.png,0,0,False,False,True
train/videos/2017-09-25_16-03-38-2/2017-09-25_16-03-38.mp4-bee_id_257-2265-1.png,0,3,False,False,True
train/videos/2017-09-25_16-03-38-2/2017-09-25_16-03-38.mp4-bee_id_258-2280-1.png,1,1,True,True,True
train/videos/2017-09-25_16-03-38-2/2017-09-25_16-03-38.mp4-bee_id_259-2310-1.png,1,2,True,True,True
train/videos/2017-09-25_16-03-38-2/2017-09-25_16-03-38.mp4-bee_id_261-2475-1.png,0,0,False,False,True
train/videos/2017-09-25_16-03-38-2/2017-09-25_16-03-38.mp4-bee_id_262-2610-1.png,0,0,False,False,True
train/videos/2017-09-25_16-03-38-2/2017-09-25_16-03-38.mp4-bee_id_263-2820-1.png,0,0,False,False,True
train/videos/2017-09-25_16-03-38-2/2017-09-25_16-03-38.mp4-bee_id_264-2835-1.png,0,1,False,False,True
train/videos/2017-09-25_16-03-38-2/2017-09-25_16-03-38.mp4-bee_id_266-3015-1.png,0,2,False,False,True
train/videos/2017-09-25_16-03-38-2/2017-09-25_16-03-38.mp4-bee_id_267-3060-1.png,0,2,False,False,True
train/videos/2017-09-25_16-03-38-2/2017-09-25_16-03-38.mp4-bee_id_268-3180-1.png,1,1,True,True,True
train/videos/2017-09-25_16-03-38-2/2017-09-25_16-03-38.mp4-bee_id_270-3495-1.png,1,1,True,True,True
train/videos/2017-09-25_16-03-38-2/2017-09-25_16-03-38.mp4-bee_id_271-3495-1.png,0,2,False,False,True
train/videos/2017-09-25_16-03-38-2/2017-09-25_16-03-38.mp4-bee_id_273-3735-1.png,0,0,False,False,True
train/videos/2017-09-25_16-03-38-2/2017-09-25_16-03-38.mp4-bee_id_274-3765-1.png,0,1,False,False,True
train/videos/2017-09-25_16-03-38-2/2017-09-25_16-03-38.mp4-bee_id_275-4320-1.png,1,1,True,True,True
train/videos/2017-09-25_16-03-38-2/2017-09-25_16-03-38.mp4-bee_id_276-4530-1.png,0,0,False,False,True
train/videos/2017-09-25_16-03-38-2/2017-09-25_16-03-38.mp4-bee_id_277-4530-1.png,0,0,False,False,True
train/videos/2017-09-25_16-03-38-2/2017-09-25_16-03-38.mp4-bee_id_278-4590-1.png,0,1,False,False,True
train/videos/2017-09-25_16-03-38-2/2017-09-25_16-03-38.mp4-bee_id_279-4635-1.png,0,0,False,False,True
train/videos/2017-09-25_16-03-38-2/2017-09-25_16-03-38.mp4-bee_id_280-4740-1.png,1,1,True,False,True
train/videos/2017-09-25_16-03-38-2/2017-09-25_16-03-38.mp4-bee_id_281-5040-1.png,0,0,False,False,True
train/videos/2017-09-25_16-03-38-2/2017-09-25_16-03-38.mp4-bee_id_282-5310-1.png,0,0,False,False,True
train/videos/2017-09-25_16-03-38-2/2017-09-25_16-03-38.mp4-bee_id_283-5385-1.png,0,0,False,False,True
train/videos/2017-09-25_16-03-38-2/2017-09-25_16-03-38.mp4-bee_id_284-5880-1.png,0,0,False,False,True
train/videos/2017-09-25_16-03-38-2/2017-09-25_16-03-38.mp4-bee_id_285-5895-1.png,0,0,False,False,True
train/videos/2017-09-25_16-03-38-2/2017-09-25_16-03-38.mp4-bee_id_286-6450-1.png,0,1,False,False,True
train/videos/2017-09-25_16-03-38-2/2017-09-25_16-03-38.mp4-bee_id_287-6465-1.png,0,1,False,False,True
train/videos/2017-09-25_16-03-38-2/2017-09-25_16-03-38.mp4-bee_id_288-6480-1.png,0,0,False,False,True
train/videos/2017-09-25_16-03-38-2/2017-09-25_16-03-38.mp4-bee_id_289-6495-1.png,0,0,False,False,True
train/videos/2017-09-25_16-03-38-2/2017-09-25_16-03-38.mp4-bee_id_291-6855-1.png,1,0,True,False,True
train/videos/2017-09-25_16-03-38-2/2017-09-25_16-03-38.mp4-bee_id_292-6900-1.png,0,1,False,False,True
train/videos/2017-09-25_16-03-38-2/2017-09-25_16-03-38.mp4-bee_id_293-6990-1.png,0,0,False,False,True
train/videos/2017-09-25_16-03-38-2/2017-09-25_16-03-38.mp4-bee_id_294-7005-1.png,0,2,False,False,True
train/videos/2017-09-25_16-03-38-2/2017-09-25_16-03-38.mp4-bee_id_295-7230-1.png,1,2,True,True,True
train/videos/2017-09-25_16-03-38-2/2017-09-25_16-03-38.mp4-bee_id_296-7290-1.png,0,0,False,False,True
train/videos/2017-09-25_16-03-38-2/2017-09-25_16-03-38.mp4-bee_id_297-7425-1.png,0,2,False,False,True
train/videos/2017-09-25_16-03-38-2/2017-09-25_16-03-38.mp4-bee_id_298-7470-1.png,0,0,False,False,True
train/videos/2017-09-25_16-03-38-2/2017-09-25_16-03-38.mp4-bee_id_299-7485-1.png,0,1,False,False,True
train/videos/2017-09-25_16-03-38-2/2017-09-25_16-03-38.mp4-bee_id_301-7545-1.png,0,0,False,False,True
train/videos/2017-09-25_16-03-38-2/2017-09-25_16-03-38.mp4-bee_id_302-7860-1.png,0,0,False,False,True
train/videos/2017-09-25_16-03-38-2/2017-09-25_16-03-38.mp4-bee_id_303-7890-1.png,0,0,False,False,True
train/videos/2017-09-25_16-03-38-2/2017-09-25_16-03-38.mp4-bee_id_304-7905-1.png,0,1,False,False,True
train/videos/2017-09-25_16-03-38-2/2017-09-25_16-03-38.mp4-bee_id_305-7920-1.png,1,1,True,False,True
train/videos/2017-09-25_16-03-38-2/2017-09-25_16-03-38.mp4-bee_id_306-7920-1.png,1,0,True,False,True
train/videos/2017-09-25_16-03-38-2/2017-09-25_16-03-38.mp4-bee_id_307-8025-1.png,0,0,False,False,True
train/videos/2017-09-25_16-03-38-2/2017-09-25_16-03-38.mp4-bee_id_308-8040-1.png,0,0,False,False,True
train/videos/2017-09-25_16-03-38-2/2017-09-25_16-03-38.mp4-bee_id_310-8160-1.png,0,0,False,False,True
train/videos/2017-09-25_16-03-38-2/2017-09-25_16-03-38.mp4-bee_id_311-8175-1.png,0,0,False,False,True
train/videos/2017-09-25_16-03-38-2/2017-09-25_16-03-38.mp4-bee_id_312-8340-1.png,1,0,True,False,True
train/videos/2017-09-25_16-03-38-2/2017-09-25_16-03-38.mp4-bee_id_313-8355-1.png,0,1,False,False,True
train/videos/2017-09-25_16-03-38-2/2017-09-25_16-03-38.mp4-bee_id_314-8730-1.png,0,0,False,False,True
train/videos/2017-09-25_16-03-38-2/2017-09-25_16-03-38.mp4-bee_id_315-8850-1.png,1,0,True,False,True
train/videos/2017-09-25_16-03-38-2/2017-09-25_16-03-38.mp4-bee_id_317-8955-1.png,1,1,True,False,True
train/videos/2017-09-25_16-03-38-2/2017-09-25_16-03-38.mp4-bee_id_319-9015-1.png,1,2,True,True,True
train/videos/2017-09-25_16-03-38-2/2017-09-25_16-03-38.mp4-bee_id_321-9285-1.png,0,0,False,False,True
train/videos/2017-09-25_16-03-38-2/2017-09-25_16-03-38.mp4-bee_id_322-9360-1.png,0,0,False,False,True
train/videos/2017-09-25_16-03-38-2/2017-09-25_16-03-38.mp4-bee_id_323-9420-1.png,0,0,False,False,True
train/videos/2017-09-25_16-03-38-2/2017-09-25_16-03-38.mp4-bee_id_324-9480-1.png,0,0,False,False,True
train/videos/2017-09-25_16-03-38-2/2017-09-25_16-03-38.mp4-bee_id_325-9495-1.png,0,0,False,False,True
train/videos/2017-09-25_16-03-38-2/2017-09-25_16-03-38.mp4-bee_id_326-9495-1.png,1,0,True,False,True
train/videos/2017-09-25_16-03-38-2/2017-09-25_16-03-38.mp4-bee_id_327-9585-1.png,0,1,False,False,True
train/videos/2017-09-25_16-03-38-2/2017-09-25_16-03-38.mp4-bee_id_328-9600-1.png,0,0,False,False,True
train/videos/2017-09-25_16-03-38-2/2017-09-25_16-03-38.mp4-bee_id_329-9645-1.png,0,1,False,False,True
train/videos/2017-09-25_16-03-38-2/2017-09-25_16-03-38.mp4-bee_id_330-9660-1.png,0,0,False,False,True
train/videos/2017-09-25_16-03-38-2/2017-09-25_16-03-38.mp4-bee_id_331-9705-1.png,1,2,True,True,True
train/videos/2017-09-25_16-03-38-2/2017-09-25_16-03-38.mp4-bee_id_333-9810-1.png,0,2,False,False,True
train/videos/2017-09-25_16-03-38-2/2017-09-25_16-03-38.mp4-bee_id_334-9825-1.png,0,2,False,False,True
train/videos/2017-09-25_16-03-38-2/2017-09-25_16-03-38.mp4-bee_id_335-9945-1.png,0,0,False,False,True
train/videos/2017-09-25_16-03-38-2/2017-09-25_16-03-38.mp4-bee_id_336-10110-1.png,0,2,False,False,True
train/videos/2017-09-25_16-03-38-2/2017-09-25_16-03-38.mp4-bee_id_337-10125-1.png,0,2,False,False,True
train/videos/2017-09-25_16-03-38-2/2017-09-25_16-03-38.mp4-bee_id_338-10230-1.png,1,0,True,False,True
train/videos/2017-09-25_16-03-38-2/2017-09-25_16-03-38.mp4-bee_id_339-10260-1.png,1,2,True,True,True
train/videos/2017-09-25_16-03-38-2/2017-09-25_16-03-38.mp4-bee_id_340-10275-1.png,1,2,True,False,True
train/videos/2017-09-25_16-03-38-2/2017-09-25_16-03-38.mp4-bee_id_341-10290-1.png,0,0,False,False,True
train/videos/2017-09-25_16-03-38-2/2017-09-25_16-03-38.mp4-bee_id_342-10380-1.png,0,1,False,False,True
train/videos/2017-09-25_16-03-38-2/2017-09-25_16-03-38.mp4-bee_id_343-10395-1.png,0,1,False,False,True
train/videos/2017-09-25_16-03-38-2/2017-09-25_16-03-38.mp4-bee_id_344-10425-1.png,1,0,True,False,True
train/videos/2017-09-25_16-03-38-2/2017-09-25_16-03-38.mp4-bee_id_346-10770-1.png,1,1,True,False,True
train/videos/2017-09-25_16-03-38-2/2017-09-25_16-03-38.mp4-bee_id_349-10860-1.png,1,1,True,False,True
train/videos/2017-09-25_16-03-38-2/2017-09-25_16-03-38.mp4-bee_id_350-11055-1.png,1,2,True,True,True
train/videos/2017-09-25_16-03-38-2/2017-09-25_16-03-38.mp4-bee_id_352-11100-1.png,0,1,False,False,True
train/videos/2017-09-25_16-03-38-2/2017-09-25_16-03-38.mp4-bee_id_353-11160-1.png,1,0,True,False,True
train/videos/2017-09-25_16-03-38-2/2017-09-25_16-03-38.mp4-bee_id_354-11190-1.png,1,1,True,True,True
train/videos/2017-09-25_16-03-38-2/2017-09-25_16-03-38.mp4-bee_id_355-11220-1.png,0,0,False,False,True
train/videos/2017-09-25_16-03-38-2/2017-09-25_16-03-38.mp4-bee_id_356-11310-1.png,1,1,True,True,True
train/videos/2017-09-25_16-03-38-2/2017-09-25_16-03-38.mp4-bee_id_357-11325-1.png,1,3,True,True,True
train/videos/2017-09-25_16-03-38-2/2017-09-25_16-03-38.mp4-bee_id_358-11325-1.png,0,0,False,False,True
train/videos/2017-09-25_16-03-38-2/2017-09-25_16-03-38.mp4-bee_id_359-11325-1.png,1,1,True,True,True
train/videos/2017-09-25_16-03-38-2/2017-09-25_16-03-38.mp4-bee_id_360-11355-1.png,1,2,True,False,True
train/videos/2017-09-25_16-03-38-2/2017-09-25_16-03-38.mp4-bee_id_361-11355-1.png,1,0,True,False,True
train/videos/2017-09-25_16-03-38-2/2017-09-25_16-03-38.mp4-bee_id_362-11370-1.png,1,2,True,True,True
train/videos/2017-09-25_16-03-38-2/2017-09-25_16-03-38.mp4-bee_id_363-11385-1.png,0,1,False,False,True
train/videos/2017-09-25_16-03-38-2/2017-09-25_16-03-38.mp4-bee_id_365-11460-1.png,0,0,False,False,True
train/videos/2017-09-25_16-03-38-2/2017-09-25_16-03-38.mp4-bee_id_366-11475-1.png,1,1,True,True,True
train/videos/2017-09-25_16-03-38-2/2017-09-25_16-03-38.mp4-bee_id_367-11565-1.png,0,0,False,False,True
train/videos/2017-09-25_16-03-38-2/2017-09-25_16-03-38.mp4-bee_id_368-11625-1.png,0,0,False,False,True
train/videos/2017-09-25_16-03-38-2/2017-09-25_16-03-38.mp4-bee_id_369-11625-1.png,0,2,False,False,True
train/videos/2017-09-25_16-03-38-2/2017-09-25_16-03-38.mp4-bee_id_370-11730-1.png,0,0,False,False,True
train/videos/2017-09-25_16-03-38-2/2017-09-25_16-03-38.mp4-bee_id_371-11865-1.png,0,0,False,False,True
train/videos/2017-09-25_16-03-38-2/2017-09-25_16-03-38.mp4-bee_id_372-11940-1.png,0,1,False,False,True
train/videos/2017-09-25_16-03-38-2/2017-09-25_16-03-38.mp4-bee_id_373-11955-1.png,0,1,False,False,True
train/videos/2017-09-25_16-03-38-2/2017-09-25_16-03-38.mp4-bee_id_374-11970-1.png,0,0,False,False,True
train/videos/2017-09-25_16-03-38-2/2017-09-25_16-03-38.mp4-bee_id_375-12000-1.png,0,0,False,False,True
train/videos/2017-09-25_16-03-38-2/2017-09-25_16-03-38.mp4-bee_id_376-12015-1.png,0,0,False,False,True
train/videos/2017-09-25_16-03-38-2/2017-09-25_16-03-38.mp4-bee_id_377-12030-1.png,0,0,False,False,True
train/videos/2017-09-25_16-03-38-2/2017-09-25_16-03-38.mp4-bee_id_378-12045-1.png,1,1,True,True,True
train/videos/2017-09-25_16-03-38-2/2017-09-25_16-03-38.mp4-bee_id_379-12060-1.png,0,0,False,False,True
train/videos/2017-09-25_16-03-38-2/2017-09-25_16-03-38.mp4-bee_id_380-12120-1.png,0,0,False,False,True
train/videos/2017-09-25_16-03-38-2/2017-09-25_16-03-38.mp4-bee_id_381-12150-1.png,0,0,False,False,True
train/videos/2017-09-25_16-03-38-2/2017-09-25_16-03-38.mp4-bee_id_382-12240-1.png,0,0,False,False,True
train/videos/2017-09-25_16-03-38-2/2017-09-25_16-03-38.mp4-bee_id_383-12240-1.png,0,0,False,False,True
train/videos/2017-09-25_16-03-38-2/2017-09-25_16-03-38.mp4-bee_id_384-12255-1.png,0,0,False,False,True
train/videos/2017-09-25_16-03-38-2/2017-09-25_16-03-38.mp4-bee_id_385-12300-1.png,0,0,False,False,True
train/videos/2017-09-25_16-03-38-2/2017-09-25_16-03-38.mp4-bee_id_386-12390-1.png,0,0,False,False,True
train/videos/2017-09-25_16-03-38-2/2017-09-25_16-03-38.mp4-bee_id_387-12405-1.png,0,2,False,False,True
train/videos/2017-09-25_16-03-38-2/2017-09-25_16-03-38.mp4-bee_id_388-12450-1.png,0,1,False,False,True
train/videos/2017-09-25_16-03-38-2/2017-09-25_16-03-38.mp4-bee_id_389-12645-1.png,1,1,True,True,True
train/videos/2017-09-25_16-03-38-2/2017-09-25_16-03-38.mp4-bee_id_391-12750-1.png,0,1,False,False,True
train/videos/2017-09-25_16-03-38-2/2017-09-25_16-03-38.mp4-bee_id_392-12765-1.png,0,0,False,False,True
train/videos/2017-09-25_16-03-38-2/2017-09-25_16-03-38.mp4-bee_id_393-12780-1.png,0,1,False,False,True
train/videos/2017-09-25_16-03-38-2/2017-09-25_16-03-38.mp4-bee_id_394-12810-1.png,1,0,True,False,True
train/videos/2017-09-25_16-03-38-2/2017-09-25_16-03-38.mp4-bee_id_395-12990-1.png,0,1,False,False,True
train/videos/2017-09-25_16-03-38-2/2017-09-25_16-03-38.mp4-bee_id_396-12990-1.png,1,1,True,True,True
train/videos/2017-09-25_16-03-38-2/2017-09-25_16-03-38.mp4-bee_id_397-13005-1.png,1,2,True,True,True
train/videos/2017-09-25_16-03-38-2/2017-09-25_16-03-38.mp4-bee_id_398-13020-1.png,1,2,True,True,True
train/videos/2017-09-25_16-03-38-2/2017-09-25_16-03-38.mp4-bee_id_399-13110-1.png,0,0,False,False,True
train/videos/2017-09-25_16-03-38-2/2017-09-25_16-03-38.mp4-bee_id_401-13185-1.png,0,0,False,False,True
train/videos/2017-09-25_16-03-38-2/2017-09-25_16-03-38.mp4-bee_id_403-13200-1.png,1,0,True,False,True
train/videos/2017-09-25_16-03-38-2/2017-09-25_16-03-38.mp4-bee_id_404-13215-1.png,1,1,True,False,True
train/videos/2017-09-25_16-03-38-2/2017-09-25_16-03-38.mp4-bee_id_406-13440-1.png,1,1,True,False,True
train/videos/2017-09-25_16-03-38-2/2017-09-25_16-03-38.mp4-bee_id_407-13455-1.png,0,1,False,False,True
train/videos/2017-09-25_16-03-38-2/2017-09-25_16-03-38.mp4-bee_id_408-13500-1.png,1,1,True,True,True
train/videos/2017-09-25_16-03-38-2/2017-09-25_16-03-38.mp4-bee_id_409-13530-1.png,0,0,False,False,True
train/videos/2017-09-25_16-03-38-2/2017-09-25_16-03-38.mp4-bee_id_410-13575-1.png,0,1,False,False,True
train/videos/2017-09-25_16-03-38-2/2017-09-25_16-03-38.mp4-bee_id_411-13590-1.png,1,2,True,True,True
train/videos/2017-09-25_16-03-38-2/2017-09-25_16-03-38.mp4-bee_id_412-13650-1.png,0,0,False,False,True
train/videos/2017-09-25_16-03-38-2/2017-09-25_16-03-38.mp4-bee_id_414-13845-1.png,0,0,False,False,True
train/videos/2017-09-25_16-03-38-2/2017-09-25_16-03-38.mp4-bee_id_416-13965-1.png,0,1,False,False,True
train/videos/2017-09-25_16-03-38-2/2017-09-25_16-03-38.mp4-bee_id_417-13980-1.png,0,0,False,False,True
train/videos/2017-09-25_16-03-38-2/2017-09-25_16-03-38.mp4-bee_id_418-13995-1.png,0,1,False,False,True
train/videos/2017-09-25_16-03-38-2/2017-09-25_16-03-38.mp4-bee_id_419-14085-1.png,0,1,False,False,True
train/videos/2017-09-25_16-03-38-2/2017-09-25_16-03-38.mp4-bee_id_420-14085-1.png,0,0,False,False,True
train/videos/2017-09-25_16-03-38-2/2017-09-25_16-03-38.mp4-bee_id_421-14115-1.png,0,2,False,False,True
train/videos/2017-09-25_16-03-38-2/2017-09-25_16-03-38.mp4-bee_id_422-14175-1.png,0,1,False,False,True
train/videos/2017-09-25_16-03-38-2/2017-09-25_16-03-38.mp4-bee_id_423-14190-1.png,0,1,False,False,True
train/videos/2017-09-25_16-03-38-2/2017-09-25_16-03-38.mp4-bee_id_425-14280-1.png,1,0,True,False,True
train/videos/2017-09-25_16-03-38-2/2017-09-25_16-03-38.mp4-bee_id_426-14370-1.png,0,0,False,False,True
train/videos/2017-09-25_16-03-38-2/2017-09-25_16-03-38.mp4-bee_id_427-14385-1.png,0,0,False,False,True
train/videos/2017-09-25_16-03-38-2/2017-09-25_16-03-38.mp4-bee_id_428-14385-1.png,0,1,False,False,True
train/videos/2017-09-25_16-03-38-2/2017-09-25_16-03-38.mp4-bee_id_429-14445-1.png,1,0,True,False,True
train/videos/2017-09-25_16-03-38-2/2017-09-25_16-03-38.mp4-bee_id_430-14490-1.png,0,0,False,False,True
train/videos/2017-09-25_16-03-38-2/2017-09-25_16-03-38.mp4-bee_id_431-14520-1.png,0,2,False,False,True
train/videos/2017-09-25_16-03-38-2/2017-09-25_16-03-38.mp4-bee_id_432-14520-1.png,1,0,True,False,True
train/videos/2017-09-25_16-03-38-2/2017-09-25_16-03-38.mp4-bee_id_433-14535-1.png,1,1,True,False,True
train/videos/2017-09-25_16-03-38-2/2017-09-25_16-03-38.mp4-bee_id_434-14550-1.png,1,2,True,False,True
train/videos/2017-09-25_16-03-38-2/2017-09-25_16-03-38.mp4-bee_id_435-14655-1.png,1,1,True,False,True
train/videos/2017-09-25_16-03-38-2/2017-09-25_16-03-38.mp4-bee_id_436-14745-1.png,1,1,True,True,True
train/videos/2017-09-25_16-03-38-2/2017-09-25_16-03-38.mp4-bee_id_437-14745-1.png,0,1,False,False,True
train/videos/2017-09-25_16-03-38-2/2017-09-25_16-03-38.mp4-bee_id_439-14760-1.png,1,0,True,False,True
train/videos/2017-09-25_16-03-38-2/2017-09-25_16-03-38.mp4-bee_id_440-14775-1.png,0,0,False,False,True
train/videos/2017-09-25_16-03-38-2/2017-09-25_16-03-38.mp4-bee_id_441-14790-1.png,1,1,True,True,True
train/videos/2017-09-25_16-03-38-2/2017-09-25_16-03-38.mp4-bee_id_443-14895-1.png,1,1,True,True,True
train/videos/2017-09-25_16-03-38-2/2017-09-25_16-03-38.mp4-bee_id_444-14895-1.png,0,0,False,False,True
train/videos/2017-09-25_16-03-38-2/2017-09-25_16-03-38.mp4-bee_id_446-15090-1.png,0,0,False,False,True
train/videos/2017-09-25_16-03-38-2/2017-09-25_16-03-38.mp4-bee_id_447-15120-1.png,1,2,True,True,True
train/videos/2017-09-25_16-03-38-2/2017-09-25_16-03-38.mp4-bee_id_449-15135-1.png,1,2,True,True,True
train/videos/2017-09-25_16-03-38-2/2017-09-25_16-03-38.mp4-bee_id_451-15270-1.png,0,0,False,False,True
train/videos/2017-09-25_16-03-38-2/2017-09-25_16-03-38.mp4-bee_id_452-15360-1.png,0,2,False,False,True
train/videos/2017-09-25_16-03-38-2/2017-09-25_16-03-38.mp4-bee_id_453-15435-1.png,0,0,False,False,True
train/videos/2017-09-25_16-03-38-2/2017-09-25_16-03-38.mp4-bee_id_454-15585-1.png,0,1,False,False,True
train/videos/2017-09-25_16-03-38-2/2017-09-25_16-03-38.mp4-bee_id_455-15630-1.png,0,0,False,False,True
train/videos/2017-09-25_16-03-38-2/2017-09-25_16-03-38.mp4-bee_id_456-15660-1.png,1,3,True,True,True
train/videos/2017-09-25_16-03-38-2/2017-09-25_16-03-38.mp4-bee_id_457-15690-1.png,0,0,False,False,True
train/videos/2017-09-25_16-03-38-2/2017-09-25_16-03-38.mp4-bee_id_458-15690-1.png,0,0,False,False,True
train/videos/2017-09-25_16-03-38-2/2017-09-25_16-03-38.mp4-bee_id_459-15690-1.png,1,2,True,True,True
train/videos/2017-09-25_16-03-38-2/2017-09-25_16-03-38.mp4-bee_id_460-15735-1.png,0,0,False,False,True
train/videos/2017-09-25_16-03-38-2/2017-09-25_16-03-38.mp4-bee_id_461-15780-1.png,0,0,False,False,True
train/videos/2017-09-25_16-03-38-2/2017-09-25_16-03-38.mp4-bee_id_462-15810-1.png,1,0,True,False,True
train/videos/2017-09-25_16-03-38-2/2017-09-25_16-03-38.mp4-bee_id_463-15825-1.png,1,1,True,False,True
train/videos/2017-09-25_16-03-38-2/2017-09-25_16-03-38.mp4-bee_id_464-15855-1.png,0,1,False,False,True
train/videos/2017-09-25_16-03-38-2/2017-09-25_16-03-38.mp4-bee_id_465-15870-1.png,0,0,False,False,True
train/videos/2017-09-25_16-03-38-2/2017-09-25_16-03-38.mp4-bee_id_466-15915-1.png,0,0,False,False,True
train/videos/2017-09-25_16-03-38-2/2017-09-25_16-03-38.mp4-bee_id_467-15945-1.png,1,0,True,False,True
train/videos/2017-09-25_16-03-38-2/2017-09-25_16-03-38.mp4-bee_id_468-16005-1.png,0,0,False,False,True
train/videos/2017-09-25_16-03-38-2/2017-09-25_16-03-38.mp4-bee_id_469-16035-1.png,0,2,False,False,True
train/videos/2017-09-25_16-03-38-2/2017-09-25_16-03-38.mp4-bee_id_470-16065-1.png,0,0,False,False,True
train/videos/2017-09-25_16-03-38-2/2017-09-25_16-03-38.mp4-bee_id_471-16260-1.png,0,1,False,False,True
train/videos/2017-09-25_16-03-38-2/2017-09-25_16-03-38.mp4-bee_id_472-16455-1.png,0,1,False,False,True
train/videos/2017-09-25_16-03-38-2/2017-09-25_16-03-38.mp4-bee_id_473-16470-1.png,0,0,False,False,True
train/videos/2017-09-25_16-03-38-2/2017-09-25_16-03-38.mp4-bee_id_474-16545-1.png,1,0,True,False,True
train/videos/2017-09-25_16-03-38-2/2017-09-25_16-03-38.mp4-bee_id_475-16560-1.png,1,0,True,False,True
train/videos/2017-09-25_16-03-38-2/2017-09-25_16-03-38.mp4-bee_id_476-16575-1.png,0,1,False,False,True
train/videos/2017-09-25_16-03-38-2/2017-09-25_16-03-38.mp4-bee_id_478-16725-1.png,1,0,True,False,True
train/videos/2017-09-25_16-03-38-2/2017-09-25_16-03-38.mp4-bee_id_479-16755-1.png,0,0,False,False,True
train/videos/2017-09-25_16-03-38-2/2017-09-25_16-03-38.mp4-bee_id_480-16830-1.png,1,1,True,False,True
train/videos/2017-09-25_16-03-38-2/2017-09-25_16-03-38.mp4-bee_id_481-16830-1.png,0,0,False,False,True
train/videos/2017-09-25_16-03-38-2/2017-09-25_16-03-38.mp4-bee_id_482-16875-1.png,0,1,False,False,True
train/videos/2017-09-25_16-03-38-2/2017-09-25_16-03-38.mp4-bee_id_483-16950-1.png,0,0,False,False,True
train/videos/2017-09-25_16-03-38-2/2017-09-25_16-03-38.mp4-bee_id_484-17055-1.png,0,1,False,False,True
train/videos/2017-09-25_16-03-38-2/2017-09-25_16-03-38.mp4-bee_id_485-17070-1.png,1,0,True,False,True
train/videos/2017-09-25_16-03-38-2/2017-09-25_16-03-38.mp4-bee_id_486-17085-1.png,1,1,True,False,True
train/videos/2017-09-25_16-03-38-2/2017-09-25_16-03-38.mp4-bee_id_487-17085-1.png,0,0,False,False,True
train/videos/2017-09-25_16-03-38-2/2017-09-25_16-03-38.mp4-bee_id_488-17160-1.png,0,0,False,False,True
train/videos/2017-09-25_16-03-38-2/2017-09-25_16-03-38.mp4-bee_id_490-17235-1.png,0,0,False,False,True
train/videos/2017-09-25_16-03-38-2/2017-09-25_16-03-38.mp4-bee_id_491-17295-1.png,1,1,True,False,True
train/videos/2017-09-25_16-03-38-2/2017-09-25_16-03-38.mp4-bee_id_492-17310-1.png,1,2,True,False,True
train/videos/2017-09-25_16-03-38-2/2017-09-25_16-03-38.mp4-bee_id_494-17400-1.png,0,1,False,False,True
train/videos/2017-09-25_16-03-38-2/2017-09-25_16-03-38.mp4-bee_id_495-17445-1.png,1,0,True,False,True
train/videos/2017-09-25_16-03-38-2/2017-09-25_16-03-38.mp4-bee_id_496-17460-1.png,1,0,True,False,True
train/videos/2017-09-25_16-03-38-2/2017-09-25_16-03-38.mp4-bee_id_497-17505-1.png,0,0,False,False,True
train/videos/2017-09-25_16-03-38-2/2017-09-25_16-03-38.mp4-bee_id_498-17610-1.png,0,0,False,False,True
train/videos/2017-09-25_16-03-38-2/2017-09-25_16-03-38.mp4-bee_id_499-17670-1.png,0,0,False,False,True
train/videos/2017-09-25_16-03-38-2/2017-09-25_16-03-38.mp4-bee_id_501-17760-1.png,1,1,True,False,True
train/videos/2017-09-25_16-03-38-2/2017-09-25_16-03-38.mp4-bee_id_502-17805-1.png,1,1,True,False,True
train/videos/2017-09-25_16-03-38-2/2017-09-25_16-03-38.mp4-bee_id_503-17880-1.png,0,0,False,False,True
train/videos/2017-09-25_16-03-38-2/2017-09-25_16-03-38.mp4-bee_id_504-17895-1.png,1,0,True,False,True
train/videos/2017-09-25_16-03-38-2/2017-09-25_16-03-38.mp4-bee_id_505-17925-1.png,0,0,False,False,True
train/videos/2017-09-25_16-03-38-2/2017-09-25_16-03-38.mp4-bee_id_506-17955-1.png,0,0,False,False,True
train/videos/2017-09-25_16-03-38-2/2017-09-25_16-03-38.mp4-bee_id_507-17985-1.png,1,0,True,False,True
train/videos/2017-09-25_16-03-38-2/2017-09-25_16-03-38.mp4-bee_id_508-18000-1.png,1,1,True,False,True
train/videos/2017-09-25_16-03-38-2/2017-09-25_16-03-38.mp4-bee_id_509-18045-1.png,0,0,False,False,True
train/videos/2017-09-25_16-03-38-2/2017-09-25_16-03-38.mp4-bee_id_510-18060-1.png,0,0,False,False,True
train/videos/2017-09-25_16-03-38-2/2017-09-25_16-03-38.mp4-bee_id_514-18315-1.png,1,0,True,False,True
train/videos/2017-09-25_16-03-38-2/2017-09-25_16-03-38.mp4-bee_id_515-18330-1.png,1,0,True,False,True
train/videos/2017-09-25_16-03-38-2/2017-09-25_16-03-38.mp4-bee_id_516-18420-1.png,0,0,False,False,True
train/videos/2017-09-25_16-03-38-2/2017-09-25_16-03-38.mp4-bee_id_517-18420-1.png,1,0,True,False,True
train/videos/2017-09-25_16-03-38-2/2017-09-25_16-03-38.mp4-bee_id_518-18420-1.png,0,1,False,False,True
train/videos/2017-09-25_16-03-38-2/2017-09-25_16-03-38.mp4-bee_id_520-18555-1.png,0,1,False,False,True
train/videos/2017-09-25_16-03-38-2/2017-09-25_16-03-38.mp4-bee_id_521-18705-1.png,1,1,True,True,True
train/videos/2017-09-25_16-03-38-2/2017-09-25_16-03-38.mp4-bee_id_522-18720-1.png,1,1,True,True,True
train/videos/2017-09-25_16-03-38-2/2017-09-25_16-03-38.mp4-bee_id_523-18855-1.png,1,2,True,True,True
train/videos/2017-09-25_16-03-38-2/2017-09-25_16-03-38.mp4-bee_id_525-18930-1.png,0,0,False,False,True
train/videos/2017-09-25_16-03-38-2/2017-09-25_16-03-38.mp4-bee_id_526-18945-1.png,0,1,False,False,True
train/videos/2017-09-25_16-03-38-2/2017-09-25_16-03-38.mp4-bee_id_527-18975-1.png,0,2,False,False,True
train/videos/2017-09-25_16-03-38-2/2017-09-25_16-03-38.mp4-bee_id_528-18990-1.png,0,1,False,False,True
train/videos/2017-09-25_16-03-38-2/2017-09-25_16-03-38.mp4-bee_id_529-19035-1.png,1,1,True,True,True
train/videos/2017-09-25_16-03-38-2/2017-09-25_16-03-38.mp4-bee_id_532-19320-1.png,0,0,False,False,True
train/videos/2017-09-25_16-03-38-2/2017-09-25_16-03-38.mp4-bee_id_533-19350-1.png,0,0,False,False,True
train/videos/2017-09-25_16-03-38-2/2017-09-25_16-03-38.mp4-bee_id_534-19395-1.png,1,1,True,True,True
train/videos/2017-09-25_16-03-38-2/2017-09-25_16-03-38.mp4-bee_id_535-19410-1.png,0,1,False,False,True
train/videos/2017-09-25_16-03-38-2/2017-09-25_16-03-38.mp4-bee_id_536-19485-1.png,0,1,False,False,True
train/videos/2017-09-25_16-03-38-2/2017-09-25_16-03-38.mp4-bee_id_537-19500-1.png,0,0,False,False,True
train/videos/2017-09-25_16-03-38-2/2017-09-25_16-03-38.mp4-bee_id_538-19500-1.png,0,1,False,False,True
train/videos/2017-09-25_16-03-38-2/2017-09-25_16-03-38.mp4-bee_id_539-19515-1.png,0,0,False,False,True
train/videos/2017-09-25_16-03-38-2/2017-09-25_16-03-38.mp4-bee_id_540-19515-1.png,0,0,False,False,True
train/videos/2017-09-25_16-03-38-2/2017-09-25_16-03-38.mp4-bee_id_542-19590-1.png,1,0,True,False,True
train/videos/2017-09-25_16-03-38-2/2017-09-25_16-03-38.mp4-bee_id_544-19680-1.png,1,2,True,True,True
train/videos/2017-09-25_16-03-38-2/2017-09-25_16-03-38.mp4-bee_id_546-19770-1.png,1,1,True,True,True
train/videos/2017-09-25_16-03-38-2/2017-09-25_16-03-38.mp4-bee_id_547-19800-1.png,0,0,False,False,True
train/videos/2017-09-25_16-03-38-2/2017-09-25_16-03-38.mp4-bee_id_548-19875-1.png,0,0,False,False,True
train/videos/2017-09-25_16-03-38-2/2017-09-25_16-03-38.mp4-bee_id_549-19890-1.png,0,0,False,False,True
train/videos/2017-09-25_16-03-38-2/2017-09-25_16-03-38.mp4-bee_id_550-19935-1.png,0,1,False,False,True
train/videos/2017-09-25_16-03-38-2/2017-09-25_16-03-38.mp4-bee_id_552-19995-1.png,0,0,False,False,True
train/videos/2017-09-25_16-03-38-2/2017-09-25_16-03-38.mp4-bee_id_553-20100-1.png,0,1,False,False,True
train/videos/2017-09-25_16-03-38-2/2017-09-25_16-03-38.mp4-bee_id_554-20115-1.png,0,1,False,False,True
train/videos/2017-09-25_16-03-38-2/2017-09-25_16-03-38.mp4-bee_id_555-20130-1.png,0,1,False,False,True
train/videos/2017-09-25_16-03-38-2/2017-09-25_16-03-38.mp4-bee_id_558-20310-1.png,0,0,False,False,True
train/videos/2017-09-25_16-03-38-2/2017-09-25_16-03-38.mp4-bee_id_559-20340-1.png,0,2,False,False,True
train/videos/2017-09-25_16-03-38-2/2017-09-25_16-03-38.mp4-bee_id_560-20340-1.png,1,0,True,False,True
train/videos/2017-09-25_16-03-38-2/2017-09-25_16-03-38.mp4-bee_id_561-20535-1.png,0,0,False,False,True
train/videos/2017-09-25_16-03-38-2/2017-09-25_16-03-38.mp4-bee_id_562-20565-1.png,1,0,True,False,True
train/videos/2017-09-25_16-03-38-2/2017-09-25_16-03-38.mp4-bee_id_563-20595-1.png,0,1,False,False,True
train/videos/2017-09-25_16-03-38-2/2017-09-25_16-03-38.mp4-bee_id_564-20625-1.png,0,2,False,False,True
train/videos/2017-09-25_16-03-38-2/2017-09-25_16-03-38.mp4-bee_id_565-20715-1.png,0,0,False,False,True
train/videos/2017-09-25_16-03-38-2/2017-09-25_16-03-38.mp4-bee_id_567-21000-1.png,0,1,False,False,True
train/videos/2017-09-25_16-03-38-2/2017-09-25_16-03-38.mp4-bee_id_568-21030-1.png,0,0,False,False,True
train/videos/2017-09-25_16-03-38-2/2017-09-25_16-03-38.mp4-bee_id_569-21060-1.png,0,0,False,False,True
train/videos/2017-09-25_16-03-38-2/2017-09-25_16-03-38.mp4-bee_id_570-21090-1.png,0,1,False,False,True
train/videos/2017-09-25_16-03-38-2/2017-09-25_16-03-38.mp4-bee_id_571-21120-1.png,1,1,True,False,True
train/videos/2017-09-25_16-03-38-2/2017-09-25_16-03-38.mp4-bee_id_572-21135-1.png,0,0,False,False,True
train/videos/2017-09-25_16-03-38-2/2017-09-25_16-03-38.mp4-bee_id_573-21135-1.png,0,0,False,False,True
train/videos/2017-09-25_16-03-38-2/2017-09-25_16-03-38.mp4-bee_id_575-21180-1.png,0,1,False,False,True
train/videos/2017-09-25_16-03-38-2/2017-09-25_16-03-38.mp4-bee_id_576-21210-1.png,0,0,False,False,True
train/videos/2017-09-25_16-03-38-2/2017-09-25_16-03-38.mp4-bee_id_578-21255-1.png,0,0,False,False,True
train/videos/2017-09-25_16-03-38-2/2017-09-25_16-03-38.mp4-bee_id_579-21270-1.png,1,1,True,True,True
train/videos/2017-09-25_16-03-38-2/2017-09-25_16-03-38.mp4-bee_id_580-21285-1.png,1,0,True,False,True
train/videos/2017-09-25_16-03-38-2/2017-09-25_16-03-38.mp4-bee_id_581-21315-1.png,0,0,False,False,True
train/videos/2017-09-25_16-03-38-2/2017-09-25_16-03-38.mp4-bee_id_582-21345-1.png,0,0,False,False,True
train/videos/2017-09-25_16-03-38-2/2017-09-25_16-03-38.mp4-bee_id_583-21375-1.png,0,1,False,False,True
train/videos/2017-09-25_16-03-38-2/2017-09-25_16-03-38.mp4-bee_id_585-21435-1.png,0,0,False,False,True
train/videos/2017-09-25_16-03-38-2/2017-09-25_16-03-38.mp4-bee_id_586-21435-1.png,0,2,False,False,True
train/videos/2017-09-25_16-03-38-2/2017-09-25_16-03-38.mp4-bee_id_587-21450-1.png,0,0,False,False,True
train/videos/2017-09-25_16-03-38-2/2017-09-25_16-03-38.mp4-bee_id_588-21450-1.png,0,2,False,False,True
train/videos/2017-09-25_16-03-38-2/2017-09-25_16-03-38.mp4-bee_id_589-21525-1.png,0,0,False,False,True
train/videos/2017-09-25_16-03-38-2/2017-09-25_16-03-38.mp4-bee_id_590-21615-1.png,0,0,False,False,True
train/videos/2017-09-25_16-03-38-2/2017-09-25_16-03-38.mp4-bee_id_591-21660-1.png,1,2,True,True,True
train/videos/2017-09-25_16-03-38-2/2017-09-25_16-03-38.mp4-bee_id_592-21675-1.png,1,1,True,True,True
train/videos/2017-09-25_16-03-38-2/2017-09-25_16-03-38.mp4-bee_id_593-21690-1.png,0,1,False,False,True
train/videos/2017-09-25_16-03-38-2/2017-09-25_16-03-38.mp4-bee_id_594-21690-1.png,1,1,True,True,True
train/videos/2017-09-25_16-03-38-2/2017-09-25_16-03-38.mp4-bee_id_595-21750-1.png,0,1,False,False,True
train/videos/2017-09-25_16-03-38-2/2017-09-25_16-03-38.mp4-bee_id_596-21795-1.png,0,0,False,False,True
train/videos/2017-09-25_16-03-38-2/2017-09-25_16-03-38.mp4-bee_id_597-21825-1.png,0,0,False,False,True
train/videos/2017-09-25_16-03-38-2/2017-09-25_16-03-38.mp4-bee_id_598-22005-1.png,0,0,False,False,True
train/videos/2017-09-25_16-03-38-2/2017-09-25_16-03-38.mp4-bee_id_599-22005-1.png,0,0,False,False,True
train/videos/2017-09-25_16-03-38-2/2017-09-25_16-03-38.mp4-bee_id_600-22095-1.png,0,0,False,False,True
train/videos/2017-09-25_16-03-38-2/2017-09-25_16-03-38.mp4-bee_id_601-22110-1.png,0,0,False,False,True
train/videos/2017-09-25_16-03-38-2/2017-09-25_16-03-38.mp4-bee_id_602-22170-1.png,0,2,False,False,True
train/videos/2017-09-25_16-03-38-2/2017-09-25_16-03-38.mp4-bee_id_603-22170-1.png,0,0,False,False,True
train/videos/2017-09-25_16-03-38-2/2017-09-25_16-03-38.mp4-bee_id_604-22185-1.png,0,1,False,False,True
train/videos/2017-09-25_16-03-38-2/2017-09-25_16-03-38.mp4-bee_id_605-22185-1.png,0,0,False,False,True
train/videos/2017-09-25_16-03-38-2/2017-09-25_16-03-38.mp4-bee_id_606-22275-1.png,0,2,False,False,True
train/videos/2017-09-25_16-03-38-2/2017-09-25_16-03-38.mp4-bee_id_607-22440-1.png,0,0,False,False,True
train/videos/2017-09-25_16-03-38-2/2017-09-25_16-03-38.mp4-bee_id_608-22455-1.png,1,1,True,False,True
train/videos/2017-09-25_16-03-38-2/2017-09-25_16-03-38.mp4-bee_id_609-22470-1.png,0,1,False,False,True
train/videos/2017-09-25_16-03-38-2/2017-09-25_16-03-38.mp4-bee_id_610-22560-1.png,0,0,False,False,True
train/videos/2017-09-25_16-03-38-2/2017-09-25_16-03-38.mp4-bee_id_611-22560-1.png,0,0,False,False,True
train/videos/2017-09-25_16-03-38-2/2017-09-25_16-03-38.mp4-bee_id_612-22590-1.png,0,0,False,False,True
train/videos/2017-09-25_16-03-38-2/2017-09-25_16-03-38.mp4-bee_id_613-22725-1.png,0,1,False,False,True
train/videos/2017-09-25_16-03-38-2/2017-09-25_16-03-38.mp4-bee_id_614-22770-1.png,0,0,False,False,True
train/videos/2017-09-25_16-03-38-2/2017-09-25_16-03-38.mp4-bee_id_615-22785-1.png,0,0,False,False,True
train/videos/2017-09-25_16-03-38-2/2017-09-25_16-03-38.mp4-bee_id_616-22800-1.png,0,1,False,False,True
train/videos/2017-09-25_16-03-38-2/2017-09-25_16-03-38.mp4-bee_id_617-22830-1.png,0,1,False,False,True
train/videos/2017-09-25_16-03-38-2/2017-09-25_16-03-38.mp4-bee_id_618-22845-1.png,0,1,False,False,True
train/videos/2017-09-25_16-03-38-2/2017-09-25_16-03-38.mp4-bee_id_619-22890-1.png,0,0,False,False,True
train/videos/2017-09-25_16-03-38-2/2017-09-25_16-03-38.mp4-bee_id_620-22905-1.png,0,0,False,False,True
train/videos/2017-09-25_16-03-38-2/2017-09-25_16-03-38.mp4-bee_id_621-22965-1.png,0,0,False,False,True
train/videos/2017-09-25_16-03-38-2/2017-09-25_16-03-38.mp4-bee_id_622-22965-1.png,0,0,False,False,True
train/videos/2017-09-25_16-03-38-2/2017-09-25_16-03-38.mp4-bee_id_623-23010-1.png,0,0,False,False,True
train/videos/2017-09-25_16-03-38-2/2017-09-25_16-03-38.mp4-bee_id_624-23100-1.png,0,0,False,False,True
train/videos/2017-09-25_16-03-38-2/2017-09-25_16-03-38.mp4-bee_id_625-23160-1.png,0,0,False,False,True
train/videos/2017-09-25_16-03-38-2/2017-09-25_16-03-38.mp4-bee_id_626-23160-1.png,0,2,False,False,True
train/videos/2017-09-25_16-03-38-2/2017-09-25_16-03-38.mp4-bee_id_627-23175-1.png,0,1,False,False,True
train/videos/2017-09-25_16-03-38-2/2017-09-25_16-03-38.mp4-bee_id_628-23295-1.png,0,0,False,False,True
train/videos/2017-09-25_16-03-38-2/2017-09-25_16-03-38.mp4-bee_id_629-23370-1.png,0,2,False,False,True
train/videos/2017-09-25_16-03-38-2/2017-09-25_16-03-38.mp4-bee_id_630-23385-1.png,0,0,False,False,True
train/videos/2017-09-25_16-03-38-2/2017-09-25_16-03-38.mp4-bee_id_631-23400-1.png,0,0,False,False,True
train/videos/2017-09-25_16-03-38-2/2017-09-25_16-03-38.mp4-bee_id_632-23430-1.png,1,0,True,False,True
train/videos/2017-09-25_16-03-38-2/2017-09-25_16-03-38.mp4-bee_id_633-23430-1.png,0,0,False,False,True
train/videos/2017-09-25_16-03-38-2/2017-09-25_16-03-38.mp4-bee_id_634-23445-1.png,1,1,True,True,True
train/videos/2017-09-25_16-03-38-2/2017-09-25_16-03-38.mp4-bee_id_635-23460-1.png,0,2,False,False,True
train/videos/2017-09-25_16-03-38-2/2017-09-25_16-03-38.mp4-bee_id_636-23490-1.png,1,0,True,False,True
train/videos/2017-09-25_16-03-38-2/2017-09-25_16-03-38.mp4-bee_id_637-23490-1.png,0,0,False,False,True
train/videos/2017-09-25_16-03-38-2/2017-09-25_16-03-38.mp4-bee_id_638-23565-1.png,1,0,True,False,True
train/videos/2017-09-25_16-03-38-2/2017-09-25_16-03-38.mp4-bee_id_639-23685-1.png,0,1,False,False,True
train/videos/2017-09-25_16-03-38-2/2017-09-25_16-03-38.mp4-bee_id_640-23700-1.png,0,0,False,False,True
train/videos/2017-09-25_16-03-38-2/2017-09-25_16-03-38.mp4-bee_id_642-23745-1.png,0,0,False,False,True
train/videos/2017-09-25_16-03-38-2/2017-09-25_16-03-38.mp4-bee_id_643-23775-1.png,0,0,False,False,True
train/videos/2017-09-25_16-03-38-2/2017-09-25_16-03-38.mp4-bee_id_645-23805-1.png,0,0,False,False,True
train/videos/2017-09-25_16-03-38-2/2017-09-25_16-03-38.mp4-bee_id_646-23925-1.png,0,0,False,False,True
train/videos/2017-09-25_16-03-38-2/2017-09-25_16-03-38.mp4-bee_id_647-23940-1.png,0,2,False,False,True
train/videos/2017-09-25_16-03-38-2/2017-09-25_16-03-38.mp4-bee_id_648-24000-1.png,0,0,False,False,True
train/videos/2017-09-25_16-03-38-2/2017-09-25_16-03-38.mp4-bee_id_649-24030-1.png,0,1,False,False,True
train/videos/2017-09-25_16-03-38-2/2017-09-25_16-03-38.mp4-bee_id_650-24075-1.png,0,0,False,False,True
train/videos/2017-09-25_16-03-38-2/2017-09-25_16-03-38.mp4-bee_id_651-24075-1.png,0,0,False,False,True
train/videos/2017-09-25_16-03-38-2/2017-09-25_16-03-38.mp4-bee_id_652-24105-1.png,0,1,False,False,True
train/videos/2017-09-25_16-03-38-2/2017-09-25_16-03-38.mp4-bee_id_653-24300-1.png,0,2,False,False,True
train/videos/2017-09-25_16-03-38-2/2017-09-25_16-03-38.mp4-bee_id_654-24405-1.png,0,1,False,False,True
train/videos/2017-09-25_16-03-38-2/2017-09-25_16-03-38.mp4-bee_id_655-24435-1.png,0,0,False,False,True
train/videos/2017-09-25_16-03-38-2/2017-09-25_16-03-38.mp4-bee_id_656-24495-1.png,0,0,False,False,True
train/videos/2017-09-25_16-03-38-2/2017-09-25_16-03-38.mp4-bee_id_657-24510-1.png,0,0,False,False,True
train/videos/2017-09-25_16-03-38-2/2017-09-25_16-03-38.mp4-bee_id_658-24525-1.png,0,1,False,False,True
train/videos/2017-09-25_16-03-38-2/2017-09-25_16-03-38.mp4-bee_id_659-24585-1.png,0,0,False,False,True
train/videos/2017-09-25_16-03-38-2/2017-09-25_16-03-38.mp4-bee_id_660-24615-1.png,0,1,False,False,True
train/videos/2017-09-25_16-03-38-2/2017-09-25_16-03-38.mp4-bee_id_661-24630-1.png,0,0,False,False,True
train/videos/2017-09-25_16-03-38-2/2017-09-25_16-03-38.mp4-bee_id_662-24645-1.png,0,1,False,False,True
train/videos/2017-09-25_16-03-38-2/2017-09-25_16-03-38.mp4-bee_id_663-24660-1.png,0,1,False,False,True
train/videos/2017-09-25_16-03-38-2/2017-09-25_16-03-38.mp4-bee_id_664-24660-1.png,0,1,False,False,True
train/videos/2017-09-25_16-03-38-2/2017-09-25_16-03-38.mp4-bee_id_665-24705-1.png,1,0,True,False,True
train/videos/2017-09-25_16-03-38-2/2017-09-25_16-03-38.mp4-bee_id_666-24720-1.png,0,0,False,False,True
train/videos/2017-09-25_16-03-38-2/2017-09-25_16-03-38.mp4-bee_id_669-24855-1.png,0,1,False,False,True
train/videos/2017-09-25_16-03-38-2/2017-09-25_16-03-38.mp4-bee_id_670-24870-1.png,0,1,False,False,True
train/videos/2017-09-25_16-03-38-2/2017-09-25_16-03-38.mp4-bee_id_671-24870-1.png,0,1,False,False,True
train/videos/2017-09-25_16-03-38-2/2017-09-25_16-03-38.mp4-bee_id_672-24885-1.png,0,0,False,False,True
train/videos/2017-09-25_16-03-38-2/2017-09-25_16-03-38.mp4-bee_id_673-24930-1.png,0,0,False,False,True
train/videos/2017-09-25_16-03-38-2/2017-09-25_16-03-38.mp4-bee_id_676-25005-1.png,0,0,False,False,True
train/videos/2017-09-25_16-03-38-2/2017-09-25_16-03-38.mp4-bee_id_678-25050-1.png,0,0,False,False,True
train/videos/2017-09-25_16-03-38-2/2017-09-25_16-03-38.mp4-bee_id_679-25125-1.png,0,0,False,False,True
train/videos/2017-09-25_16-03-38-2/2017-09-25_16-03-38.mp4-bee_id_680-25140-1.png,0,0,False,False,True
train/videos/2017-09-25_16-03-38-2/2017-09-25_16-03-38.mp4-bee_id_681-25170-1.png,0,0,False,False,True
train/videos/2017-09-25_16-03-38-2/2017-09-25_16-03-38.mp4-bee_id_682-25170-1.png,0,1,False,False,True
train/videos/2017-09-25_16-03-38-2/2017-09-25_16-03-38.mp4-bee_id_683-25185-1.png,0,0,False,False,True
train/videos/2017-09-25_16-03-38-2/2017-09-25_16-03-38.mp4-bee_id_684-25200-1.png,0,0,False,False,True
train/videos/2017-09-25_16-03-38-2/2017-09-25_16-03-38.mp4-bee_id_685-25260-1.png,1,0,True,False,True
train/videos/2017-09-25_16-03-38-2/2017-09-25_16-03-38.mp4-bee_id_686-25305-1.png,0,1,False,False,True
train/videos/2017-09-25_16-03-38-2/2017-09-25_16-03-38.mp4-bee_id_687-25335-1.png,0,0,False,False,True
train/videos/2017-09-25_16-03-38-2/2017-09-25_16-03-38.mp4-bee_id_688-25365-1.png,0,0,False,False,True
train/videos/2017-09-25_16-03-38-2/2017-09-25_16-03-38.mp4-bee_id_689-25365-1.png,0,0,False,False,True
train/videos/2017-09-25_16-03-38-2/2017-09-25_16-03-38.mp4-bee_id_690-25410-1.png,0,0,False,False,True
train/videos/2017-09-25_16-03-38-2/2017-09-25_16-03-38.mp4-bee_id_691-25425-1.png,0,0,False,False,True
train/videos/2017-09-25_16-03-38-2/2017-09-25_16-03-38.mp4-bee_id_692-25440-1.png,0,0,False,False,True
train/videos/2017-09-25_16-03-38-2/2017-09-25_16-03-38.mp4-bee_id_693-25440-1.png,0,0,False,False,True
train/videos/2017-09-25_16-03-38-2/2017-09-25_16-03-38.mp4-bee_id_694-25470-1.png,1,0,True,False,True
train/videos/2017-09-25_16-03-38-2/2017-09-25_16-03-38.mp4-bee_id_695-25485-1.png,0,1,False,False,True
train/videos/2017-09-25_16-03-38-2/2017-09-25_16-03-38.mp4-bee_id_696-25560-1.png,0,0,False,False,True
train/videos/2017-09-25_16-03-38-2/2017-09-25_16-03-38.mp4-bee_id_697-25575-1.png,0,2,False,False,True
train/videos/2017-09-25_16-03-38-2/2017-09-25_16-03-38.mp4-bee_id_698-25620-1.png,1,0,True,False,True
train/videos/2017-09-25_16-03-38-2/2017-09-25_16-03-38.mp4-bee_id_700-25635-1.png,0,0,False,False,True
train/videos/2017-09-25_16-03-38-2/2017-09-25_16-03-38.mp4-bee_id_701-25680-1.png,0,0,False,False,True
train/videos/2017-09-25_16-03-38-2/2017-09-25_16-03-38.mp4-bee_id_703-25830-1.png,0,0,False,False,True
train/videos/2017-09-25_16-03-38-2/2017-09-25_16-03-38.mp4-bee_id_704-25875-1.png,0,0,False,False,True
train/videos/2017-09-25_16-03-38-2/2017-09-25_16-03-38.mp4-bee_id_705-25890-1.png,1,1,True,True,True
train/videos/2017-09-25_16-03-38-2/2017-09-25_16-03-38.mp4-bee_id_706-25905-1.png,0,0,False,False,True
train/videos/2017-09-25_16-03-38-2/2017-09-25_16-03-38.mp4-bee_id_707-25905-1.png,0,0,False,False,True
train/videos/2017-09-25_16-03-38-2/2017-09-25_16-03-38.mp4-bee_id_708-25950-1.png,0,2,False,False,True
train/videos/2017-09-25_16-03-38-2/2017-09-25_16-03-38.mp4-bee_id_709-25950-1.png,0,1,False,False,True
train/videos/2017-09-25_16-03-38-2/2017-09-25_16-03-38.mp4-bee_id_710-25965-1.png,0,0,False,False,True
train/videos/2017-09-25_16-03-38-2/2017-09-25_16-03-38.mp4-bee_id_711-25995-1.png,0,0,False,False,True
train/videos/2017-09-25_16-03-38-2/2017-09-25_16-03-38.mp4-bee_id_712-26010-1.png,0,1,False,False,True
train/videos/2017-09-25_16-03-38-2/2017-09-25_16-03-38.mp4-bee_id_713-26025-1.png,0,2,False,False,True
train/videos/2017-09-25_16-03-38-2/2017-09-25_16-03-38.mp4-bee_id_714-26025-1.png,0,1,False,False,True
train/videos/2017-09-25_16-03-38-2/2017-09-25_16-03-38.mp4-bee_id_715-26025-1.png,0,1,False,False,True
train/videos/2017-09-25_16-03-38-2/2017-09-25_16-03-38.mp4-bee_id_716-26100-1.png,0,0,False,False,True
train/videos/2017-09-25_16-03-38-2/2017-09-25_16-03-38.mp4-bee_id_717-26145-1.png,0,0,False,False,True
train/videos/2017-09-25_16-03-38-2/2017-09-25_16-03-38.mp4-bee_id_718-26145-1.png,0,2,False,False,True
train/videos/2017-09-25_16-03-38-2/2017-09-25_16-03-38.mp4-bee_id_720-26250-1.png,0,1,False,False,True
train/videos/2017-09-25_16-03-38-2/2017-09-25_16-03-38.mp4-bee_id_721-26250-1.png,0,2,False,False,True
train/videos/2017-09-25_16-03-38-2/2017-09-25_16-03-38.mp4-bee_id_722-26265-1.png,1,0,True,False,True
train/videos/2017-09-25_16-03-38-2/2017-09-25_16-03-38.mp4-bee_id_723-26265-1.png,0,0,False,False,True
train/videos/2017-09-25_16-03-38-2/2017-09-25_16-03-38.mp4-bee_id_724-26310-1.png,0,0,False,False,True
train/videos/2017-09-25_16-03-38-2/2017-09-25_16-03-38.mp4-bee_id_725-26310-1.png,0,2,False,False,True
train/videos/2017-09-25_16-03-38-2/2017-09-25_16-03-38.mp4-bee_id_726-26325-1.png,0,0,False,False,True
train/videos/2017-09-25_16-03-38-2/2017-09-25_16-03-38.mp4-bee_id_727-26355-1.png,0,0,False,False,True
train/videos/2017-09-25_16-03-38-2/2017-09-25_16-03-38.mp4-bee_id_728-26430-1.png,0,1,False,False,True
train/videos/2017-09-25_16-03-38-2/2017-09-25_16-03-38.mp4-bee_id_729-26445-1.png,0,0,False,False,True
train/videos/2017-09-25_16-03-38-2/2017-09-25_16-03-38.mp4-bee_id_730-26505-1.png,0,2,False,False,True
train/videos/2017-09-25_16-03-38-2/2017-09-25_16-03-38.mp4-bee_id_731-26520-1.png,0,0,False,False,True
train/videos/2017-09-25_16-03-38-2/2017-09-25_16-03-38.mp4-bee_id_732-26535-1.png,0,0,False,False,True
train/videos/2017-09-25_16-03-38-2/2017-09-25_16-03-38.mp4-bee_id_733-26535-1.png,0,0,False,False,True
train/videos/2017-09-25_16-03-38-2/2017-09-25_16-03-38.mp4-bee_id_734-26535-1.png,0,0,False,False,True
train/videos/2017-09-25_16-03-38-2/2017-09-25_16-03-38.mp4-bee_id_735-26550-1.png,1,2,True,True,True
train/videos/2017-09-25_16-03-38-2/2017-09-25_16-03-38.mp4-bee_id_736-26595-1.png,0,1,False,False,True
train/videos/2017-09-25_16-03-38-2/2017-09-25_16-03-38.mp4-bee_id_737-26610-1.png,0,1,False,False,True
train/videos/2017-09-25_16-03-38-2/2017-09-25_16-03-38.mp4-bee_id_738-26655-1.png,0,0,False,False,True
train/videos/2017-09-25_16-03-38-2/2017-09-25_16-03-38.mp4-bee_id_739-26670-1.png,0,0,False,False,True
train/videos/2017-09-25_16-03-38-2/2017-09-25_16-03-38.mp4-bee_id_740-26685-1.png,0,0,False,False,True
train/videos/2017-09-25_16-03-38-2/2017-09-25_16-03-38.mp4-bee_id_741-26760-1.png,0,0,False,False,True
train/videos/2017-09-25_16-03-38-2/2017-09-25_16-03-38.mp4-bee_id_742-26835-1.png,0,1,False,False,True
train/videos/2017-09-25_16-03-38-2/2017-09-25_16-03-38.mp4-bee_id_743-26850-1.png,1,1,True,True,True
train/videos/2017-09-25_16-03-38-2/2017-09-25_16-03-38.mp4-bee_id_744-26865-1.png,0,1,False,False,True
train/videos/2017-09-25_16-03-38-2/2017-09-25_16-03-38.mp4-bee_id_745-26880-1.png,0,1,False,False,True
train/videos/2017-09-25_16-03-38-2/2017-09-25_16-03-38.mp4-bee_id_746-26895-1.png,0,2,False,False,True
train/videos/2017-09-25_16-03-38-2/2017-09-25_16-03-38.mp4-bee_id_747-26910-1.png,0,1,False,False,True
train/videos/2017-09-25_16-03-38-2/2017-09-25_16-03-38.mp4-bee_id_748-26970-1.png,0,0,False,False,True
train/videos/2017-09-25_16-03-38-2/2017-09-25_16-03-38.mp4-bee_id_749-26985-1.png,0,2,False,False,True
train/videos/2017-09-25_16-03-38-2/2017-09-25_16-03-38.mp4-bee_id_750-27015-1.png,0,2,False,False,True
train/videos/2017-09-25_16-03-38-2/2017-09-25_16-03-38.mp4-bee_id_751-27030-1.png,0,0,False,False,True
train/videos/2017-09-25_16-03-38-2/2017-09-25_16-03-38.mp4-bee_id_752-27045-1.png,0,0,False,False,True
train/videos/2017-09-25_16-03-38-2/2017-09-25_16-03-38.mp4-bee_id_753-27060-1.png,1,0,True,False,True
train/videos/2017-09-25_16-03-38-2/2017-09-25_16-03-38.mp4-bee_id_754-27060-1.png,0,0,False,False,True
train/videos/2017-09-25_16-03-38-2/2017-09-25_16-03-38.mp4-bee_id_755-27090-1.png,0,1,False,False,True
train/videos/2017-09-25_16-03-38-2/2017-09-25_16-03-38.mp4-bee_id_756-27090-1.png,0,0,False,False,True
train/videos/2017-09-25_16-03-38-2/2017-09-25_16-03-38.mp4-bee_id_757-27120-1.png,0,2,False,False,True
train/videos/2017-09-25_16-03-38-2/2017-09-25_16-03-38.mp4-bee_id_759-27270-1.png,0,0,False,False,True
train/videos/2017-09-25_16-03-38-2/2017-09-25_16-03-38.mp4-bee_id_760-27270-1.png,0,0,False,False,True
train/videos/2017-09-25_16-03-38-2/2017-09-25_16-03-38.mp4-bee_id_761-27285-1.png,0,0,False,False,True
train/videos/2017-09-25_16-03-38-2/2017-09-25_16-03-38.mp4-bee_id_762-27315-1.png,0,0,False,False,True
train/videos/2017-09-25_16-03-38-2/2017-09-25_16-03-38.mp4-bee_id_763-27330-1.png,0,0,False,False,True
train/videos/2017-09-25_16-03-38-2/2017-09-25_16-03-38.mp4-bee_id_764-27345-1.png,0,0,False,False,True
train/videos/2017-09-25_16-03-38-2/2017-09-25_16-03-38.mp4-bee_id_765-27360-1.png,0,0,False,False,True
train/videos/2017-09-25_16-03-38-2/2017-09-25_16-03-38.mp4-bee_id_766-27390-1.png,0,0,False,False,True
train/videos/2017-09-25_16-03-38-2/2017-09-25_16-03-38.mp4-bee_id_767-27405-1.png,0,0,False,False,True
train/videos/2017-09-25_16-03-38-2/2017-09-25_16-03-38.mp4-bee_id_768-27405-1.png,0,0,False,False,True
train/videos/2017-09-25_16-03-38-2/2017-09-25_16-03-38.mp4-bee_id_769-27420-1.png,0,0,False,False,True
train/videos/2017-09-25_16-03-38-2/2017-09-25_16-03-38.mp4-bee_id_770-27435-1.png,0,0,False,False,True
train/videos/2017-09-25_16-03-38-2/2017-09-25_16-03-38.mp4-bee_id_771-27465-1.png,0,1,False,False,True
train/videos/2017-09-25_16-03-38-2/2017-09-25_16-03-38.mp4-bee_id_772-27480-1.png,0,0,False,False,True
train/videos/2017-09-25_16-03-38-2/2017-09-25_16-03-38.mp4-bee_id_773-27480-1.png,0,0,False,False,True
train/videos/2017-09-25_16-03-38-2/2017-09-25_16-03-38.mp4-bee_id_774-27570-1.png,0,0,False,False,True
train/videos/2017-09-25_16-03-38-2/2017-09-25_16-03-38.mp4-bee_id_775-27600-1.png,0,1,False,False,True
train/videos/2017-09-25_16-03-38-2/2017-09-25_16-03-38.mp4-bee_id_776-27630-1.png,0,2,False,False,True
train/videos/2017-09-25_16-03-38-2/2017-09-25_16-03-38.mp4-bee_id_777-27720-1.png,0,0,False,False,True
train/videos/2017-09-25_16-03-38-2/2017-09-25_16-03-38.mp4-bee_id_778-27750-1.png,0,0,False,False,True
train/videos/2017-09-25_16-03-38-2/2017-09-25_16-03-38.mp4-bee_id_779-27855-1.png,0,2,False,False,True
train/videos/2017-09-25_16-03-38-2/2017-09-25_16-03-38.mp4-bee_id_780-27870-1.png,0,0,False,False,True
train/videos/2017-09-25_16-03-38-2/2017-09-25_16-03-38.mp4-bee_id_781-27885-1.png,0,2,False,False,True
train/videos/2017-09-25_16-03-38-2/2017-09-25_16-03-38.mp4-bee_id_782-27885-1.png,0,0,False,False,True
train/videos/2017-09-25_16-03-38-2/2017-09-25_16-03-38.mp4-bee_id_783-28020-1.png,0,1,False,False,True
train/videos/2017-09-25_16-03-38-2/2017-09-25_16-03-38.mp4-bee_id_784-28035-1.png,0,0,False,False,True
train/videos/2017-09-25_16-03-38-2/2017-09-25_16-03-38.mp4-bee_id_785-28050-1.png,1,1,True,False,True
train/videos/2017-09-25_16-03-38-2/2017-09-25_16-03-38.mp4-bee_id_786-28050-1.png,0,0,False,False,True
train/videos/2017-09-25_16-03-38-2/2017-09-25_16-03-38.mp4-bee_id_787-28050-1.png,0,0,False,False,True
train/videos/2017-09-25_16-03-38-2/2017-09-25_16-03-38.mp4-bee_id_788-28065-1.png,0,2,False,False,True
train/videos/2017-09-25_16-03-38-2/2017-09-25_16-03-38.mp4-bee_id_789-28080-1.png,0,1,False,False,True
train/videos/2017-09-25_16-03-38-2/2017-09-25_16-03-38.mp4-bee_id_790-28095-1.png,1,0,True,False,True
train/videos/2017-09-25_16-03-38-2/2017-09-25_16-03-38.mp4-bee_id_791-28140-1.png,0,1,False,False,True
train/videos/2017-09-25_16-03-38-2/2017-09-25_16-03-38.mp4-bee_id_792-28155-1.png,0,1,False,False,True
train/videos/2017-09-25_16-03-38-2/2017-09-25_16-03-38.mp4-bee_id_793-28215-1.png,0,1,False,False,True
train/videos/2017-09-25_16-03-38-2/2017-09-25_16-03-38.mp4-bee_id_794-28245-1.png,0,0,False,False,True
train/videos/2017-09-25_16-03-38-2/2017-09-25_16-03-38.mp4-bee_id_795-28260-1.png,0,1,False,False,True
train/videos/2017-09-25_16-03-38-2/2017-09-25_16-03-38.mp4-bee_id_796-28275-1.png,0,0,False,False,True
train/videos/2017-09-25_16-03-38-2/2017-09-25_16-03-38.mp4-bee_id_797-28275-1.png,0,0,False,False,True
train/videos/2017-09-25_16-03-38-2/2017-09-25_16-03-38.mp4-bee_id_798-28305-1.png,0,0,False,False,True
train/videos/2017-09-25_16-03-38-2/2017-09-25_16-03-38.mp4-bee_id_799-28335-1.png,0,0,False,False,True
train/videos/2017-09-25_16-03-38-2/2017-09-25_16-03-38.mp4-bee_id_800-28380-1.png,0,0,False,False,True
train/videos/2017-09-25_16-03-38-2/2017-09-25_16-03-38.mp4-bee_id_801-28395-1.png,0,0,False,False,True
train/videos/2017-09-25_16-03-38-2/2017-09-25_16-03-38.mp4-bee_id_804-28515-1.png,0,0,False,False,True
train/videos/2017-09-25_16-03-38-2/2017-09-25_16-03-38.mp4-bee_id_806-28560-1.png,0,0,False,False,True
train/videos/2017-09-25_16-03-38-2/2017-09-25_16-03-38.mp4-bee_id_807-28590-1.png,0,0,False,False,True
train/videos/2017-09-25_16-03-38-2/2017-09-25_16-03-38.mp4-bee_id_808-28620-1.png,0,0,False,False,True
train/videos/2017-09-25_16-03-38-2/2017-09-25_16-03-38.mp4-bee_id_809-28635-1.png,0,0,False,False,True
train/videos/2017-09-25_16-03-38-2/2017-09-25_16-03-38.mp4-bee_id_810-28650-1.png,0,0,False,False,True
train/videos/2017-09-25_16-03-38-2/2017-09-25_16-03-38.mp4-bee_id_812-28710-1.png,1,0,True,False,True
train/videos/2017-09-25_16-03-38-2/2017-09-25_16-03-38.mp4-bee_id_813-28755-1.png,0,1,False,False,True
train/videos/2017-09-25_16-03-38-2/2017-09-25_16-03-38.mp4-bee_id_814-28755-1.png,0,1,False,False,True
train/videos/2017-09-25_16-03-38-2/2017-09-25_16-03-38.mp4-bee_id_815-28785-1.png,0,0,False,False,True
train/videos/2017-09-25_16-03-38-2/2017-09-25_16-03-38.mp4-bee_id_816-28785-1.png,0,0,False,False,True
train/videos/2017-09-25_16-03-38-2/2017-09-25_16-03-38.mp4-bee_id_817-28800-1.png,0,0,False,False,True
train/videos/2017-09-25_16-03-38-2/2017-09-25_16-03-38.mp4-bee_id_818-28815-1.png,0,0,False,False,True
train/videos/2017-09-25_16-03-38-2/2017-09-25_16-03-38.mp4-bee_id_819-28815-1.png,0,0,False,False,True
train/videos/2017-09-25_16-03-38-2/2017-09-25_16-03-38.mp4-bee_id_820-28845-1.png,0,0,False,False,True
train/videos/2017-09-25_16-03-38-2/2017-09-25_16-03-38.mp4-bee_id_821-28935-1.png,0,1,False,False,True
train/videos/2017-09-25_16-03-38-2/2017-09-25_16-03-38.mp4-bee_id_822-28965-1.png,0,0,False,False,True
train/videos/2017-09-25_16-03-38-2/2017-09-25_16-03-38.mp4-bee_id_824-28980-1.png,0,0,False,False,True
train/videos/2017-09-25_16-03-38-2/2017-09-25_16-03-38.mp4-bee_id_825-28995-1.png,0,1,False,False,True
train/videos/2017-09-25_16-03-38-2/2017-09-25_16-03-38.mp4-bee_id_826-29025-1.png,0,1,False,False,True
train/videos/2017-09-25_16-03-38-2/2017-09-25_16-03-38.mp4-bee_id_827-29040-1.png,0,1,False,False,True
train/videos/2017-09-25_16-03-38-2/2017-09-25_16-03-38.mp4-bee_id_828-29070-1.png,1,2,True,False,True
train/videos/2017-09-25_16-03-38-2/2017-09-25_16-03-38.mp4-bee_id_829-29070-1.png,0,0,False,False,True
train/videos/2017-09-25_16-03-38-2/2017-09-25_16-03-38.mp4-bee_id_830-29070-1.png,0,0,False,False,True
train/videos/2017-09-25_16-03-38-2/2017-09-25_16-03-38.mp4-bee_id_833-29130-1.png,0,0,False,False,True
train/videos/2017-09-25_16-03-38-2/2017-09-25_16-03-38.mp4-bee_id_834-29160-1.png,0,1,False,False,True
train/videos/2017-09-25_16-03-38-2/2017-09-25_16-03-38.mp4-bee_id_835-29190-1.png,0,0,False,False,True
train/videos/2017-09-25_16-03-38-2/2017-09-25_16-03-38.mp4-bee_id_836-29235-1.png,0,0,False,False,True
train/videos/2017-09-25_16-03-38-2/2017-09-25_16-03-38.mp4-bee_id_837-29235-1.png,0,0,False,False,True
train/videos/2017-09-25_16-03-38-2/2017-09-25_16-03-38.mp4-bee_id_838-29250-1.png,0,0,False,False,True
train/videos/2017-09-25_16-03-38-2/2017-09-25_16-03-38.mp4-bee_id_839-29295-1.png,0,0,False,False,True
train/videos/2017-09-25_16-03-38-2/2017-09-25_16-03-38.mp4-bee_id_840-29460-1.png,0,0,False,False,True
train/videos/2017-09-25_16-03-38-2/2017-09-25_16-03-38.mp4-bee_id_841-29460-1.png,0,1,False,False,True
train/videos/2017-09-25_16-03-38-2/2017-09-25_16-03-38.mp4-bee_id_842-29490-1.png,0,0,False,False,True
train/videos/2017-09-25_16-03-38-2/2017-09-25_16-03-38.mp4-bee_id_843-29505-1.png,0,0,False,False,True
train/videos/2017-09-25_16-03-38-2/2017-09-25_16-03-38.mp4-bee_id_844-29520-1.png,0,0,False,False,True
train/videos/2017-09-25_16-03-38-2/2017-09-25_16-03-38.mp4-bee_id_845-29520-1.png,0,0,False,False,True
train/videos/2017-09-25_16-03-38-2/2017-09-25_16-03-38.mp4-bee_id_846-29535-1.png,0,0,False,False,True
train/videos/2017-09-25_16-03-38-2/2017-09-25_16-03-38.mp4-bee_id_847-29595-1.png,0,1,False,False,True
train/videos/2017-09-25_16-03-38-2/2017-09-25_16-03-38.mp4-bee_id_848-29790-1.png,0,0,False,False,True
train/videos/2017-09-25_16-03-38-2/2017-09-25_16-03-38.mp4-bee_id_850-29805-1.png,0,0,False,False,True
train/videos/2017-09-25_16-03-38-2/2017-09-25_16-03-38.mp4-bee_id_851-29805-1.png,0,1,False,False,True
train/videos/2017-09-25_16-03-38-2/2017-09-25_16-03-38.mp4-bee_id_852-29820-1.png,0,2,False,False,True
train/videos/2017-09-25_16-03-38-2/2017-09-25_16-03-38.mp4-bee_id_853-29835-1.png,0,0,False,False,True
train/videos/2017-09-25_16-03-38-2/2017-09-25_16-03-38.mp4-bee_id_854-29895-1.png,0,2,False,False,True
train/videos/2017-09-25_16-03-38-2/2017-09-25_16-03-38.mp4-bee_id_855-29910-1.png,0,0,False,False,True
train/videos/2017-09-25_16-03-38-2/2017-09-25_16-03-38.mp4-bee_id_856-30045-1.png,0,0,False,False,True
train/videos/2017-09-25_16-03-38-2/2017-09-25_16-03-38.mp4-bee_id_857-30105-1.png,1,1,True,False,True
train/videos/2017-09-25_16-03-38-2/2017-09-25_16-03-38.mp4-bee_id_858-30105-1.png,0,2,False,False,True
train/videos/2017-09-25_16-03-38-2/2017-09-25_16-03-38.mp4-bee_id_859-30135-1.png,0,1,False,False,True
train/videos/2017-09-25_16-03-38-2/2017-09-25_16-03-38.mp4-bee_id_860-30135-1.png,0,0,False,False,True
train/videos/2017-09-25_16-03-38-2/2017-09-25_16-03-38.mp4-bee_id_861-30150-1.png,0,0,False,False,True
train/videos/2017-09-25_16-03-38-2/2017-09-25_16-03-38.mp4-bee_id_862-30180-1.png,0,0,False,False,True
train/videos/2017-09-25_16-03-38-2/2017-09-25_16-03-38.mp4-bee_id_863-30195-1.png,0,1,False,False,True
train/videos/2017-09-25_16-03-38-2/2017-09-25_16-03-38.mp4-bee_id_867-30255-1.png,0,2,False,False,True
train/videos/2017-09-25_16-03-38-2/2017-09-25_16-03-38.mp4-bee_id_869-30270-1.png,0,1,False,False,True
train/videos/2017-09-25_16-03-38-2/2017-09-25_16-03-38.mp4-bee_id_870-30270-1.png,0,2,False,False,True
train/videos/2017-09-25_16-03-38-2/2017-09-25_16-03-38.mp4-bee_id_871-30300-1.png,0,0,False,False,True
train/videos/2017-09-25_16-03-38-2/2017-09-25_16-03-38.mp4-bee_id_872-30315-1.png,0,0,False,False,True
train/videos/2017-09-25_16-03-38-2/2017-09-25_16-03-38.mp4-bee_id_873-30420-1.png,0,0,False,False,True
train/videos/2017-09-25_16-03-38-2/2017-09-25_16-03-38.mp4-bee_id_875-30495-1.png,0,0,False,False,True
train/videos/2017-09-25_16-03-38-2/2017-09-25_16-03-38.mp4-bee_id_876-30525-1.png,0,0,False,False,True
train/videos/2017-09-25_16-03-38-2/2017-09-25_16-03-38.mp4-bee_id_877-30525-1.png,0,0,False,False,True
train/videos/2017-09-25_16-03-38-2/2017-09-25_16-03-38.mp4-bee_id_878-30540-1.png,0,0,False,False,True
train/videos/2017-09-25_16-03-38-2/2017-09-25_16-03-38.mp4-bee_id_879-30570-1.png,0,2,False,False,True
train/videos/2017-09-25_16-03-38-2/2017-09-25_16-03-38.mp4-bee_id_880-30660-1.png,0,1,False,False,True
train/videos/2017-09-25_16-03-38-2/2017-09-25_16-03-38.mp4-bee_id_881-30705-1.png,0,2,False,False,True
train/videos/2017-09-25_16-03-38-2/2017-09-25_16-03-38.mp4-bee_id_882-30720-1.png,0,0,False,False,True
train/videos/2017-09-25_16-03-38-2/2017-09-25_16-03-38.mp4-bee_id_883-30735-1.png,0,2,False,False,True
train/videos/2017-09-25_16-03-38-2/2017-09-25_16-03-38.mp4-bee_id_884-30750-1.png,1,0,True,False,True
train/videos/2017-09-25_16-03-38-2/2017-09-25_16-03-38.mp4-bee_id_885-30765-1.png,0,2,False,False,True
train/videos/2017-09-25_16-03-38-2/2017-09-25_16-03-38.mp4-bee_id_886-30765-1.png,0,1,False,False,True
train/videos/2017-09-25_16-03-38-2/2017-09-25_16-03-38.mp4-bee_id_887-30810-1.png,1,1,True,True,True
train/videos/2017-09-25_16-03-38-2/2017-09-25_16-03-38.mp4-bee_id_888-30825-1.png,0,0,False,False,True
train/videos/2017-09-25_16-03-38-2/2017-09-25_16-03-38.mp4-bee_id_890-30900-1.png,1,1,True,True,True
train/videos/2017-09-25_16-03-38-2/2017-09-25_16-03-38.mp4-bee_id_891-30930-1.png,1,1,True,True,True
train/videos/2017-09-25_16-03-38-2/2017-09-25_16-03-38.mp4-bee_id_892-30945-1.png,0,0,False,False,True
train/videos/2017-09-25_16-03-38-2/2017-09-25_16-03-38.mp4-bee_id_893-30960-1.png,0,0,False,False,True
train/videos/2017-09-25_16-03-38-2/2017-09-25_16-03-38.mp4-bee_id_894-30990-1.png,1,4,True,True,True
train/videos/2017-09-25_16-03-38-2/2017-09-25_16-03-38.mp4-bee_id_898-31185-1.png,0,0,False,False,True
train/videos/2017-09-25_16-03-38-2/2017-09-25_16-03-38.mp4-bee_id_899-31185-1.png,0,0,False,False,True
train/videos/2017-09-25_16-03-38-2/2017-09-25_16-03-38.mp4-bee_id_900-31200-1.png,1,2,True,False,True
train/videos/2017-09-25_16-03-38-2/2017-09-25_16-03-38.mp4-bee_id_901-31200-1.png,0,0,False,False,True
train/videos/2017-09-25_16-03-38-2/2017-09-25_16-03-38.mp4-bee_id_902-31215-1.png,0,0,False,False,True
train/videos/2017-09-25_16-03-38-2/2017-09-25_16-03-38.mp4-bee_id_903-31275-1.png,0,0,False,False,True
train/videos/2017-09-25_16-03-38-2/2017-09-25_16-03-38.mp4-bee_id_904-31290-1.png,0,1,False,False,True
train/videos/2017-09-25_16-03-38-2/2017-09-25_16-03-38.mp4-bee_id_906-31395-1.png,0,0,False,False,True
train/videos/2017-09-25_16-03-38-2/2017-09-25_16-03-38.mp4-bee_id_907-31485-1.png,0,2,False,False,True
train/videos/2017-09-25_16-03-38-2/2017-09-25_16-03-38.mp4-bee_id_908-31485-1.png,0,0,False,False,True
train/videos/2017-09-25_16-03-38-2/2017-09-25_16-03-38.mp4-bee_id_910-31545-1.png,0,1,False,False,True
train/videos/2017-09-25_16-03-38-2/2017-09-25_16-03-38.mp4-bee_id_911-31575-1.png,0,0,False,False,True
train/videos/2017-09-25_16-03-38-2/2017-09-25_16-03-38.mp4-bee_id_912-31590-1.png,0,0,False,False,True
train/videos/2017-09-25_16-03-38-2/2017-09-25_16-03-38.mp4-bee_id_913-31605-1.png,0,0,False,False,True
train/videos/2017-09-25_16-03-38-2/2017-09-25_16-03-38.mp4-bee_id_914-31650-1.png,0,2,False,False,True
train/videos/2017-09-25_16-03-38-2/2017-09-25_16-03-38.mp4-bee_id_915-31680-1.png,0,0,False,False,True
train/videos/2017-09-25_16-03-38-2/2017-09-25_16-03-38.mp4-bee_id_916-31695-1.png,0,0,False,False,True
train/videos/2017-09-25_16-03-38-2/2017-09-25_16-03-38.mp4-bee_id_917-31755-1.png,0,0,False,False,True
train/videos/2017-09-25_16-03-38-2/2017-09-25_16-03-38.mp4-bee_id_918-31785-1.png,0,0,False,False,True
train/videos/2017-09-25_16-03-38-2/2017-09-25_16-03-38.mp4-bee_id_919-31800-1.png,1,1,True,True,True
train/videos/2017-09-25_16-03-38-2/2017-09-25_16-03-38.mp4-bee_id_920-31800-1.png,0,0,False,False,True
train/videos/2017-09-25_16-03-38-2/2017-09-25_16-03-38.mp4-bee_id_922-31815-1.png,1,1,True,True,True
train/videos/2017-09-25_16-03-38-2/2017-09-25_16-03-38.mp4-bee_id_923-31830-1.png,0,2,False,False,True
train/videos/2017-09-25_16-03-38-2/2017-09-25_16-03-38.mp4-bee_id_924-31830-1.png,0,0,False,False,True
train/videos/2017-09-25_16-03-38-2/2017-09-25_16-03-38.mp4-bee_id_925-31920-1.png,0,1,False,False,True
train/videos/2017-09-25_16-03-38-2/2017-09-25_16-03-38.mp4-bee_id_926-31965-1.png,0,0,False,False,True
train/videos/2017-09-25_16-03-38-2/2017-09-25_16-03-38.mp4-bee_id_927-31965-1.png,1,1,True,True,True
train/videos/2017-09-25_16-03-38-2/2017-09-25_16-03-38.mp4-bee_id_929-32130-1.png,0,0,False,False,True
train/videos/2017-09-25_16-03-38-2/2017-09-25_16-03-38.mp4-bee_id_930-32130-1.png,0,0,False,False,True
train/videos/2017-09-25_16-03-38-2/2017-09-25_16-03-38.mp4-bee_id_931-32145-1.png,0,0,False,False,True
train/videos/2017-09-25_16-03-38-2/2017-09-25_16-03-38.mp4-bee_id_934-32385-1.png,0,0,False,False,True
train/videos/2017-09-25_16-03-38-2/2017-09-25_16-03-38.mp4-bee_id_935-32400-1.png,0,1,False,False,True
train/videos/2017-09-25_16-03-38-2/2017-09-25_16-03-38.mp4-bee_id_936-32415-1.png,0,1,False,False,True
train/videos/2017-09-25_16-03-38-2/2017-09-25_16-03-38.mp4-bee_id_937-32415-1.png,1,1,True,False,True
train/videos/2017-09-25_16-03-38-2/2017-09-25_16-03-38.mp4-bee_id_938-32430-1.png,0,0,False,False,True
train/videos/2017-09-25_16-03-38-2/2017-09-25_16-03-38.mp4-bee_id_939-32520-1.png,0,0,False,False,True
train/videos/2017-09-25_16-03-38-2/2017-09-25_16-03-38.mp4-bee_id_940-32610-1.png,0,0,False,False,True
train/videos/2017-09-25_16-03-38-2/2017-09-25_16-03-38.mp4-bee_id_941-32640-1.png,0,0,False,False,True
train/videos/2017-09-25_16-03-38-2/2017-09-25_16-03-38.mp4-bee_id_942-32640-1.png,0,1,False,False,True
train/videos/2017-09-25_16-03-38-2/2017-09-25_16-03-38.mp4-bee_id_943-32685-1.png,1,1,True,True,True
train/videos/2017-09-25_16-03-38-2/2017-09-25_16-03-38.mp4-bee_id_944-32700-1.png,1,1,True,True,True
train/videos/2017-09-25_16-03-38-2/2017-09-25_16-03-38.mp4-bee_id_945-32730-1.png,0,0,False,False,True
train/videos/2017-09-25_16-03-38-2/2017-09-25_16-03-38.mp4-bee_id_946-32745-1.png,0,0,False,False,True
train/videos/2017-09-25_16-03-38-2/2017-09-25_16-03-38.mp4-bee_id_947-32745-1.png,0,0,False,False,True
train/videos/2017-09-25_16-03-38-2/2017-09-25_16-03-38.mp4-bee_id_948-32775-1.png,0,1,False,False,True
train/videos/2017-09-25_16-03-38-2/2017-09-25_16-03-38.mp4-bee_id_949-32775-1.png,0,0,False,False,True
train/videos/2017-09-25_16-03-38-2/2017-09-25_16-03-38.mp4-bee_id_950-32790-1.png,0,0,False,False,True
train/videos/2017-09-25_16-03-38-2/2017-09-25_16-03-38.mp4-bee_id_951-32880-1.png,0,0,False,False,True
train/videos/2017-09-25_16-03-38-2/2017-09-25_16-03-38.mp4-bee_id_952-32895-1.png,0,0,False,False,True
train/videos/2017-09-25_16-03-38-2/2017-09-25_16-03-38.mp4-bee_id_953-32925-1.png,1,0,True,False,True
train/videos/2017-09-25_16-03-38-2/2017-09-25_16-03-38.mp4-bee_id_954-32940-1.png,0,1,False,False,True
train/videos/2017-09-25_16-03-38-2/2017-09-25_16-03-38.mp4-bee_id_955-32955-1.png,0,2,False,False,True
train/videos/2017-09-25_16-03-38-2/2017-09-25_16-03-38.mp4-bee_id_956-32985-1.png,0,1,False,False,True
train/videos/2017-09-25_16-03-38-2/2017-09-25_16-03-38.mp4-bee_id_957-33000-1.png,0,0,False,False,True
train/videos/2017-09-25_16-03-38-2/2017-09-25_16-03-38.mp4-bee_id_958-33015-1.png,0,0,False,False,True
train/videos/2017-09-25_16-03-38-2/2017-09-25_16-03-38.mp4-bee_id_960-33045-1.png,0,0,False,False,True
train/videos/2017-09-25_16-03-38-2/2017-09-25_16-03-38.mp4-bee_id_961-33180-1.png,1,2,True,True,True
train/videos/2017-09-25_16-03-38-2/2017-09-25_16-03-38.mp4-bee_id_962-33195-1.png,0,0,False,False,True
train/videos/2017-09-25_16-03-38-2/2017-09-25_16-03-38.mp4-bee_id_963-33210-1.png,1,1,True,True,True
train/videos/2017-09-25_16-03-38-2/2017-09-25_16-03-38.mp4-bee_id_964-33225-1.png,0,0,False,False,True
train/videos/2017-09-25_16-03-38-2/2017-09-25_16-03-38.mp4-bee_id_965-33255-1.png,0,0,False,False,True
train/videos/2017-09-25_16-03-38-2/2017-09-25_16-03-38.mp4-bee_id_968-33315-1.png,1,0,True,False,True
train/videos/2017-09-25_16-03-38-2/2017-09-25_16-03-38.mp4-bee_id_969-33330-1.png,0,1,False,False,True
train/videos/2017-09-25_16-03-38-2/2017-09-25_16-03-38.mp4-bee_id_972-33405-1.png,0,0,False,False,True
train/videos/2017-09-25_16-03-38-2/2017-09-25_16-03-38.mp4-bee_id_973-33420-1.png,0,0,False,False,True
train/videos/2017-09-25_16-03-38-2/2017-09-25_16-03-38.mp4-bee_id_975-33555-1.png,0,0,False,False,True
train/videos/2017-09-25_16-03-38-2/2017-09-25_16-03-38.mp4-bee_id_976-33615-1.png,0,1,False,False,True
train/videos/2017-09-25_16-03-38-2/2017-09-25_16-03-38.mp4-bee_id_977-33630-1.png,0,0,False,False,True
train/videos/2017-09-25_16-03-38-2/2017-09-25_16-03-38.mp4-bee_id_978-33690-1.png,0,0,False,False,True
train/videos/2017-09-25_16-03-38-2/2017-09-25_16-03-38.mp4-bee_id_979-33705-1.png,0,0,False,False,True
train/videos/2017-09-25_16-03-38-2/2017-09-25_16-03-38.mp4-bee_id_980-33735-1.png,0,0,False,False,True
train/videos/2017-09-25_16-03-38-2/2017-09-25_16-03-38.mp4-bee_id_983-33870-1.png,1,1,True,True,True
train/videos/2017-09-25_16-03-38-2/2017-09-25_16-03-38.mp4-bee_id_984-33930-1.png,0,1,False,False,True
train/videos/2017-09-25_16-03-38-2/2017-09-25_16-03-38.mp4-bee_id_985-33945-1.png,0,0,False,False,True
train/videos/2017-09-25_16-03-38-2/2017-09-25_16-03-38.mp4-bee_id_988-33990-1.png,0,0,False,False,True
train/videos/2017-09-25_16-03-38-2/2017-09-25_16-03-38.mp4-bee_id_989-34035-1.png,0,1,False,False,True
train/videos/2017-09-25_16-03-38-2/2017-09-25_16-03-38.mp4-bee_id_990-34065-1.png,0,0,False,False,True
train/videos/2017-09-25_16-03-38-2/2017-09-25_16-03-38.mp4-bee_id_991-34125-1.png,1,1,True,False,True
train/videos/2017-09-25_16-03-38-2/2017-09-25_16-03-38.mp4-bee_id_992-34200-1.png,0,0,False,False,True
train/videos/2017-09-25_16-03-38-2/2017-09-25_16-03-38.mp4-bee_id_993-34215-1.png,0,0,False,False,True
train/videos/2017-09-25_16-03-38-2/2017-09-25_16-03-38.mp4-bee_id_994-34215-1.png,0,0,False,False,True
train/videos/2017-09-25_16-03-38-2/2017-09-25_16-03-38.mp4-bee_id_996-34245-1.png,0,2,False,False,True
train/videos/2017-09-25_16-03-38-2/2017-09-25_16-03-38.mp4-bee_id_997-34260-1.png,0,1,False,False,True
train/videos/2017-09-25_16-03-38-2/2017-09-25_16-03-38.mp4-bee_id_998-34275-1.png,0,3,False,False,True
train/videos/2017-09-25_16-03-38-2/2017-09-25_16-03-38.mp4-bee_id_999-34350-1.png,0,0,False,False,True
train/videos/2017-10-17_16-41-10/2017-10-17_16-41-10.mp4-bee_id_6865-45-1.png,0,0,False,False,True
train/videos/2017-10-17_16-41-10/2017-10-17_16-41-10.mp4-bee_id_6866-75-1.png,0,1,False,False,True
train/videos/2017-10-17_16-41-10/2017-10-17_16-41-10.mp4-bee_id_6868-75-1.png,1,1,True,True,True
train/videos/2017-10-17_16-41-10/2017-10-17_16-41-10.mp4-bee_id_6869-75-1.png,0,0,False,False,True
train/videos/2017-10-17_16-41-10/2017-10-17_16-41-10.mp4-bee_id_6870-75-1.png,0,1,False,False,True
train/videos/2017-10-17_16-41-10/2017-10-17_16-41-10.mp4-bee_id_6871-90-1.png,0,0,False,False,True
train/videos/2017-10-17_16-41-10/2017-10-17_16-41-10.mp4-bee_id_6872-120-1.png,0,1,False,False,True
train/videos/2017-10-17_16-41-10/2017-10-17_16-41-10.mp4-bee_id_6873-120-1.png,0,0,False,False,True
train/videos/2017-10-17_16-41-10/2017-10-17_16-41-10.mp4-bee_id_6874-135-1.png,0,1,False,False,True
train/videos/2017-10-17_16-41-10/2017-10-17_16-41-10.mp4-bee_id_6876-150-1.png,0,0,False,False,True
train/videos/2017-10-17_16-41-10/2017-10-17_16-41-10.mp4-bee_id_6877-150-1.png,0,0,False,False,True
train/videos/2017-10-17_16-41-10/2017-10-17_16-41-10.mp4-bee_id_6878-165-1.png,0,0,False,False,True
train/videos/2017-10-17_16-41-10/2017-10-17_16-41-10.mp4-bee_id_6879-195-1.png,1,1,True,True,True
train/videos/2017-10-17_16-41-10/2017-10-17_16-41-10.mp4-bee_id_6881-360-1.png,0,0,False,False,True
train/videos/2017-10-17_16-41-10/2017-10-17_16-41-10.mp4-bee_id_6882-375-1.png,0,0,False,False,True
train/videos/2017-10-17_16-41-10/2017-10-17_16-41-10.mp4-bee_id_6883-390-1.png,0,0,False,False,True
train/videos/2017-10-17_16-41-10/2017-10-17_16-41-10.mp4-bee_id_6886-420-1.png,0,0,False,False,True
train/videos/2017-10-17_16-41-10/2017-10-17_16-41-10.mp4-bee_id_6889-480-1.png,1,2,True,True,True
train/videos/2017-10-17_16-41-10/2017-10-17_16-41-10.mp4-bee_id_6890-585-1.png,0,0,False,False,True
train/videos/2017-10-17_16-41-10/2017-10-17_16-41-10.mp4-bee_id_6891-645-1.png,0,0,False,False,True
train/videos/2017-10-17_16-41-10/2017-10-17_16-41-10.mp4-bee_id_6893-690-1.png,0,0,False,False,True
train/videos/2017-10-17_16-41-10/2017-10-17_16-41-10.mp4-bee_id_6897-915-1.png,0,0,False,False,True
train/videos/2017-10-17_16-41-10/2017-10-17_16-41-10.mp4-bee_id_6898-930-1.png,1,2,True,False,True
train/videos/2017-10-17_16-41-10/2017-10-17_16-41-10.mp4-bee_id_6900-990-1.png,0,0,False,False,True
train/videos/2017-10-17_16-41-10/2017-10-17_16-41-10.mp4-bee_id_6901-1005-1.png,1,2,True,True,True
train/videos/2017-10-17_16-41-10/2017-10-17_16-41-10.mp4-bee_id_6902-1005-1.png,1,1,True,True,True
train/videos/2017-10-17_16-41-10/2017-10-17_16-41-10.mp4-bee_id_6903-1035-1.png,0,0,False,False,True
train/videos/2017-10-17_16-41-10/2017-10-17_16-41-10.mp4-bee_id_6904-1035-1.png,0,0,False,False,True
train/videos/2017-10-17_16-41-10/2017-10-17_16-41-10.mp4-bee_id_6905-1065-1.png,0,0,False,False,True
train/videos/2017-10-17_16-41-10/2017-10-17_16-41-10.mp4-bee_id_6906-1065-1.png,0,2,False,False,True
train/videos/2017-10-17_16-41-10/2017-10-17_16-41-10.mp4-bee_id_6907-1080-1.png,0,0,False,False,True
train/videos/2017-10-17_16-41-10/2017-10-17_16-41-10.mp4-bee_id_6910-1305-1.png,1,2,True,True,True
train/videos/2017-10-17_16-41-10/2017-10-17_16-41-10.mp4-bee_id_6911-1335-1.png,0,2,False,False,True
train/videos/2017-10-17_16-41-10/2017-10-17_16-41-10.mp4-bee_id_6912-1350-1.png,0,0,False,False,True
train/videos/2017-10-17_16-41-10/2017-10-17_16-41-10.mp4-bee_id_6913-1365-1.png,0,0,False,False,True
train/videos/2017-10-17_16-41-10/2017-10-17_16-41-10.mp4-bee_id_6914-1380-1.png,1,2,True,False,True
train/videos/2017-10-17_16-41-10/2017-10-17_16-41-10.mp4-bee_id_6915-1380-1.png,0,1,False,False,True
train/videos/2017-10-17_16-41-10/2017-10-17_16-41-10.mp4-bee_id_6916-1380-1.png,1,1,True,True,True
train/videos/2017-10-17_16-41-10/2017-10-17_16-41-10.mp4-bee_id_6917-1425-1.png,1,2,True,False,True
train/videos/2017-10-17_16-41-10/2017-10-17_16-41-10.mp4-bee_id_6918-1455-1.png,1,2,True,False,True
train/videos/2017-10-17_16-41-10/2017-10-17_16-41-10.mp4-bee_id_6919-1560-1.png,1,1,True,True,True
train/videos/2017-10-17_16-41-10/2017-10-17_16-41-10.mp4-bee_id_6920-1575-1.png,0,1,False,False,True
train/videos/2017-10-17_16-41-10/2017-10-17_16-41-10.mp4-bee_id_6921-1590-1.png,0,0,False,False,True
train/videos/2017-10-17_16-41-10/2017-10-17_16-41-10.mp4-bee_id_6922-1620-1.png,0,1,False,False,True
train/videos/2017-10-17_16-41-10/2017-10-17_16-41-10.mp4-bee_id_6924-1635-1.png,0,0,False,False,True
train/videos/2017-10-17_16-41-10/2017-10-17_16-41-10.mp4-bee_id_6925-1650-1.png,1,2,True,True,True
train/videos/2017-10-17_16-41-10/2017-10-17_16-41-10.mp4-bee_id_6926-1710-1.png,0,0,False,False,True
train/videos/2017-10-17_16-41-10/2017-10-17_16-41-10.mp4-bee_id_6928-1800-1.png,0,2,False,False,True
train/videos/2017-10-17_16-41-10/2017-10-17_16-41-10.mp4-bee_id_6929-1830-1.png,0,0,False,False,True
train/videos/2017-10-17_16-41-10/2017-10-17_16-41-10.mp4-bee_id_6930-1845-1.png,0,0,False,False,True
train/videos/2017-10-17_16-41-10/2017-10-17_16-41-10.mp4-bee_id_6931-1860-1.png,0,0,False,False,True
train/videos/2017-10-17_16-41-10/2017-10-17_16-41-10.mp4-bee_id_6932-1890-1.png,0,0,False,False,True
train/videos/2017-10-17_16-41-10/2017-10-17_16-41-10.mp4-bee_id_6933-1950-1.png,0,0,False,False,True
train/videos/2017-10-17_16-41-10/2017-10-17_16-41-10.mp4-bee_id_6935-1965-1.png,0,0,False,False,True
train/videos/2017-10-17_16-41-10/2017-10-17_16-41-10.mp4-bee_id_6936-1980-1.png,0,0,False,False,True
train/videos/2017-10-17_16-41-10/2017-10-17_16-41-10.mp4-bee_id_6937-1995-1.png,0,0,False,False,True
train/videos/2017-10-17_16-41-10/2017-10-17_16-41-10.mp4-bee_id_6938-2100-1.png,0,0,False,False,True
train/videos/2017-10-17_16-41-10/2017-10-17_16-41-10.mp4-bee_id_6939-2100-1.png,0,1,False,False,True
train/videos/2017-10-17_16-41-10/2017-10-17_16-41-10.mp4-bee_id_6940-2115-1.png,0,1,False,False,True
train/videos/2017-10-17_16-41-10/2017-10-17_16-41-10.mp4-bee_id_6942-2310-1.png,0,0,False,False,True
train/videos/2017-10-17_16-41-10/2017-10-17_16-41-10.mp4-bee_id_6944-2370-1.png,1,0,True,False,True
train/videos/2017-10-17_16-41-10/2017-10-17_16-41-10.mp4-bee_id_6945-2415-1.png,0,0,False,False,True
train/videos/2017-10-17_16-41-10/2017-10-17_16-41-10.mp4-bee_id_6946-2475-1.png,0,1,False,False,True
train/videos/2017-10-17_16-41-10/2017-10-17_16-41-10.mp4-bee_id_6948-2505-1.png,0,0,False,False,True
train/videos/2017-10-17_16-41-10/2017-10-17_16-41-10.mp4-bee_id_6949-2595-1.png,1,1,True,False,True
train/videos/2017-10-17_16-41-10/2017-10-17_16-41-10.mp4-bee_id_6950-2610-1.png,0,0,False,False,True
train/videos/2017-10-17_16-41-10/2017-10-17_16-41-10.mp4-bee_id_6952-2640-1.png,0,1,False,False,True
train/videos/2017-10-17_16-41-10/2017-10-17_16-41-10.mp4-bee_id_6953-2655-1.png,0,0,False,False,True
train/videos/2017-10-17_16-41-10/2017-10-17_16-41-10.mp4-bee_id_6954-2670-1.png,0,0,False,False,True
train/videos/2017-10-17_16-41-10/2017-10-17_16-41-10.mp4-bee_id_6955-2685-1.png,0,1,False,False,True
train/videos/2017-10-17_16-41-10/2017-10-17_16-41-10.mp4-bee_id_6956-2685-1.png,0,0,False,False,True
train/videos/2017-10-17_16-41-10/2017-10-17_16-41-10.mp4-bee_id_6957-2700-1.png,0,0,False,False,True
train/videos/2017-10-17_16-41-10/2017-10-17_16-41-10.mp4-bee_id_6958-2805-1.png,0,1,False,False,True
train/videos/2017-10-17_16-41-10/2017-10-17_16-41-10.mp4-bee_id_6959-2820-1.png,0,1,False,False,True
train/videos/2017-10-17_16-41-10/2017-10-17_16-41-10.mp4-bee_id_6960-2850-1.png,0,0,False,False,True
train/videos/2017-10-17_16-41-10/2017-10-17_16-41-10.mp4-bee_id_6961-2910-1.png,0,0,False,False,True
train/videos/2017-10-17_16-41-10/2017-10-17_16-41-10.mp4-bee_id_6962-2970-1.png,0,0,False,False,True
train/videos/2017-10-17_16-41-10/2017-10-17_16-41-10.mp4-bee_id_6964-2985-1.png,0,0,False,False,True
train/videos/2017-10-17_16-41-10/2017-10-17_16-41-10.mp4-bee_id_6965-3000-1.png,1,1,True,True,True
train/videos/2017-10-17_16-41-10/2017-10-17_16-41-10.mp4-bee_id_6966-3060-1.png,0,0,False,False,True
train/videos/2017-10-17_16-41-10/2017-10-17_16-41-10.mp4-bee_id_6967-3105-1.png,0,0,False,False,True
train/videos/2017-10-17_16-41-10/2017-10-17_16-41-10.mp4-bee_id_6968-3120-1.png,0,0,False,False,True
train/videos/2017-10-17_16-41-10/2017-10-17_16-41-10.mp4-bee_id_6969-3150-1.png,1,0,True,False,True
train/videos/2017-10-17_16-41-10/2017-10-17_16-41-10.mp4-bee_id_6970-3165-1.png,0,0,False,False,True
train/videos/2017-10-17_16-41-10/2017-10-17_16-41-10.mp4-bee_id_6971-3165-1.png,0,0,False,False,True
train/videos/2017-10-17_16-41-10/2017-10-17_16-41-10.mp4-bee_id_6972-3195-1.png,0,0,False,False,True
train/videos/2017-10-17_16-41-10/2017-10-17_16-41-10.mp4-bee_id_6973-3270-1.png,1,1,True,True,True
train/videos/2017-10-17_16-41-10/2017-10-17_16-41-10.mp4-bee_id_6976-3330-1.png,0,0,False,False,True
train/videos/2017-10-17_16-41-10/2017-10-17_16-41-10.mp4-bee_id_6978-3480-1.png,0,0,False,False,True
train/videos/2017-10-17_16-41-10/2017-10-17_16-41-10.mp4-bee_id_6979-3525-1.png,0,0,False,False,True
train/videos/2017-10-17_16-41-10/2017-10-17_16-41-10.mp4-bee_id_6982-3600-1.png,0,0,False,False,True
train/videos/2017-10-17_16-41-10/2017-10-17_16-41-10.mp4-bee_id_6983-3615-1.png,0,0,False,False,True
train/videos/2017-10-17_16-41-10/2017-10-17_16-41-10.mp4-bee_id_6984-3645-1.png,0,0,False,False,True
train/videos/2017-10-17_16-41-10/2017-10-17_16-41-10.mp4-bee_id_6985-3675-1.png,0,2,False,False,True
train/videos/2017-10-17_16-41-10/2017-10-17_16-41-10.mp4-bee_id_6986-3675-1.png,0,0,False,False,True
train/videos/2017-10-17_16-41-10/2017-10-17_16-41-10.mp4-bee_id_6988-3750-1.png,0,0,False,False,True
train/videos/2017-10-17_16-41-10/2017-10-17_16-41-10.mp4-bee_id_6989-3825-1.png,0,1,False,False,True
train/videos/2017-10-17_16-41-10/2017-10-17_16-41-10.mp4-bee_id_6992-3855-1.png,0,1,False,False,True
train/videos/2017-10-17_16-41-10/2017-10-17_16-41-10.mp4-bee_id_6994-3975-1.png,0,0,False,False,True
train/videos/2017-10-17_16-41-10/2017-10-17_16-41-10.mp4-bee_id_6995-3975-1.png,0,0,False,False,True
train/videos/2017-10-17_16-41-10/2017-10-17_16-41-10.mp4-bee_id_6998-4140-1.png,0,0,False,False,True
train/videos/2017-10-17_16-41-10/2017-10-17_16-41-10.mp4-bee_id_6999-4155-1.png,0,0,False,False,True
train/videos/2017-10-17_16-41-10/2017-10-17_16-41-10.mp4-bee_id_7001-4200-1.png,0,1,False,False,True
train/videos/2017-10-17_16-41-10/2017-10-17_16-41-10.mp4-bee_id_7002-4215-1.png,0,1,False,False,True
train/videos/2017-10-17_16-41-10/2017-10-17_16-41-10.mp4-bee_id_7003-4245-1.png,1,1,True,True,True
train/videos/2017-10-17_16-41-10/2017-10-17_16-41-10.mp4-bee_id_7005-4290-1.png,1,1,True,True,True
train/videos/2017-10-17_16-41-10/2017-10-17_16-41-10.mp4-bee_id_7006-4290-1.png,0,1,False,False,True
train/videos/2017-10-17_16-41-10/2017-10-17_16-41-10.mp4-bee_id_7007-4305-1.png,0,1,False,False,True
train/videos/2017-10-17_16-41-10/2017-10-17_16-41-10.mp4-bee_id_7008-4335-1.png,1,1,True,True,True
train/videos/2017-10-17_16-41-10/2017-10-17_16-41-10.mp4-bee_id_7009-4350-1.png,0,0,False,False,True
train/videos/2017-10-17_16-41-10/2017-10-17_16-41-10.mp4-bee_id_7010-4380-1.png,0,0,False,False,True
train/videos/2017-10-17_16-41-10/2017-10-17_16-41-10.mp4-bee_id_7011-4395-1.png,0,0,False,False,True
train/videos/2017-10-17_16-41-10/2017-10-17_16-41-10.mp4-bee_id_7013-4425-1.png,0,1,False,False,True
train/videos/2017-10-17_16-41-10/2017-10-17_16-41-10.mp4-bee_id_7015-4440-1.png,0,1,False,False,True
train/videos/2017-10-17_16-41-10/2017-10-17_16-41-10.mp4-bee_id_7016-4440-1.png,0,1,False,False,True
train/videos/2017-10-17_16-41-10/2017-10-17_16-41-10.mp4-bee_id_7017-4455-1.png,0,1,False,False,True
train/videos/2017-10-17_16-41-10/2017-10-17_16-41-10.mp4-bee_id_7018-4470-1.png,1,1,True,True,True
train/videos/2017-10-17_16-41-10/2017-10-17_16-41-10.mp4-bee_id_7020-4605-1.png,0,1,False,False,True
train/videos/2017-10-17_16-41-10/2017-10-17_16-41-10.mp4-bee_id_7022-4620-1.png,0,0,False,False,True
train/videos/2017-10-17_16-41-10/2017-10-17_16-41-10.mp4-bee_id_7023-4650-1.png,0,0,False,False,True
train/videos/2017-10-17_16-41-10/2017-10-17_16-41-10.mp4-bee_id_7025-4665-1.png,0,0,False,False,True
train/videos/2017-10-17_16-41-10/2017-10-17_16-41-10.mp4-bee_id_7026-4725-1.png,0,0,False,False,True
train/videos/2017-10-17_16-41-10/2017-10-17_16-41-10.mp4-bee_id_7027-4785-1.png,0,0,False,False,True
train/videos/2017-10-17_16-41-10/2017-10-17_16-41-10.mp4-bee_id_7029-4860-1.png,0,2,False,False,True
train/videos/2017-10-17_16-41-10/2017-10-17_16-41-10.mp4-bee_id_7030-4890-1.png,0,2,False,False,True
train/videos/2017-10-17_16-41-10/2017-10-17_16-41-10.mp4-bee_id_7031-4890-1.png,0,0,False,False,True
train/videos/2017-10-17_16-41-10/2017-10-17_16-41-10.mp4-bee_id_7032-4935-1.png,0,1,False,False,True
train/videos/2017-10-17_16-41-10/2017-10-17_16-41-10.mp4-bee_id_7033-4950-1.png,0,0,False,False,True
train/videos/2017-10-17_16-41-10/2017-10-17_16-41-10.mp4-bee_id_7034-4965-1.png,0,1,False,False,True
train/videos/2017-10-17_16-41-10/2017-10-17_16-41-10.mp4-bee_id_7035-5010-1.png,0,0,False,False,True
train/videos/2017-10-17_16-41-10/2017-10-17_16-41-10.mp4-bee_id_7036-5025-1.png,1,2,True,True,True
train/videos/2017-10-17_16-41-10/2017-10-17_16-41-10.mp4-bee_id_7037-5085-1.png,0,0,False,False,True
train/videos/2017-10-17_16-41-10/2017-10-17_16-41-10.mp4-bee_id_7038-5100-1.png,0,0,False,False,True
train/videos/2017-10-17_16-41-10/2017-10-17_16-41-10.mp4-bee_id_7039-5175-1.png,1,2,True,True,True
train/videos/2017-10-17_16-41-10/2017-10-17_16-41-10.mp4-bee_id_7040-5220-1.png,0,0,False,False,True
train/videos/2017-10-17_16-41-10/2017-10-17_16-41-10.mp4-bee_id_7041-5250-1.png,0,0,False,False,True
train/videos/2017-10-17_16-41-10/2017-10-17_16-41-10.mp4-bee_id_7042-5310-1.png,0,0,False,False,True
train/videos/2017-10-17_16-41-10/2017-10-17_16-41-10.mp4-bee_id_7043-5355-1.png,1,1,True,False,True
train/videos/2017-10-17_16-41-10/2017-10-17_16-41-10.mp4-bee_id_7044-5355-1.png,0,0,False,False,True
train/videos/2017-10-17_16-41-10/2017-10-17_16-41-10.mp4-bee_id_7045-5370-1.png,0,0,False,False,True
train/videos/2017-10-17_16-41-10/2017-10-17_16-41-10.mp4-bee_id_7047-5385-1.png,0,1,False,False,True
train/videos/2017-10-17_16-41-10/2017-10-17_16-41-10.mp4-bee_id_7048-5400-1.png,0,0,False,False,True
train/videos/2017-10-17_16-41-10/2017-10-17_16-41-10.mp4-bee_id_7049-5415-1.png,1,1,True,False,True
train/videos/2017-10-17_16-41-10/2017-10-17_16-41-10.mp4-bee_id_7050-5460-1.png,0,0,False,False,True
train/videos/2017-10-17_16-41-10/2017-10-17_16-41-10.mp4-bee_id_7051-5490-1.png,0,0,False,False,True
train/videos/2017-10-17_16-41-10/2017-10-17_16-41-10.mp4-bee_id_7052-5595-1.png,0,0,False,False,True
train/videos/2017-10-17_16-41-10/2017-10-17_16-41-10.mp4-bee_id_7055-5640-1.png,0,0,False,False,True
train/videos/2017-10-17_16-41-10/2017-10-17_16-41-10.mp4-bee_id_7059-5700-1.png,0,0,False,False,True
train/videos/2017-10-17_16-41-10/2017-10-17_16-41-10.mp4-bee_id_7061-5730-1.png,0,2,False,False,True
train/videos/2017-10-17_16-41-10/2017-10-17_16-41-10.mp4-bee_id_7062-5760-1.png,0,0,False,False,True
train/videos/2017-10-17_16-41-10/2017-10-17_16-41-10.mp4-bee_id_7063-5760-1.png,0,0,False,False,True
train/videos/2017-10-17_16-41-10/2017-10-17_16-41-10.mp4-bee_id_7064-5820-1.png,0,0,False,False,True
train/videos/2017-10-17_16-41-10/2017-10-17_16-41-10.mp4-bee_id_7065-5850-1.png,0,1,False,False,True
train/videos/2017-10-17_16-41-10/2017-10-17_16-41-10.mp4-bee_id_7066-5850-1.png,0,0,False,False,True
train/videos/2017-10-17_16-41-10/2017-10-17_16-41-10.mp4-bee_id_7067-5895-1.png,0,0,False,False,True
train/videos/2017-10-17_16-41-10/2017-10-17_16-41-10.mp4-bee_id_7069-5940-1.png,0,0,False,False,True
train/videos/2017-10-17_16-41-10/2017-10-17_16-41-10.mp4-bee_id_7070-5985-1.png,0,0,False,False,True
train/videos/2017-10-17_16-41-10/2017-10-17_16-41-10.mp4-bee_id_7074-6165-1.png,1,2,True,False,True
train/videos/2017-10-17_16-41-10/2017-10-17_16-41-10.mp4-bee_id_7075-6375-1.png,0,0,False,False,True
train/videos/2017-10-17_16-41-10/2017-10-17_16-41-10.mp4-bee_id_7076-6390-1.png,0,1,False,False,True
train/videos/2017-10-17_16-41-10/2017-10-17_16-41-10.mp4-bee_id_7077-6450-1.png,0,0,False,False,True
train/videos/2017-10-17_16-41-10/2017-10-17_16-41-10.mp4-bee_id_7079-6525-1.png,0,0,False,False,True
train/videos/2017-10-17_16-41-10/2017-10-17_16-41-10.mp4-bee_id_7080-6555-1.png,0,1,False,False,True
train/videos/2017-10-17_16-41-10/2017-10-17_16-41-10.mp4-bee_id_7081-6570-1.png,1,1,True,True,True
train/videos/2017-10-17_16-41-10/2017-10-17_16-41-10.mp4-bee_id_7082-6570-1.png,0,0,False,False,True
train/videos/2017-10-17_16-41-10/2017-10-17_16-41-10.mp4-bee_id_7083-6570-1.png,1,0,True,False,True
train/videos/2017-10-17_16-41-10/2017-10-17_16-41-10.mp4-bee_id_7084-6570-1.png,0,2,False,False,True
train/videos/2017-10-17_16-41-10/2017-10-17_16-41-10.mp4-bee_id_7085-6585-1.png,0,1,False,False,True
train/videos/2017-10-17_16-41-10/2017-10-17_16-41-10.mp4-bee_id_7087-6630-1.png,0,0,False,False,True
train/videos/2017-10-17_16-41-10/2017-10-17_16-41-10.mp4-bee_id_7088-6675-1.png,0,2,False,False,True
train/videos/2017-10-17_16-41-10/2017-10-17_16-41-10.mp4-bee_id_7090-6675-1.png,0,0,False,False,True
train/videos/2017-10-17_16-41-10/2017-10-17_16-41-10.mp4-bee_id_7091-6690-1.png,1,1,True,True,True
train/videos/2017-10-17_16-41-10/2017-10-17_16-41-10.mp4-bee_id_7092-6705-1.png,1,0,True,False,True
train/videos/2017-10-17_16-41-10/2017-10-17_16-41-10.mp4-bee_id_7093-6735-1.png,1,2,True,True,True
train/videos/2017-10-17_16-41-10/2017-10-17_16-41-10.mp4-bee_id_7094-6765-1.png,0,0,False,False,True
train/videos/2017-10-17_16-41-10/2017-10-17_16-41-10.mp4-bee_id_7095-6765-1.png,0,2,False,False,True
train/videos/2017-10-17_16-41-10/2017-10-17_16-41-10.mp4-bee_id_7096-6795-1.png,0,1,False,False,True
train/videos/2017-10-17_16-41-10/2017-10-17_16-41-10.mp4-bee_id_7098-6840-1.png,0,1,False,False,True
train/videos/2017-10-17_16-41-10/2017-10-17_16-41-10.mp4-bee_id_7099-6855-1.png,0,1,False,False,True
train/videos/2017-10-17_16-41-10/2017-10-17_16-41-10.mp4-bee_id_7100-6900-1.png,0,2,False,False,True
train/videos/2017-10-17_16-41-10/2017-10-17_16-41-10.mp4-bee_id_7101-6945-1.png,1,1,True,True,True
train/videos/2017-10-17_16-41-10/2017-10-17_16-41-10.mp4-bee_id_7102-6960-1.png,0,0,False,False,True
train/videos/2017-10-17_16-41-10/2017-10-17_16-41-10.mp4-bee_id_7103-6975-1.png,1,1,True,True,True
train/videos/2017-10-17_16-41-10/2017-10-17_16-41-10.mp4-bee_id_7104-6990-1.png,1,2,True,False,True
train/videos/2017-10-17_16-41-10/2017-10-17_16-41-10.mp4-bee_id_7106-7035-1.png,0,0,False,False,True
train/videos/2017-10-17_16-41-10/2017-10-17_16-41-10.mp4-bee_id_7107-7065-1.png,0,0,False,False,True
train/videos/2017-10-17_16-41-10/2017-10-17_16-41-10.mp4-bee_id_7108-7080-1.png,0,0,False,False,True
train/videos/2017-10-17_16-41-10/2017-10-17_16-41-10.mp4-bee_id_7110-7125-1.png,0,0,False,False,True
train/videos/2017-10-17_16-41-10/2017-10-17_16-41-10.mp4-bee_id_7111-7215-1.png,0,0,False,False,True
train/videos/2017-10-17_16-41-10/2017-10-17_16-41-10.mp4-bee_id_7113-7365-1.png,0,0,False,False,True
train/videos/2017-10-17_16-41-10/2017-10-17_16-41-10.mp4-bee_id_7114-7380-1.png,0,0,False,False,True
train/videos/2017-10-17_16-41-10/2017-10-17_16-41-10.mp4-bee_id_7115-7395-1.png,0,0,False,False,True
train/videos/2017-10-17_16-41-10/2017-10-17_16-41-10.mp4-bee_id_7116-7410-1.png,0,1,False,False,True
train/videos/2017-10-17_16-41-10/2017-10-17_16-41-10.mp4-bee_id_7117-7425-1.png,0,0,False,False,True
train/videos/2017-10-17_16-41-10/2017-10-17_16-41-10.mp4-bee_id_7119-7485-1.png,1,1,True,False,True
train/videos/2017-10-17_16-41-10/2017-10-17_16-41-10.mp4-bee_id_7123-7740-1.png,0,0,False,False,True
train/videos/2017-10-17_16-41-10/2017-10-17_16-41-10.mp4-bee_id_7127-7905-1.png,0,0,False,False,True
train/videos/2017-10-17_16-41-10/2017-10-17_16-41-10.mp4-bee_id_7128-7920-1.png,0,1,False,False,True
train/videos/2017-10-17_16-41-10/2017-10-17_16-41-10.mp4-bee_id_7130-8055-1.png,0,0,False,False,True
train/videos/2017-10-17_16-41-10/2017-10-17_16-41-10.mp4-bee_id_7131-8130-1.png,0,2,False,False,True
train/videos/2017-10-17_16-41-10/2017-10-17_16-41-10.mp4-bee_id_7132-8160-1.png,0,2,False,False,True
train/videos/2017-10-17_16-41-10/2017-10-17_16-41-10.mp4-bee_id_7134-8220-1.png,0,0,False,False,True
train/videos/2017-10-17_16-41-10/2017-10-17_16-41-10.mp4-bee_id_7135-8220-1.png,0,2,False,False,True
train/videos/2017-10-17_16-41-10/2017-10-17_16-41-10.mp4-bee_id_7136-8340-1.png,0,0,False,False,True
train/videos/2017-10-17_16-41-10/2017-10-17_16-41-10.mp4-bee_id_7137-8340-1.png,1,2,True,True,True
train/videos/2017-10-17_16-41-10/2017-10-17_16-41-10.mp4-bee_id_7138-8370-1.png,0,0,False,False,True
train/videos/2017-10-17_16-41-10/2017-10-17_16-41-10.mp4-bee_id_7140-8460-1.png,0,2,False,False,True
train/videos/2017-10-17_16-41-10/2017-10-17_16-41-10.mp4-bee_id_7143-8640-1.png,0,0,False,False,True
train/videos/2017-10-17_16-41-10/2017-10-17_16-41-10.mp4-bee_id_7144-8640-1.png,0,0,False,False,True
train/videos/2017-10-17_16-41-10/2017-10-17_16-41-10.mp4-bee_id_7145-8655-1.png,0,0,False,False,True
train/videos/2017-10-17_16-41-10/2017-10-17_16-41-10.mp4-bee_id_7146-8685-1.png,0,0,False,False,True
train/videos/2017-10-17_16-41-10/2017-10-17_16-41-10.mp4-bee_id_7147-8745-1.png,1,1,True,True,True
train/videos/2017-10-17_16-41-10/2017-10-17_16-41-10.mp4-bee_id_7148-8745-1.png,0,0,False,False,True
train/videos/2017-10-17_16-41-10/2017-10-17_16-41-10.mp4-bee_id_7149-8760-1.png,0,1,False,False,True
train/videos/2017-10-17_16-41-10/2017-10-17_16-41-10.mp4-bee_id_7150-8865-1.png,1,0,True,False,True
train/videos/2017-10-17_16-41-10/2017-10-17_16-41-10.mp4-bee_id_7151-8895-1.png,0,1,False,False,True
train/videos/2017-10-17_16-41-10/2017-10-17_16-41-10.mp4-bee_id_7152-8910-1.png,0,0,False,False,True
train/videos/2017-10-17_16-41-10/2017-10-17_16-41-10.mp4-bee_id_7153-8925-1.png,0,0,False,False,True
train/videos/2017-10-17_16-41-10/2017-10-17_16-41-10.mp4-bee_id_7156-9195-1.png,1,2,True,True,True
train/videos/2017-10-17_16-41-10/2017-10-17_16-41-10.mp4-bee_id_7160-9285-1.png,0,0,False,False,True
train/videos/2017-10-17_16-41-10/2017-10-17_16-41-10.mp4-bee_id_7162-9300-1.png,0,0,False,False,True
train/videos/2017-10-17_16-41-10/2017-10-17_16-41-10.mp4-bee_id_7166-9375-1.png,0,0,False,False,True
train/videos/2017-10-17_16-41-10/2017-10-17_16-41-10.mp4-bee_id_7169-9600-1.png,0,0,False,False,True
train/videos/2017-10-17_16-41-10/2017-10-17_16-41-10.mp4-bee_id_7170-9600-1.png,1,1,True,True,True
train/videos/2017-10-17_16-41-10/2017-10-17_16-41-10.mp4-bee_id_7172-9630-1.png,1,1,True,True,True
train/videos/2017-10-17_16-41-10/2017-10-17_16-41-10.mp4-bee_id_7176-9825-1.png,0,0,False,False,True
train/videos/2017-10-17_16-41-10/2017-10-17_16-41-10.mp4-bee_id_7177-9825-1.png,0,0,False,False,True
train/videos/2017-10-17_16-41-10/2017-10-17_16-41-10.mp4-bee_id_7178-9840-1.png,0,1,False,False,True
train/videos/2017-10-17_16-41-10/2017-10-17_16-41-10.mp4-bee_id_7180-9870-1.png,0,1,False,False,True
train/videos/2017-10-17_16-41-10/2017-10-17_16-41-10.mp4-bee_id_7181-9870-1.png,0,0,False,False,True
train/videos/2017-10-17_16-41-10/2017-10-17_16-41-10.mp4-bee_id_7182-9885-1.png,0,0,False,False,True
train/videos/2017-10-17_16-41-10/2017-10-17_16-41-10.mp4-bee_id_7183-9900-1.png,0,0,False,False,True
train/videos/2017-10-17_16-41-10/2017-10-17_16-41-10.mp4-bee_id_7184-9900-1.png,1,2,True,True,True
train/videos/2017-10-17_16-41-10/2017-10-17_16-41-10.mp4-bee_id_7185-10050-1.png,1,1,True,True,True
train/videos/2017-10-17_16-41-10/2017-10-17_16-41-10.mp4-bee_id_7187-10080-1.png,0,1,False,False,True
train/videos/2017-10-17_16-41-10/2017-10-17_16-41-10.mp4-bee_id_7188-10095-1.png,0,1,False,False,True
train/videos/2017-10-17_16-41-10/2017-10-17_16-41-10.mp4-bee_id_7189-10110-1.png,0,0,False,False,True
train/videos/2017-10-17_16-41-10/2017-10-17_16-41-10.mp4-bee_id_7190-10110-1.png,0,1,False,False,True
train/videos/2017-10-17_16-41-10/2017-10-17_16-41-10.mp4-bee_id_7191-10215-1.png,1,1,True,True,True
train/videos/2017-10-17_16-41-10/2017-10-17_16-41-10.mp4-bee_id_7193-10320-1.png,0,2,False,False,True
train/videos/2017-10-17_16-41-10/2017-10-17_16-41-10.mp4-bee_id_7195-10350-1.png,1,0,True,False,True
train/videos/2017-10-17_16-41-10/2017-10-17_16-41-10.mp4-bee_id_7196-10485-1.png,0,2,False,False,True
train/videos/2017-10-17_16-41-10/2017-10-17_16-41-10.mp4-bee_id_7198-10635-1.png,1,2,True,False,True
train/videos/2017-10-17_16-41-10/2017-10-17_16-41-10.mp4-bee_id_7199-10635-1.png,0,0,False,False,True
train/videos/2017-10-17_16-41-10/2017-10-17_16-41-10.mp4-bee_id_7202-10695-1.png,0,0,False,False,True
train/videos/2017-10-17_16-41-10/2017-10-17_16-41-10.mp4-bee_id_7203-10710-1.png,0,2,False,False,True
train/videos/2017-10-17_16-41-10/2017-10-17_16-41-10.mp4-bee_id_7204-10740-1.png,0,0,False,False,True
train/videos/2017-10-17_16-41-10/2017-10-17_16-41-10.mp4-bee_id_7206-10815-1.png,0,0,False,False,True
train/videos/2017-10-17_16-41-10/2017-10-17_16-41-10.mp4-bee_id_7209-10875-1.png,1,1,True,True,True
train/videos/2017-10-17_16-41-10/2017-10-17_16-41-10.mp4-bee_id_7210-10920-1.png,0,0,False,False,True
train/videos/2017-10-17_16-41-10/2017-10-17_16-41-10.mp4-bee_id_7211-10950-1.png,0,0,False,False,True
train/videos/2017-10-17_16-41-10/2017-10-17_16-41-10.mp4-bee_id_7212-10950-1.png,0,2,False,False,True
train/videos/2017-10-17_16-41-10/2017-10-17_16-41-10.mp4-bee_id_7213-10950-1.png,0,1,False,False,True
train/videos/2017-10-17_16-41-10/2017-10-17_16-41-10.mp4-bee_id_7214-10965-1.png,0,0,False,False,True
train/videos/2017-10-17_16-41-10/2017-10-17_16-41-10.mp4-bee_id_7215-11025-1.png,0,1,False,False,True
train/videos/2017-10-17_16-41-10/2017-10-17_16-41-10.mp4-bee_id_7217-11235-1.png,1,1,True,False,True
train/videos/2017-10-17_16-41-10/2017-10-17_16-41-10.mp4-bee_id_7218-11250-1.png,1,2,True,True,True
train/videos/2017-10-17_16-41-10/2017-10-17_16-41-10.mp4-bee_id_7219-11415-1.png,0,1,False,False,True
train/videos/2017-10-17_16-41-10/2017-10-17_16-41-10.mp4-bee_id_7220-11490-1.png,0,1,False,False,True
train/videos/2017-10-17_16-41-10/2017-10-17_16-41-10.mp4-bee_id_7224-11610-1.png,0,1,False,False,True
train/videos/2017-10-17_16-41-10/2017-10-17_16-41-10.mp4-bee_id_7225-11610-1.png,0,0,False,False,True
train/videos/2017-10-17_16-41-10/2017-10-17_16-41-10.mp4-bee_id_7226-11670-1.png,0,0,False,False,True
train/videos/2017-10-17_16-41-10/2017-10-17_16-41-10.mp4-bee_id_7228-11700-1.png,0,2,False,False,True
train/videos/2017-10-17_16-41-10/2017-10-17_16-41-10.mp4-bee_id_7229-11820-1.png,0,0,False,False,True
train/videos/2017-10-17_16-41-10/2017-10-17_16-41-10.mp4-bee_id_7230-11820-1.png,0,3,False,False,True
train/videos/2017-10-17_16-41-10/2017-10-17_16-41-10.mp4-bee_id_7232-11865-1.png,0,2,False,False,True
train/videos/2017-10-17_16-41-10/2017-10-17_16-41-10.mp4-bee_id_7234-11940-1.png,1,2,True,True,True
train/videos/2017-10-17_16-41-10/2017-10-17_16-41-10.mp4-bee_id_7236-12090-1.png,0,2,False,False,True
train/videos/2017-10-17_16-41-10/2017-10-17_16-41-10.mp4-bee_id_7237-12105-1.png,0,0,False,False,True
train/videos/2017-10-17_16-41-10/2017-10-17_16-41-10.mp4-bee_id_7241-12390-1.png,1,3,True,True,True
train/videos/2017-10-17_16-41-10/2017-10-17_16-41-10.mp4-bee_id_7242-12405-1.png,0,1,False,False,True
train/videos/2017-10-17_16-41-10/2017-10-17_16-41-10.mp4-bee_id_7243-12435-1.png,0,0,False,False,True
train/videos/2017-10-17_16-41-10/2017-10-17_16-41-10.mp4-bee_id_7245-12480-1.png,0,0,False,False,True
train/videos/2017-10-17_16-41-10/2017-10-17_16-41-10.mp4-bee_id_7246-12510-1.png,0,0,False,False,True
train/videos/2017-10-17_16-41-10/2017-10-17_16-41-10.mp4-bee_id_7247-12540-1.png,0,1,False,False,True
train/videos/2017-10-17_16-41-10/2017-10-17_16-41-10.mp4-bee_id_7249-12630-1.png,0,0,False,False,True
train/videos/2017-10-17_16-41-10/2017-10-17_16-41-10.mp4-bee_id_7252-12690-1.png,0,0,False,False,True
train/videos/2017-10-17_16-41-10/2017-10-17_16-41-10.mp4-bee_id_7253-12750-1.png,0,0,False,False,True
train/videos/2017-10-17_16-41-10/2017-10-17_16-41-10.mp4-bee_id_7254-12780-1.png,1,2,True,True,True
train/videos/2017-10-17_16-41-10/2017-10-17_16-41-10.mp4-bee_id_7255-12825-1.png,0,1,False,False,True
train/videos/2017-10-17_16-41-10/2017-10-17_16-41-10.mp4-bee_id_7256-12885-1.png,0,2,False,False,True
train/videos/2017-10-17_16-41-10/2017-10-17_16-41-10.mp4-bee_id_7257-12915-1.png,0,0,False,False,True
train/videos/2017-10-17_16-41-10/2017-10-17_16-41-10.mp4-bee_id_7258-12990-1.png,1,1,True,False,True
train/videos/2017-10-17_16-41-10/2017-10-17_16-41-10.mp4-bee_id_7259-13095-1.png,0,0,False,False,True
train/videos/2017-10-17_16-41-10/2017-10-17_16-41-10.mp4-bee_id_7260-13095-1.png,1,2,True,True,True
train/videos/2017-10-17_16-41-10/2017-10-17_16-41-10.mp4-bee_id_7261-13110-1.png,0,0,False,False,True
train/videos/2017-10-17_16-41-10/2017-10-17_16-41-10.mp4-bee_id_7262-13170-1.png,0,2,False,False,True
train/videos/2017-10-17_16-41-10/2017-10-17_16-41-10.mp4-bee_id_7263-13200-1.png,1,2,True,False,True
train/videos/2017-10-17_16-41-10/2017-10-17_16-41-10.mp4-bee_id_7264-13215-1.png,0,0,False,False,True
train/videos/2017-10-17_16-41-10/2017-10-17_16-41-10.mp4-bee_id_7266-13230-1.png,1,0,True,False,True
train/videos/2017-10-17_16-41-10/2017-10-17_16-41-10.mp4-bee_id_7267-13230-1.png,0,1,False,False,True
train/videos/2017-10-17_16-41-10/2017-10-17_16-41-10.mp4-bee_id_7269-13290-1.png,1,1,True,True,True
train/videos/2017-10-17_16-41-10/2017-10-17_16-41-10.mp4-bee_id_7270-13320-1.png,0,1,False,False,True
train/videos/2017-10-17_16-41-10/2017-10-17_16-41-10.mp4-bee_id_7271-13335-1.png,0,0,False,False,True
train/videos/2017-10-17_16-41-10/2017-10-17_16-41-10.mp4-bee_id_7275-13440-1.png,1,1,True,True,True
train/videos/2017-10-17_16-41-10/2017-10-17_16-41-10.mp4-bee_id_7276-13590-1.png,0,1,False,False,True
train/videos/2017-10-17_16-41-10/2017-10-17_16-41-10.mp4-bee_id_7277-13605-1.png,1,0,True,False,True
train/videos/2017-10-17_16-41-10/2017-10-17_16-41-10.mp4-bee_id_7278-13665-1.png,0,3,False,False,True
train/videos/2017-10-17_16-41-10/2017-10-17_16-41-10.mp4-bee_id_7279-13680-1.png,0,1,False,False,True
train/videos/2017-10-17_16-41-10/2017-10-17_16-41-10.mp4-bee_id_7282-13860-1.png,0,1,False,False,True
train/videos/2017-10-17_16-41-10/2017-10-17_16-41-10.mp4-bee_id_7285-13920-1.png,1,1,True,True,True
train/videos/2017-10-17_16-41-10/2017-10-17_16-41-10.mp4-bee_id_7287-14010-1.png,0,1,False,False,True
train/videos/2017-10-17_16-41-10/2017-10-17_16-41-10.mp4-bee_id_7288-14025-1.png,0,0,False,False,True
train/videos/2017-10-17_16-41-10/2017-10-17_16-41-10.mp4-bee_id_7289-14055-1.png,0,0,False,False,True
train/videos/2017-10-17_16-41-10/2017-10-17_16-41-10.mp4-bee_id_7290-14070-1.png,1,1,True,True,True
train/videos/2017-10-17_16-41-10/2017-10-17_16-41-10.mp4-bee_id_7291-14070-1.png,0,0,False,False,True
train/videos/2017-10-17_16-41-10/2017-10-17_16-41-10.mp4-bee_id_7292-14145-1.png,0,0,False,False,True
train/videos/2017-10-17_16-41-10/2017-10-17_16-41-10.mp4-bee_id_7293-14160-1.png,0,0,False,False,True
train/videos/2017-10-17_16-41-10/2017-10-17_16-41-10.mp4-bee_id_7296-14280-1.png,0,0,False,False,True
train/videos/2017-10-17_16-41-10/2017-10-17_16-41-10.mp4-bee_id_7298-14310-1.png,0,0,False,False,True
train/videos/2017-10-17_16-41-10/2017-10-17_16-41-10.mp4-bee_id_7299-14340-1.png,0,0,False,False,True
train/videos/2017-10-17_16-41-10/2017-10-17_16-41-10.mp4-bee_id_7300-14355-1.png,0,1,False,False,True
train/videos/2017-10-17_16-41-10/2017-10-17_16-41-10.mp4-bee_id_7302-14385-1.png,1,1,True,True,True
train/videos/2017-10-17_16-41-10/2017-10-17_16-41-10.mp4-bee_id_7303-14400-1.png,0,0,False,False,True
train/videos/2017-10-17_16-41-10/2017-10-17_16-41-10.mp4-bee_id_7304-14445-1.png,0,0,False,False,True
train/videos/2017-10-17_16-41-10/2017-10-17_16-41-10.mp4-bee_id_7306-14460-1.png,0,2,False,False,True
train/videos/2017-10-17_16-41-10/2017-10-17_16-41-10.mp4-bee_id_7309-14550-1.png,0,1,False,False,True
train/videos/2017-10-17_16-41-10/2017-10-17_16-41-10.mp4-bee_id_7310-14580-1.png,1,2,True,True,True
train/videos/2017-10-17_16-41-10/2017-10-17_16-41-10.mp4-bee_id_7312-14745-1.png,0,0,False,False,True
train/videos/2017-10-17_16-41-10/2017-10-17_16-41-10.mp4-bee_id_7313-14745-1.png,0,1,False,False,True
train/videos/2017-10-17_16-41-10/2017-10-17_16-41-10.mp4-bee_id_7314-14760-1.png,0,0,False,False,True
train/videos/2017-10-17_16-41-10/2017-10-17_16-41-10.mp4-bee_id_7317-14895-1.png,0,1,False,False,True
train/videos/2017-10-17_16-41-10/2017-10-17_16-41-10.mp4-bee_id_7318-14955-1.png,0,1,False,False,True
train/videos/2017-10-17_16-41-10/2017-10-17_16-41-10.mp4-bee_id_7323-15030-1.png,1,2,True,True,True
train/videos/2017-10-17_16-41-10/2017-10-17_16-41-10.mp4-bee_id_7324-15045-1.png,1,1,True,True,True
train/videos/2017-10-17_16-41-10/2017-10-17_16-41-10.mp4-bee_id_7325-15180-1.png,1,2,True,True,True
train/videos/2017-10-17_16-41-10/2017-10-17_16-41-10.mp4-bee_id_7326-15225-1.png,0,1,False,False,True
train/videos/2017-10-17_16-41-10/2017-10-17_16-41-10.mp4-bee_id_7328-15285-1.png,0,0,False,False,True
train/videos/2017-10-17_16-41-10/2017-10-17_16-41-10.mp4-bee_id_7329-15375-1.png,1,2,True,True,True
train/videos/2017-10-17_16-41-10/2017-10-17_16-41-10.mp4-bee_id_7330-15450-1.png,0,1,False,False,True
train/videos/2017-10-17_16-41-10/2017-10-17_16-41-10.mp4-bee_id_7331-15480-1.png,1,0,True,False,True
train/videos/2017-10-17_16-41-10/2017-10-17_16-41-10.mp4-bee_id_7332-15510-1.png,0,0,False,False,True
train/videos/2017-10-17_16-41-10/2017-10-17_16-41-10.mp4-bee_id_7333-15540-1.png,0,1,False,False,True
train/videos/2017-10-17_16-41-10/2017-10-17_16-41-10.mp4-bee_id_7334-15630-1.png,0,0,False,False,True
train/videos/2017-10-17_16-41-10/2017-10-17_16-41-10.mp4-bee_id_7335-15630-1.png,0,0,False,False,True
train/videos/2017-10-17_16-41-10/2017-10-17_16-41-10.mp4-bee_id_7336-15645-1.png,0,0,False,False,True
train/videos/2017-10-17_16-41-10/2017-10-17_16-41-10.mp4-bee_id_7337-15660-1.png,0,1,False,False,True
train/videos/2017-10-17_16-41-10/2017-10-17_16-41-10.mp4-bee_id_7338-15660-1.png,1,2,True,True,True
train/videos/2017-10-17_16-41-10/2017-10-17_16-41-10.mp4-bee_id_7339-15675-1.png,1,1,True,True,True
train/videos/2017-10-17_16-41-10/2017-10-17_16-41-10.mp4-bee_id_7341-15690-1.png,1,0,True,False,True
train/videos/2017-10-17_16-41-10/2017-10-17_16-41-10.mp4-bee_id_7342-15690-1.png,0,1,False,False,True
train/videos/2017-10-17_16-41-10/2017-10-17_16-41-10.mp4-bee_id_7344-15780-1.png,0,1,False,False,True
train/videos/2017-10-17_16-41-10/2017-10-17_16-41-10.mp4-bee_id_7346-15900-1.png,0,2,False,False,True
train/videos/2017-10-17_16-41-10/2017-10-17_16-41-10.mp4-bee_id_7347-15960-1.png,0,1,False,False,True
train/videos/2017-10-17_16-41-10/2017-10-17_16-41-10.mp4-bee_id_7348-15990-1.png,0,1,False,False,True
train/videos/2017-10-17_16-41-10/2017-10-17_16-41-10.mp4-bee_id_7350-16005-1.png,0,1,False,False,True
train/videos/2017-10-17_16-41-10/2017-10-17_16-41-10.mp4-bee_id_7351-16035-1.png,0,0,False,False,True
train/videos/2017-10-17_16-41-10/2017-10-17_16-41-10.mp4-bee_id_7352-16065-1.png,0,0,False,False,True
train/videos/2017-10-17_16-41-10/2017-10-17_16-41-10.mp4-bee_id_7353-16080-1.png,0,0,False,False,True
train/videos/2017-10-17_16-41-10/2017-10-17_16-41-10.mp4-bee_id_7354-16125-1.png,0,1,False,False,True
train/videos/2017-10-17_16-41-10/2017-10-17_16-41-10.mp4-bee_id_7356-16155-1.png,0,0,False,False,True
train/videos/2017-10-17_16-41-10/2017-10-17_16-41-10.mp4-bee_id_7359-16410-1.png,0,0,False,False,True
train/videos/2017-10-17_16-41-10/2017-10-17_16-41-10.mp4-bee_id_7360-16440-1.png,0,0,False,False,True
train/videos/2017-10-17_16-41-10/2017-10-17_16-41-10.mp4-bee_id_7361-16455-1.png,0,1,False,False,True
train/videos/2017-10-17_16-41-10/2017-10-17_16-41-10.mp4-bee_id_7362-16455-1.png,1,2,True,True,True
train/videos/2017-10-17_16-41-10/2017-10-17_16-41-10.mp4-bee_id_7364-16545-1.png,0,1,False,False,True
train/videos/2017-10-17_16-41-10/2017-10-17_16-41-10.mp4-bee_id_7365-16560-1.png,0,1,False,False,True
train/videos/2017-10-17_16-41-10/2017-10-17_16-41-10.mp4-bee_id_7367-16620-1.png,1,1,True,True,True
train/videos/2017-10-17_16-41-10/2017-10-17_16-41-10.mp4-bee_id_7369-16650-1.png,1,1,True,True,True
train/videos/2017-08-30_15-42-59/2017-08-30_15-42-59.mp4-bee_id_10000-54690-1.png,1,2,True,True,True
train/videos/2017-08-30_15-42-59/2017-08-30_15-42-59.mp4-bee_id_10001-54690-1.png,0,0,False,False,True
val/videos/2017-08-28_16-32-55_30_sec/2017-08-28_16-32-55_30_sec.mp4-bee_id_6642-60-1.png,1,0,True,False,True
val/videos/2017-08-28_16-32-55_30_sec/2017-08-28_16-32-55_30_sec.mp4-bee_id_6643-75-1.png,1,1,True,False,True
val/videos/2017-08-28_16-32-55_30_sec/2017-08-28_16-32-55_30_sec.mp4-bee_id_6644-90-1.png,1,2,True,True,True
val/videos/2017-08-28_16-32-55_30_sec/2017-08-28_16-32-55_30_sec.mp4-bee_id_6645-105-1.png,0,0,False,False,True
val/videos/2017-08-28_16-32-55_30_sec/2017-08-28_16-32-55_30_sec.mp4-bee_id_6646-120-1.png,0,0,False,False,True
val/videos/2017-08-28_16-32-55_30_sec/2017-08-28_16-32-55_30_sec.mp4-bee_id_6648-135-1.png,0,0,False,False,True
val/videos/2017-08-28_16-32-55_30_sec/2017-08-28_16-32-55_30_sec.mp4-bee_id_6649-135-1.png,0,0,False,False,True
val/videos/2017-08-28_16-32-55_30_sec/2017-08-28_16-32-55_30_sec.mp4-bee_id_6652-150-1.png,0,2,False,False,True
val/videos/2017-08-28_16-32-55_30_sec/2017-08-28_16-32-55_30_sec.mp4-bee_id_6653-165-1.png,1,0,True,False,True
val/videos/2017-08-28_16-32-55_30_sec/2017-08-28_16-32-55_30_sec.mp4-bee_id_6654-165-1.png,1,2,True,True,True
val/videos/2017-08-28_16-32-55_30_sec/2017-08-28_16-32-55_30_sec.mp4-bee_id_6655-270-1.png,1,2,True,True,True
val/videos/2017-08-28_16-32-55_30_sec/2017-08-28_16-32-55_30_sec.mp4-bee_id_6656-270-1.png,1,2,True,True,True
val/videos/2017-08-28_16-32-55_30_sec/2017-08-28_16-32-55_30_sec.mp4-bee_id_6657-285-1.png,0,0,False,False,True
val/videos/2017-08-28_16-32-55_30_sec/2017-08-28_16-32-55_30_sec.mp4-bee_id_6658-315-1.png,1,2,True,True,True
val/videos/2017-08-28_16-32-55_30_sec/2017-08-28_16-32-55_30_sec.mp4-bee_id_6659-360-1.png,0,0,False,False,True
val/videos/2017-08-28_16-32-55_30_sec/2017-08-28_16-32-55_30_sec.mp4-bee_id_6660-405-1.png,1,0,True,False,True
val/videos/2017-08-28_16-32-55_30_sec/2017-08-28_16-32-55_30_sec.mp4-bee_id_6661-420-1.png,1,1,True,True,True
val/videos/2017-08-28_16-32-55_30_sec/2017-08-28_16-32-55_30_sec.mp4-bee_id_6662-450-1.png,1,1,True,True,True
val/videos/2017-08-28_16-32-55_30_sec/2017-08-28_16-32-55_30_sec.mp4-bee_id_6663-465-1.png,1,1,True,True,True
val/videos/2017-08-28_16-32-55_30_sec/2017-08-28_16-32-55_30_sec.mp4-bee_id_6664-480-1.png,0,0,False,False,True
val/videos/2017-08-28_16-32-55_30_sec/2017-08-28_16-32-55_30_sec.mp4-bee_id_6665-510-1.png,0,1,False,False,True
val/videos/2017-08-28_16-32-55_30_sec/2017-08-28_16-32-55_30_sec.mp4-bee_id_6666-510-1.png,1,2,True,True,True
val/videos/2017-08-28_16-32-55_30_sec/2017-08-28_16-32-55_30_sec.mp4-bee_id_6667-540-1.png,1,0,True,False,True
val/videos/2017-08-28_16-32-55_30_sec/2017-08-28_16-32-55_30_sec.mp4-bee_id_6668-585-1.png,0,0,False,False,True
val/videos/2017-08-28_16-32-55_30_sec/2017-08-28_16-32-55_30_sec.mp4-bee_id_6669-600-1.png,0,1,False,False,True
val/videos/2017-08-28_16-32-55_30_sec/2017-08-28_16-32-55_30_sec.mp4-bee_id_6670-600-1.png,1,1,True,True,True
val/videos/2017-08-28_16-32-55_30_sec/2017-08-28_16-32-55_30_sec.mp4-bee_id_6671-615-1.png,1,2,True,True,True
val/videos/2017-08-28_16-32-55_30_sec/2017-08-28_16-32-55_30_sec.mp4-bee_id_6672-630-1.png,1,1,True,False,True
val/videos/2017-08-28_16-32-55_30_sec/2017-08-28_16-32-55_30_sec.mp4-bee_id_6673-645-1.png,1,2,True,True,True
val/videos/2017-08-28_16-32-55_30_sec/2017-08-28_16-32-55_30_sec.mp4-bee_id_6674-645-1.png,1,1,True,True,True
val/videos/2017-08-28_16-32-55_30_sec/2017-08-28_16-32-55_30_sec.mp4-bee_id_6675-645-1.png,1,2,True,True,True
val/videos/2017-08-28_16-32-55_30_sec/2017-08-28_16-32-55_30_sec.mp4-bee_id_6676-660-1.png,0,0,False,False,True
val/videos/2017-08-28_16-32-55_30_sec/2017-08-28_16-32-55_30_sec.mp4-bee_id_6677-660-1.png,1,1,True,True,True
val/videos/2017-08-28_16-32-55_30_sec/2017-08-28_16-32-55_30_sec.mp4-bee_id_6678-705-1.png,0,1,False,False,True
val/videos/2017-08-28_16-32-55_30_sec/2017-08-28_16-32-55_30_sec.mp4-bee_id_6679-705-1.png,1,2,True,False,True
val/videos/2017-08-28_16-32-55_30_sec/2017-08-28_16-32-55_30_sec.mp4-bee_id_6680-795-1.png,0,0,False,False,True
val/videos/2017-08-28_16-32-55_30_sec/2017-08-28_16-32-55_30_sec.mp4-bee_id_6681-795-1.png,1,2,True,True,True
val/videos/2017-08-28_16-32-55_30_sec/2017-08-28_16-32-55_30_sec.mp4-bee_id_6682-825-1.png,1,1,True,True,True
val/videos/2017-08-28_16-32-55_30_sec/2017-08-28_16-32-55_30_sec.mp4-bee_id_6683-870-1.png,1,0,True,False,True
val/videos/2017-08-28_16-32-55_30_sec/2017-08-28_16-32-55_30_sec.mp4-bee_id_6684-870-1.png,0,0,False,False,True
val/videos/2017-08-28_16-32-55_30_sec/2017-08-28_16-32-55_30_sec.mp4-bee_id_6685-885-1.png,0,0,False,False,True
val/videos/2017-08-28_16-32-55_30_sec/2017-08-28_16-32-55_30_sec.mp4-bee_id_6686-900-1.png,1,2,True,True,True
val/videos/2017-08-28_16-32-55_30_sec/2017-08-28_16-32-55_30_sec.mp4-bee_id_6687-915-1.png,1,0,True,False,True
val/videos/2017-08-28_16-32-55_30_sec/2017-08-28_16-32-55_30_sec.mp4-bee_id_6688-915-1.png,0,0,False,False,True
val/videos/2017-08-28_16-32-55_30_sec/2017-08-28_16-32-55_30_sec.mp4-bee_id_6689-930-1.png,0,0,False,False,True
val/videos/2017-08-28_16-32-55_30_sec/2017-08-28_16-32-55_30_sec.mp4-bee_id_6690-930-1.png,1,2,True,True,True
val/videos/2017-08-28_16-32-55_30_sec/2017-08-28_16-32-55_30_sec.mp4-bee_id_6691-930-1.png,0,0,False,False,True
val/videos/2017-08-28_16-32-55_30_sec/2017-08-28_16-32-55_30_sec.mp4-bee_id_6692-945-1.png,0,0,False,False,True
val/videos/2017-08-28_16-32-55_30_sec/2017-08-28_16-32-55_30_sec.mp4-bee_id_6693-960-1.png,0,0,False,False,True
val/videos/2017-08-28_16-32-55_30_sec/2017-08-28_16-32-55_30_sec.mp4-bee_id_6694-975-1.png,1,2,True,True,True
val/videos/2017-09-01_20-00-17/2017-09-01_20-00-17.mp4-bee_id_1-15-1.png,0,0,False,False,True
val/videos/2017-09-01_20-00-17/2017-09-01_20-00-17.mp4-bee_id_10-1950-1.png,0,2,False,False,True
val/videos/2017-09-01_20-00-17/2017-09-01_20-00-17.mp4-bee_id_100-43050-1.png,0,0,False,False,True
val/videos/2017-09-01_20-00-17/2017-09-01_20-00-17.mp4-bee_id_101-43050-1.png,1,1,True,False,True
val/videos/2017-09-01_20-00-17/2017-09-01_20-00-17.mp4-bee_id_102-43095-1.png,1,1,True,True,True
val/videos/2017-09-01_20-00-17/2017-09-01_20-00-17.mp4-bee_id_103-43185-1.png,0,0,False,False,True
val/videos/2017-09-01_20-00-17/2017-09-01_20-00-17.mp4-bee_id_104-43215-1.png,0,0,False,False,True
val/videos/2017-09-01_20-00-17/2017-09-01_20-00-17.mp4-bee_id_105-43245-1.png,0,1,False,False,True
val/videos/2017-09-01_20-00-17/2017-09-01_20-00-17.mp4-bee_id_106-43335-1.png,0,0,False,False,True
val/videos/2017-09-01_20-00-17/2017-09-01_20-00-17.mp4-bee_id_107-43455-1.png,1,0,True,False,True
val/videos/2017-09-01_20-00-17/2017-09-01_20-00-17.mp4-bee_id_108-43485-1.png,1,0,True,False,True
val/videos/2017-09-01_20-00-17/2017-09-01_20-00-17.mp4-bee_id_109-43590-1.png,0,0,False,False,True
val/videos/2017-09-01_20-00-17/2017-09-01_20-00-17.mp4-bee_id_11-2100-1.png,0,2,False,False,True
val/videos/2017-09-01_20-00-17/2017-09-01_20-00-17.mp4-bee_id_110-43950-1.png,1,2,True,True,True
val/videos/2017-09-01_20-00-17/2017-09-01_20-00-17.mp4-bee_id_111-44505-1.png,0,0,False,False,True
val/videos/2017-09-01_20-00-17/2017-09-01_20-00-17.mp4-bee_id_114-48075-1.png,0,2,False,False,True
val/videos/2017-09-01_20-00-17/2017-09-01_20-00-17.mp4-bee_id_115-55050-1.png,0,0,False,False,True
val/videos/2017-09-01_20-00-17/2017-09-01_20-00-17.mp4-bee_id_116-55290-1.png,0,0,False,False,True
val/videos/2017-09-01_20-00-17/2017-09-01_20-00-17.mp4-bee_id_117-55725-1.png,0,0,False,False,True
val/videos/2017-09-01_20-00-17/2017-09-01_20-00-17.mp4-bee_id_119-55980-1.png,0,0,False,False,True
val/videos/2017-09-01_20-00-17/2017-09-01_20-00-17.mp4-bee_id_12-2415-1.png,0,1,False,False,True
val/videos/2017-09-01_20-00-17/2017-09-01_20-00-17.mp4-bee_id_120-56190-1.png,1,1,True,True,True
val/videos/2017-09-01_20-00-17/2017-09-01_20-00-17.mp4-bee_id_122-58575-1.png,1,2,True,False,True
val/videos/2017-09-01_20-00-17/2017-09-01_20-00-17.mp4-bee_id_124-59535-1.png,0,0,False,False,True
val/videos/2017-09-01_20-00-17/2017-09-01_20-00-17.mp4-bee_id_125-59835-1.png,1,1,True,False,True
val/videos/2017-09-01_20-00-17/2017-09-01_20-00-17.mp4-bee_id_126-61065-1.png,0,1,False,False,True
val/videos/2017-09-01_20-00-17/2017-09-01_20-00-17.mp4-bee_id_127-62175-1.png,0,0,False,False,True
val/videos/2017-09-01_20-00-17/2017-09-01_20-00-17.mp4-bee_id_128-62385-1.png,0,0,False,False,True
val/videos/2017-09-01_20-00-17/2017-09-01_20-00-17.mp4-bee_id_13-2505-1.png,0,2,False,False,True
val/videos/2017-09-01_20-00-17/2017-09-01_20-00-17.mp4-bee_id_130-62685-1.png,0,0,False,False,True
val/videos/2017-09-01_20-00-17/2017-09-01_20-00-17.mp4-bee_id_131-63240-1.png,0,0,False,False,True
val/videos/2017-09-01_20-00-17/2017-09-01_20-00-17.mp4-bee_id_132-63960-1.png,0,1,False,False,True
val/videos/2017-09-01_20-00-17/2017-09-01_20-00-17.mp4-bee_id_134-64215-1.png,1,1,True,True,True
val/videos/2017-09-01_20-00-17/2017-09-01_20-00-17.mp4-bee_id_135-64245-1.png,1,1,True,False,True
val/videos/2017-09-01_20-00-17/2017-09-01_20-00-17.mp4-bee_id_136-64470-1.png,1,2,True,False,True
val/videos/2017-09-01_20-00-17/2017-09-01_20-00-17.mp4-bee_id_138-64905-1.png,1,0,True,False,True
val/videos/2017-09-01_20-00-17/2017-09-01_20-00-17.mp4-bee_id_139-65010-1.png,0,0,False,False,True
val/videos/2017-09-01_20-00-17/2017-09-01_20-00-17.mp4-bee_id_14-2565-1.png,0,0,False,False,True
val/videos/2017-09-01_20-00-17/2017-09-01_20-00-17.mp4-bee_id_140-65145-1.png,1,2,True,True,True
val/videos/2017-09-01_20-00-17/2017-09-01_20-00-17.mp4-bee_id_141-65220-1.png,0,0,False,False,True
val/videos/2017-09-01_20-00-17/2017-09-01_20-00-17.mp4-bee_id_142-65565-1.png,1,0,True,False,True
val/videos/2017-09-01_20-00-17/2017-09-01_20-00-17.mp4-bee_id_143-65565-1.png,1,1,True,True,True
val/videos/2017-09-01_20-00-17/2017-09-01_20-00-17.mp4-bee_id_144-66345-1.png,0,1,False,False,True
val/videos/2017-09-01_20-00-17/2017-09-01_20-00-17.mp4-bee_id_145-66615-1.png,0,0,False,False,True
val/videos/2017-09-01_20-00-17/2017-09-01_20-00-17.mp4-bee_id_146-66930-1.png,0,0,False,False,True
val/videos/2017-09-01_20-00-17/2017-09-01_20-00-17.mp4-bee_id_147-66945-1.png,0,1,False,False,True
val/videos/2017-09-01_20-00-17/2017-09-01_20-00-17.mp4-bee_id_148-66960-1.png,0,0,False,False,True
val/videos/2017-09-01_20-00-17/2017-09-01_20-00-17.mp4-bee_id_149-66975-1.png,0,0,False,False,True
val/videos/2017-09-01_20-00-17/2017-09-01_20-00-17.mp4-bee_id_15-2565-1.png,0,1,False,False,True
val/videos/2017-09-01_20-00-17/2017-09-01_20-00-17.mp4-bee_id_150-66990-1.png,0,0,False,False,True
val/videos/2017-09-01_20-00-17/2017-09-01_20-00-17.mp4-bee_id_151-67500-1.png,0,1,False,False,True
val/videos/2017-09-01_20-00-17/2017-09-01_20-00-17.mp4-bee_id_152-67575-1.png,0,0,False,False,True
val/videos/2017-09-01_20-00-17/2017-09-01_20-00-17.mp4-bee_id_153-67770-1.png,0,0,False,False,True
val/videos/2017-09-01_20-00-17/2017-09-01_20-00-17.mp4-bee_id_154-67785-1.png,0,0,False,False,True
val/videos/2017-09-01_20-00-17/2017-09-01_20-00-17.mp4-bee_id_155-68070-1.png,0,0,False,False,True
val/videos/2017-09-01_20-00-17/2017-09-01_20-00-17.mp4-bee_id_156-68130-1.png,0,0,False,False,True
val/videos/2017-09-01_20-00-17/2017-09-01_20-00-17.mp4-bee_id_157-68160-1.png,0,0,False,False,True
val/videos/2017-09-01_20-00-17/2017-09-01_20-00-17.mp4-bee_id_158-68310-1.png,0,0,False,False,True
val/videos/2017-09-01_20-00-17/2017-09-01_20-00-17.mp4-bee_id_159-68745-1.png,0,0,False,False,True
val/videos/2017-09-01_20-00-17/2017-09-01_20-00-17.mp4-bee_id_16-2985-1.png,0,2,False,False,True
val/videos/2017-09-01_20-00-17/2017-09-01_20-00-17.mp4-bee_id_160-68775-1.png,0,0,False,False,True
val/videos/2017-09-01_20-00-17/2017-09-01_20-00-17.mp4-bee_id_161-68805-1.png,0,2,False,False,True
val/videos/2017-09-01_20-00-17/2017-09-01_20-00-17.mp4-bee_id_163-68940-1.png,0,1,False,False,True
val/videos/2017-09-01_20-00-17/2017-09-01_20-00-17.mp4-bee_id_164-68955-1.png,0,0,False,False,True
val/videos/2017-09-01_20-00-17/2017-09-01_20-00-17.mp4-bee_id_165-69090-1.png,0,0,False,False,True
val/videos/2017-09-01_20-00-17/2017-09-01_20-00-17.mp4-bee_id_166-70230-1.png,0,1,False,False,True
val/videos/2017-09-01_20-00-17/2017-09-01_20-00-17.mp4-bee_id_167-70935-1.png,0,0,False,False,True
val/videos/2017-09-01_20-00-17/2017-09-01_20-00-17.mp4-bee_id_168-71685-1.png,0,1,False,False,True
val/videos/2017-09-01_20-00-17/2017-09-01_20-00-17.mp4-bee_id_169-72390-1.png,0,0,False,False,True
val/videos/2017-09-01_20-00-17/2017-09-01_20-00-17.mp4-bee_id_17-2985-1.png,1,2,True,True,True
val/videos/2017-09-01_20-00-17/2017-09-01_20-00-17.mp4-bee_id_170-72900-1.png,0,1,False,False,True
val/videos/2017-09-01_20-00-17/2017-09-01_20-00-17.mp4-bee_id_171-73380-1.png,0,0,False,False,True
val/videos/2017-09-01_20-00-17/2017-09-01_20-00-17.mp4-bee_id_172-73950-1.png,0,0,False,False,True
val/videos/2017-09-01_20-00-17/2017-09-01_20-00-17.mp4-bee_id_173-75570-1.png,0,0,False,False,True
val/videos/2017-09-01_20-00-17/2017-09-01_20-00-17.mp4-bee_id_174-75570-1.png,0,0,False,False,True
val/videos/2017-09-01_20-00-17/2017-09-01_20-00-17.mp4-bee_id_175-75570-1.png,0,0,False,False,True
val/videos/2017-09-01_20-00-17/2017-09-01_20-00-17.mp4-bee_id_176-75990-1.png,0,2,False,False,True
val/videos/2017-09-01_20-00-17/2017-09-01_20-00-17.mp4-bee_id_177-75990-1.png,0,0,False,False,True
val/videos/2017-09-01_20-00-17/2017-09-01_20-00-17.mp4-bee_id_178-77805-1.png,0,0,False,False,True
val/videos/2017-09-01_20-00-17/2017-09-01_20-00-17.mp4-bee_id_179-78165-1.png,0,2,False,False,True
val/videos/2017-09-01_20-00-17/2017-09-01_20-00-17.mp4-bee_id_18-3120-1.png,1,0,True,False,True
val/videos/2017-09-01_20-00-17/2017-09-01_20-00-17.mp4-bee_id_180-78165-1.png,0,1,False,False,True
val/videos/2017-09-01_20-00-17/2017-09-01_20-00-17.mp4-bee_id_182-79230-1.png,0,2,False,False,True
val/videos/2017-09-01_20-00-17/2017-09-01_20-00-17.mp4-bee_id_183-79230-1.png,0,0,False,False,True
val/videos/2017-09-01_20-00-17/2017-09-01_20-00-17.mp4-bee_id_184-79230-1.png,0,1,False,False,True
val/videos/2017-09-01_20-00-17/2017-09-01_20-00-17.mp4-bee_id_186-79965-1.png,0,0,False,False,True
val/videos/2017-09-01_20-00-17/2017-09-01_20-00-17.mp4-bee_id_187-80175-1.png,0,2,False,False,True
val/videos/2017-09-01_20-00-17/2017-09-01_20-00-17.mp4-bee_id_188-81000-1.png,0,1,False,False,True
val/videos/2017-09-01_20-00-17/2017-09-01_20-00-17.mp4-bee_id_189-81255-1.png,0,2,False,False,True
val/videos/2017-09-01_20-00-17/2017-09-01_20-00-17.mp4-bee_id_19-3255-1.png,0,0,False,False,True
val/videos/2017-09-01_20-00-17/2017-09-01_20-00-17.mp4-bee_id_190-81900-1.png,0,0,False,False,True
val/videos/2017-09-01_20-00-17/2017-09-01_20-00-17.mp4-bee_id_191-82305-1.png,0,3,False,False,True
val/videos/2017-09-01_20-00-17/2017-09-01_20-00-17.mp4-bee_id_192-82470-1.png,0,1,False,False,True
val/videos/2017-09-01_20-00-17/2017-09-01_20-00-17.mp4-bee_id_193-83190-1.png,0,1,False,False,True
val/videos/2017-09-01_20-00-17/2017-09-01_20-00-17.mp4-bee_id_194-83940-1.png,0,0,False,False,True
val/videos/2017-09-01_20-00-17/2017-09-01_20-00-17.mp4-bee_id_195-87975-1.png,0,1,False,False,True
val/videos/2017-09-01_20-00-17/2017-09-01_20-00-17.mp4-bee_id_196-88545-1.png,0,0,False,False,True
val/videos/2017-09-01_20-00-17/2017-09-01_20-00-17.mp4-bee_id_199-89505-1.png,0,0,False,False,True
val/videos/2017-09-01_20-00-17/2017-09-01_20-00-17.mp4-bee_id_2-45-1.png,0,0,False,False,True
val/videos/2017-09-01_20-00-17/2017-09-01_20-00-17.mp4-bee_id_20-4560-1.png,0,0,False,False,True
val/videos/2017-09-01_20-00-17/2017-09-01_20-00-17.mp4-bee_id_200-89610-1.png,0,0,False,False,True
val/videos/2017-09-01_20-00-17/2017-09-01_20-00-17.mp4-bee_id_201-89940-1.png,0,1,False,False,True
val/videos/2017-09-01_20-00-17/2017-09-01_20-00-17.mp4-bee_id_202-90450-1.png,0,0,False,False,True
val/videos/2017-09-01_20-00-17/2017-09-01_20-00-17.mp4-bee_id_203-90525-1.png,0,0,False,False,True
val/videos/2017-09-01_20-00-17/2017-09-01_20-00-17.mp4-bee_id_204-91110-1.png,0,0,False,False,True
val/videos/2017-09-01_20-00-17/2017-09-01_20-00-17.mp4-bee_id_205-91380-1.png,0,2,False,False,True
val/videos/2017-09-01_20-00-17/2017-09-01_20-00-17.mp4-bee_id_206-91440-1.png,0,1,False,False,True
val/videos/2017-09-01_20-00-17/2017-09-01_20-00-17.mp4-bee_id_207-91590-1.png,0,0,False,False,True
val/videos/2017-09-01_20-00-17/2017-09-01_20-00-17.mp4-bee_id_208-91725-1.png,0,0,False,False,True
val/videos/2017-09-01_20-00-17/2017-09-01_20-00-17.mp4-bee_id_209-92205-1.png,0,0,False,False,True
val/videos/2017-09-01_20-00-17/2017-09-01_20-00-17.mp4-bee_id_21-4575-1.png,1,0,True,False,True
val/videos/2017-09-01_20-00-17/2017-09-01_20-00-17.mp4-bee_id_210-93225-1.png,0,1,False,False,True
val/videos/2017-09-01_20-00-17/2017-09-01_20-00-17.mp4-bee_id_211-94935-1.png,0,0,False,False,True
val/videos/2017-09-01_20-00-17/2017-09-01_20-00-17.mp4-bee_id_213-95805-1.png,0,0,False,False,True
val/videos/2017-09-01_20-00-17/2017-09-01_20-00-17.mp4-bee_id_214-100500-1.png,0,0,False,False,True
val/videos/2017-09-01_20-00-17/2017-09-01_20-00-17.mp4-bee_id_216-100980-1.png,0,0,False,False,True
val/videos/2017-09-01_20-00-17/2017-09-01_20-00-17.mp4-bee_id_218-101925-1.png,0,1,False,False,True
val/videos/2017-09-01_20-00-17/2017-09-01_20-00-17.mp4-bee_id_219-102510-1.png,0,1,False,False,True
val/videos/2017-09-01_20-00-17/2017-09-01_20-00-17.mp4-bee_id_22-5055-1.png,1,1,True,False,True
val/videos/2017-09-01_20-00-17/2017-09-01_20-00-17.mp4-bee_id_221-103260-1.png,0,2,False,False,True
val/videos/2017-09-01_20-00-17/2017-09-01_20-00-17.mp4-bee_id_222-104055-1.png,0,2,False,False,True
val/videos/2017-09-01_20-00-17/2017-09-01_20-00-17.mp4-bee_id_224-104565-1.png,0,0,False,False,True
val/videos/2017-09-01_20-00-17/2017-09-01_20-00-17.mp4-bee_id_225-104730-1.png,0,1,False,False,True
val/videos/2017-09-01_20-00-17/2017-09-01_20-00-17.mp4-bee_id_226-104790-1.png,0,2,False,False,True
val/videos/2017-09-01_20-00-17/2017-09-01_20-00-17.mp4-bee_id_23-5070-1.png,0,0,False,False,True
val/videos/2017-09-01_20-00-17/2017-09-01_20-00-17.mp4-bee_id_25-6060-1.png,0,0,False,False,True
val/videos/2017-09-01_20-00-17/2017-09-01_20-00-17.mp4-bee_id_26-6075-1.png,0,0,False,False,True
val/videos/2017-09-01_20-00-17/2017-09-01_20-00-17.mp4-bee_id_27-6615-1.png,1,1,True,False,True
val/videos/2017-09-01_20-00-17/2017-09-01_20-00-17.mp4-bee_id_28-6615-1.png,0,0,False,False,True
val/videos/2017-09-01_20-00-17/2017-09-01_20-00-17.mp4-bee_id_29-14415-1.png,0,0,False,False,True
val/videos/2017-09-01_20-00-17/2017-09-01_20-00-17.mp4-bee_id_3-1185-1.png,0,0,False,False,True
val/videos/2017-09-01_20-00-17/2017-09-01_20-00-17.mp4-bee_id_30-14430-1.png,0,0,False,False,True
val/videos/2017-09-01_20-00-17/2017-09-01_20-00-17.mp4-bee_id_31-14430-1.png,1,0,True,False,True
val/videos/2017-09-01_20-00-17/2017-09-01_20-00-17.mp4-bee_id_32-14460-1.png,0,0,False,False,True
val/videos/2017-09-01_20-00-17/2017-09-01_20-00-17.mp4-bee_id_33-14535-1.png,0,0,False,False,True
val/videos/2017-09-01_20-00-17/2017-09-01_20-00-17.mp4-bee_id_36-14955-1.png,1,0,True,False,True
val/videos/2017-09-01_20-00-17/2017-09-01_20-00-17.mp4-bee_id_37-14955-1.png,0,0,False,False,True
val/videos/2017-09-01_20-00-17/2017-09-01_20-00-17.mp4-bee_id_38-14955-1.png,0,0,False,False,True
val/videos/2017-09-01_20-00-17/2017-09-01_20-00-17.mp4-bee_id_39-15075-1.png,1,0,True,False,True
val/videos/2017-09-01_20-00-17/2017-09-01_20-00-17.mp4-bee_id_4-1275-1.png,0,1,False,False,True
val/videos/2017-09-01_20-00-17/2017-09-01_20-00-17.mp4-bee_id_40-15180-1.png,0,0,False,False,True
val/videos/2017-09-01_20-00-17/2017-09-01_20-00-17.mp4-bee_id_41-15180-1.png,0,1,False,False,True
val/videos/2017-09-01_20-00-17/2017-09-01_20-00-17.mp4-bee_id_42-15675-1.png,1,0,True,False,True
val/videos/2017-09-01_20-00-17/2017-09-01_20-00-17.mp4-bee_id_44-16110-1.png,0,0,False,False,True
val/videos/2017-09-01_20-00-17/2017-09-01_20-00-17.mp4-bee_id_45-16335-1.png,0,1,False,False,True
val/videos/2017-09-01_20-00-17/2017-09-01_20-00-17.mp4-bee_id_46-18930-1.png,0,0,False,False,True
val/videos/2017-09-01_20-00-17/2017-09-01_20-00-17.mp4-bee_id_47-19110-1.png,0,0,False,False,True
val/videos/2017-09-01_20-00-17/2017-09-01_20-00-17.mp4-bee_id_48-19170-1.png,1,1,True,True,True
val/videos/2017-09-01_20-00-17/2017-09-01_20-00-17.mp4-bee_id_5-1425-1.png,0,0,False,False,True
val/videos/2017-09-01_20-00-17/2017-09-01_20-00-17.mp4-bee_id_50-19275-1.png,1,0,True,False,True
val/videos/2017-09-01_20-00-17/2017-09-01_20-00-17.mp4-bee_id_51-19305-1.png,1,2,True,True,True
val/videos/2017-09-01_20-00-17/2017-09-01_20-00-17.mp4-bee_id_52-19890-1.png,0,0,False,False,True
val/videos/2017-09-01_20-00-17/2017-09-01_20-00-17.mp4-bee_id_54-20055-1.png,1,0,True,False,True
val/videos/2017-09-01_20-00-17/2017-09-01_20-00-17.mp4-bee_id_55-20220-1.png,1,2,True,True,True
val/videos/2017-09-01_20-00-17/2017-09-01_20-00-17.mp4-bee_id_56-20550-1.png,0,0,False,False,True
val/videos/2017-09-01_20-00-17/2017-09-01_20-00-17.mp4-bee_id_57-20640-1.png,0,0,False,False,True
val/videos/2017-09-01_20-00-17/2017-09-01_20-00-17.mp4-bee_id_58-20655-1.png,0,0,False,False,True
val/videos/2017-09-01_20-00-17/2017-09-01_20-00-17.mp4-bee_id_59-20670-1.png,0,0,False,False,True
val/videos/2017-09-01_20-00-17/2017-09-01_20-00-17.mp4-bee_id_6-1575-1.png,0,2,False,False,True
val/videos/2017-09-01_20-00-17/2017-09-01_20-00-17.mp4-bee_id_60-21255-1.png,0,0,False,False,True
val/videos/2017-09-01_20-00-17/2017-09-01_20-00-17.mp4-bee_id_61-21375-1.png,1,1,True,True,True
val/videos/2017-09-01_20-00-17/2017-09-01_20-00-17.mp4-bee_id_62-21555-1.png,0,1,False,False,True
val/videos/2017-09-01_20-00-17/2017-09-01_20-00-17.mp4-bee_id_63-21885-1.png,0,0,False,False,True
val/videos/2017-09-01_20-00-17/2017-09-01_20-00-17.mp4-bee_id_64-22095-1.png,0,1,False,False,True
val/videos/2017-09-01_20-00-17/2017-09-01_20-00-17.mp4-bee_id_65-22125-1.png,0,0,False,False,True
val/videos/2017-09-01_20-00-17/2017-09-01_20-00-17.mp4-bee_id_67-22695-1.png,1,0,True,False,True
val/videos/2017-09-01_20-00-17/2017-09-01_20-00-17.mp4-bee_id_68-22740-1.png,0,0,False,False,True
val/videos/2017-09-01_20-00-17/2017-09-01_20-00-17.mp4-bee_id_69-23235-1.png,0,0,False,False,True
val/videos/2017-09-01_20-00-17/2017-09-01_20-00-17.mp4-bee_id_7-1620-1.png,0,1,False,False,True
val/videos/2017-09-01_20-00-17/2017-09-01_20-00-17.mp4-bee_id_70-23250-1.png,0,0,False,False,True
val/videos/2017-09-01_20-00-17/2017-09-01_20-00-17.mp4-bee_id_71-23550-1.png,0,0,False,False,True
val/videos/2017-09-01_20-00-17/2017-09-01_20-00-17.mp4-bee_id_72-23595-1.png,0,0,False,False,True
val/videos/2017-09-01_20-00-17/2017-09-01_20-00-17.mp4-bee_id_73-23685-1.png,0,2,False,False,True
val/videos/2017-09-01_20-00-17/2017-09-01_20-00-17.mp4-bee_id_74-23910-1.png,0,2,False,False,True
val/videos/2017-09-01_20-00-17/2017-09-01_20-00-17.mp4-bee_id_75-25890-1.png,0,0,False,False,True
val/videos/2017-09-01_20-00-17/2017-09-01_20-00-17.mp4-bee_id_76-26010-1.png,1,0,True,False,True
val/videos/2017-09-01_20-00-17/2017-09-01_20-00-17.mp4-bee_id_78-28155-1.png,0,0,False,False,True
val/videos/2017-09-01_20-00-17/2017-09-01_20-00-17.mp4-bee_id_79-29160-1.png,0,1,False,False,True
val/videos/2017-09-01_20-00-17/2017-09-01_20-00-17.mp4-bee_id_81-29325-1.png,0,0,False,False,True
val/videos/2017-09-01_20-00-17/2017-09-01_20-00-17.mp4-bee_id_82-29370-1.png,0,1,False,False,True
val/videos/2017-09-01_20-00-17/2017-09-01_20-00-17.mp4-bee_id_83-29655-1.png,0,0,False,False,True
val/videos/2017-09-01_20-00-17/2017-09-01_20-00-17.mp4-bee_id_84-29715-1.png,0,2,False,False,True
val/videos/2017-09-01_20-00-17/2017-09-01_20-00-17.mp4-bee_id_85-30225-1.png,0,2,False,False,True
val/videos/2017-09-01_20-00-17/2017-09-01_20-00-17.mp4-bee_id_86-33675-1.png,0,0,False,False,True
val/videos/2017-09-01_20-00-17/2017-09-01_20-00-17.mp4-bee_id_87-34335-1.png,1,2,True,True,True
val/videos/2017-09-01_20-00-17/2017-09-01_20-00-17.mp4-bee_id_88-34830-1.png,0,0,False,False,True
val/videos/2017-09-01_20-00-17/2017-09-01_20-00-17.mp4-bee_id_89-35580-1.png,0,0,False,False,True
val/videos/2017-09-01_20-00-17/2017-09-01_20-00-17.mp4-bee_id_9-1950-1.png,1,1,True,False,True
val/videos/2017-09-01_20-00-17/2017-09-01_20-00-17.mp4-bee_id_90-35805-1.png,0,0,False,False,True
val/videos/2017-09-01_20-00-17/2017-09-01_20-00-17.mp4-bee_id_91-36285-1.png,0,0,False,False,True
val/videos/2017-09-01_20-00-17/2017-09-01_20-00-17.mp4-bee_id_92-36570-1.png,0,0,False,False,True
val/videos/2017-09-01_20-00-17/2017-09-01_20-00-17.mp4-bee_id_93-39405-1.png,0,0,False,False,True
val/videos/2017-09-01_20-00-17/2017-09-01_20-00-17.mp4-bee_id_94-40320-1.png,0,0,False,False,True
val/videos/2017-09-01_20-00-17/2017-09-01_20-00-17.mp4-bee_id_95-41280-1.png,0,0,False,False,True
val/videos/2017-09-01_20-00-17/2017-09-01_20-00-17.mp4-bee_id_96-41655-1.png,0,0,False,False,True
val/videos/2017-09-01_20-00-17/2017-09-01_20-00-17.mp4-bee_id_97-42120-1.png,0,0,False,False,True
val/videos/2017-09-01_20-00-17/2017-09-01_20-00-17.mp4-bee_id_98-42390-1.png,0,0,False,False,True
val/videos/2017-09-01_20-00-17/2017-09-01_20-00-17.mp4-bee_id_99-42930-1.png,1,1,True,True,True
val/videos/2017-09-01_3-01-01/2017-09-01_3-01-01.mp4-bee_id_2239-15-1.png,1,2,True,True,True
val/videos/2017-09-01_3-01-01/2017-09-01_3-01-01.mp4-bee_id_2241-8325-1.png,1,1,True,True,True
val/videos/2017-09-01_3-01-01/2017-09-01_3-01-01.mp4-bee_id_2242-9195-1.png,1,1,True,True,True
val/videos/2017-09-01_3-01-01/2017-09-01_3-01-01.mp4-bee_id_2243-13860-1.png,1,1,True,True,True
val/videos/2017-09-01_3-01-01/2017-09-01_3-01-01.mp4-bee_id_2244-18225-1.png,0,1,False,False,True
val/videos/2017-09-01_3-01-01/2017-09-01_3-01-01.mp4-bee_id_2245-18300-1.png,1,1,True,True,True
val/videos/2017-09-01_3-01-01/2017-09-01_3-01-01.mp4-bee_id_2246-18495-1.png,0,1,False,False,True
val/videos/2017-09-01_3-01-01/2017-09-01_3-01-01.mp4-bee_id_2248-19560-1.png,1,2,True,True,True
val/videos/2017-09-01_3-01-01/2017-09-01_3-01-01.mp4-bee_id_2250-20280-1.png,1,1,True,False,True
val/videos/2017-09-01_3-01-01/2017-09-01_3-01-01.mp4-bee_id_2253-22230-1.png,1,1,True,True,True
val/videos/2017-09-01_3-01-01/2017-09-01_3-01-01.mp4-bee_id_2254-29940-1.png,0,1,False,False,True
val/videos/2017-09-01_3-01-01/2017-09-01_3-01-01.mp4-bee_id_2255-29940-1.png,0,1,False,False,True
val/videos/2017-09-01_3-01-01/2017-09-01_3-01-01.mp4-bee_id_2256-30015-1.png,1,1,True,True,True
val/videos/2017-09-01_3-01-01/2017-09-01_3-01-01.mp4-bee_id_2257-42300-1.png,1,1,True,True,True
val/videos/2017-09-01_3-01-01/2017-09-01_3-01-01.mp4-bee_id_2259-43095-1.png,1,1,True,True,True
val/videos/2017-09-01_3-01-01/2017-09-01_3-01-01.mp4-bee_id_2261-43380-1.png,1,2,True,True,True
val/videos/2017-09-01_3-01-01/2017-09-01_3-01-01.mp4-bee_id_2262-43545-1.png,1,0,True,False,True
val/videos/2017-09-01_3-01-01/2017-09-01_3-01-01.mp4-bee_id_2263-44115-1.png,0,1,False,False,True
val/videos/2017-09-01_3-01-01/2017-09-01_3-01-01.mp4-bee_id_2264-44115-1.png,0,0,False,False,True
val/videos/2017-09-01_3-01-01/2017-09-01_3-01-01.mp4-bee_id_2266-44235-1.png,1,2,True,True,True
val/videos/2017-09-01_3-01-01/2017-09-01_3-01-01.mp4-bee_id_2267-44580-1.png,1,3,True,True,True
val/videos/2017-09-01_3-01-01/2017-09-01_3-01-01.mp4-bee_id_2268-44820-1.png,1,3,True,True,True
val/videos/2017-09-01_3-01-01/2017-09-01_3-01-01.mp4-bee_id_2269-45045-1.png,1,1,True,True,True
val/videos/2017-09-01_3-01-01/2017-09-01_3-01-01.mp4-bee_id_2270-45465-1.png,1,3,True,True,True
val/videos/2017-09-01_3-01-01/2017-09-01_3-01-01.mp4-bee_id_2271-46020-1.png,1,3,True,True,True
val/videos/2017-09-01_3-01-01/2017-09-01_3-01-01.mp4-bee_id_2272-46020-1.png,1,3,True,True,True
val/videos/2017-09-01_3-01-01/2017-09-01_3-01-01.mp4-bee_id_2273-46230-1.png,1,2,True,True,True
val/videos/2017-09-01_3-01-01/2017-09-01_3-01-01.mp4-bee_id_2274-46350-1.png,1,2,True,True,True
val/videos/2017-09-01_3-01-01/2017-09-01_3-01-01.mp4-bee_id_2275-46440-1.png,1,2,True,True,True
val/videos/2017-09-01_3-01-01/2017-09-01_3-01-01.mp4-bee_id_2276-46500-1.png,1,1,True,True,True
val/videos/2017-09-01_3-01-01/2017-09-01_3-01-01.mp4-bee_id_2277-46725-1.png,1,1,True,False,True
val/videos/2017-09-01_3-01-01/2017-09-01_3-01-01.mp4-bee_id_2278-46890-1.png,1,1,True,False,True
val/videos/2017-09-01_3-01-01/2017-09-01_3-01-01.mp4-bee_id_2279-47115-1.png,1,2,True,True,True
val/videos/2017-09-01_3-01-01/2017-09-01_3-01-01.mp4-bee_id_2280-47175-1.png,1,2,True,True,True
val/videos/2017-09-01_3-01-01/2017-09-01_3-01-01.mp4-bee_id_2281-47220-1.png,0,0,False,False,True
val/videos/2017-09-01_3-01-01/2017-09-01_3-01-01.mp4-bee_id_2282-47235-1.png,1,2,True,True,True
val/videos/2017-09-01_3-01-01/2017-09-01_3-01-01.mp4-bee_id_2283-47325-1.png,1,2,True,True,True
val/videos/2017-09-01_3-01-01/2017-09-01_3-01-01.mp4-bee_id_2284-47385-1.png,1,1,True,True,True
val/videos/2017-09-01_3-01-01/2017-09-01_3-01-01.mp4-bee_id_2285-47580-1.png,1,2,True,False,True
val/videos/2017-09-01_3-01-01/2017-09-01_3-01-01.mp4-bee_id_2286-47775-1.png,1,0,True,False,True
val/videos/2017-09-01_3-01-01/2017-09-01_3-01-01.mp4-bee_id_2287-47805-1.png,1,4,True,True,True
val/videos/2017-09-01_3-01-01/2017-09-01_3-01-01.mp4-bee_id_2288-47940-1.png,0,0,False,False,True
val/videos/2017-09-01_3-01-01/2017-09-01_3-01-01.mp4-bee_id_2289-47955-1.png,1,2,True,False,True
val/videos/2017-09-01_3-01-01/2017-09-01_3-01-01.mp4-bee_id_2290-48060-1.png,1,2,True,True,True
val/videos/2017-09-01_3-01-01/2017-09-01_3-01-01.mp4-bee_id_2291-48075-1.png,1,1,True,True,True
val/videos/2017-09-01_3-01-01/2017-09-01_3-01-01.mp4-bee_id_2292-48090-1.png,1,2,True,True,True
val/videos/2017-09-01_3-01-01/2017-09-01_3-01-01.mp4-bee_id_2293-48105-1.png,1,2,True,True,True
val/videos/2017-09-01_3-01-01/2017-09-01_3-01-01.mp4-bee_id_2294-48135-1.png,1,2,True,True,True
val/videos/2017-09-01_3-01-01/2017-09-01_3-01-01.mp4-bee_id_2295-48750-1.png,1,1,True,True,True
val/videos/2017-09-01_3-01-01/2017-09-01_3-01-01.mp4-bee_id_2296-48810-1.png,1,2,True,True,True
val/videos/2017-09-01_3-01-01/2017-09-01_3-01-01.mp4-bee_id_2297-48840-1.png,1,1,True,True,True
val/videos/2017-09-01_3-01-01/2017-09-01_3-01-01.mp4-bee_id_2298-48870-1.png,1,1,True,True,True
val/videos/2017-09-01_3-01-01/2017-09-01_3-01-01.mp4-bee_id_2299-48915-1.png,1,2,True,True,True
val/videos/2017-09-01_3-01-01/2017-09-01_3-01-01.mp4-bee_id_2300-48975-1.png,1,1,True,True,True
val/videos/2017-09-01_3-01-01/2017-09-01_3-01-01.mp4-bee_id_2301-48990-1.png,1,2,True,False,True
val/videos/2017-09-01_3-01-01/2017-09-01_3-01-01.mp4-bee_id_2302-49020-1.png,1,3,True,True,True
val/videos/2017-09-01_3-01-01/2017-09-01_3-01-01.mp4-bee_id_2303-49035-1.png,1,1,True,True,True
val/videos/2017-09-01_3-01-01/2017-09-01_3-01-01.mp4-bee_id_2304-49050-1.png,1,2,True,True,True
val/videos/2017-09-01_3-01-01/2017-09-01_3-01-01.mp4-bee_id_2305-49080-1.png,1,1,True,True,True
val/videos/2017-09-01_3-01-01/2017-09-01_3-01-01.mp4-bee_id_2306-49185-1.png,1,1,True,True,True
val/videos/2017-09-01_3-01-01/2017-09-01_3-01-01.mp4-bee_id_2307-49215-1.png,1,2,True,True,True
val/videos/2017-09-01_3-01-01/2017-09-01_3-01-01.mp4-bee_id_2308-49230-1.png,1,0,True,False,True
val/videos/2017-09-01_3-01-01/2017-09-01_3-01-01.mp4-bee_id_2309-49395-1.png,1,0,True,False,True
val/videos/2017-09-01_3-01-01/2017-09-01_3-01-01.mp4-bee_id_2310-49410-1.png,1,1,True,True,True
val/videos/2017-09-01_3-01-01/2017-09-01_3-01-01.mp4-bee_id_2311-49470-1.png,1,0,True,False,True
val/videos/2017-09-01_3-01-01/2017-09-01_3-01-01.mp4-bee_id_2312-49500-1.png,1,0,True,False,True
val/videos/2017-09-01_3-01-01/2017-09-01_3-01-01.mp4-bee_id_2313-49515-1.png,1,2,True,True,True
val/videos/2017-09-01_3-01-01/2017-09-01_3-01-01.mp4-bee_id_2314-49530-1.png,1,2,True,True,True
val/videos/2017-09-01_3-01-01/2017-09-01_3-01-01.mp4-bee_id_2315-49635-1.png,1,0,True,False,True
val/videos/2017-09-01_3-01-01/2017-09-01_3-01-01.mp4-bee_id_2316-49710-1.png,1,0,True,False,True
val/videos/2017-09-01_3-01-01/2017-09-01_3-01-01.mp4-bee_id_2317-49725-1.png,1,1,True,True,True
val/videos/2017-09-01_3-01-01/2017-09-01_3-01-01.mp4-bee_id_2318-49740-1.png,1,3,True,True,True
val/videos/2017-09-01_3-01-01/2017-09-01_3-01-01.mp4-bee_id_2319-49830-1.png,1,0,True,False,True
val/videos/2017-09-01_3-01-01/2017-09-01_3-01-01.mp4-bee_id_2320-49890-1.png,1,1,True,True,True
val/videos/2017-09-01_3-01-01/2017-09-01_3-01-01.mp4-bee_id_2321-49905-1.png,1,0,True,False,True
val/videos/2017-09-01_3-01-01/2017-09-01_3-01-01.mp4-bee_id_2322-50085-1.png,1,1,True,True,True
val/videos/2017-09-01_3-01-01/2017-09-01_3-01-01.mp4-bee_id_2323-50100-1.png,1,1,True,True,True
val/videos/2017-09-01_3-01-01/2017-09-01_3-01-01.mp4-bee_id_2324-50115-1.png,1,2,True,True,True
val/videos/2017-09-01_3-01-01/2017-09-01_3-01-01.mp4-bee_id_2325-50145-1.png,1,2,True,True,True
val/videos/2017-09-01_3-01-01/2017-09-01_3-01-01.mp4-bee_id_2326-50160-1.png,1,2,True,True,True
val/videos/2017-09-01_3-01-01/2017-09-01_3-01-01.mp4-bee_id_2327-50220-1.png,1,1,True,True,True
val/videos/2017-09-01_3-01-01/2017-09-01_3-01-01.mp4-bee_id_2329-50400-1.png,1,2,True,True,True
val/videos/2017-09-01_3-01-01/2017-09-01_3-01-01.mp4-bee_id_2330-50445-1.png,1,1,True,True,True
val/videos/2017-09-01_3-01-01/2017-09-01_3-01-01.mp4-bee_id_2331-50460-1.png,1,1,True,True,True
val/videos/2017-09-01_3-01-01/2017-09-01_3-01-01.mp4-bee_id_2332-50490-1.png,1,0,True,False,True
val/videos/2017-09-01_3-01-01/2017-09-01_3-01-01.mp4-bee_id_2333-50505-1.png,1,1,True,True,True
val/videos/2017-09-01_3-01-01/2017-09-01_3-01-01.mp4-bee_id_2334-50595-1.png,1,1,True,True,True
val/videos/2017-09-01_3-01-01/2017-09-01_3-01-01.mp4-bee_id_2335-50715-1.png,1,1,True,True,True
val/videos/2017-09-01_3-01-01/2017-09-01_3-01-01.mp4-bee_id_2337-50790-1.png,0,1,False,False,True
val/videos/2017-09-01_3-01-01/2017-09-01_3-01-01.mp4-bee_id_2338-50880-1.png,1,1,True,True,True
val/videos/2017-09-01_3-01-01/2017-09-01_3-01-01.mp4-bee_id_2339-50925-1.png,1,1,True,True,True
val/videos/2017-09-01_3-01-01/2017-09-01_3-01-01.mp4-bee_id_2340-50940-1.png,1,2,True,True,True
val/videos/2017-09-01_3-01-01/2017-09-01_3-01-01.mp4-bee_id_2341-50955-1.png,1,2,True,True,True
val/videos/2017-09-01_3-01-01/2017-09-01_3-01-01.mp4-bee_id_2342-50970-1.png,1,2,True,True,True
val/videos/2017-09-01_3-01-01/2017-09-01_3-01-01.mp4-bee_id_2343-50985-1.png,1,2,True,True,True
val/videos/2017-09-01_3-01-01/2017-09-01_3-01-01.mp4-bee_id_2344-51195-1.png,1,0,True,False,True
val/videos/2017-09-01_3-01-01/2017-09-01_3-01-01.mp4-bee_id_2345-51540-1.png,1,2,True,False,True
val/videos/2017-09-01_3-01-01/2017-09-01_3-01-01.mp4-bee_id_2346-51810-1.png,1,1,True,True,True
val/videos/2017-09-01_3-01-01/2017-09-01_3-01-01.mp4-bee_id_2347-51840-1.png,1,0,True,False,True
val/videos/2017-09-01_3-01-01/2017-09-01_3-01-01.mp4-bee_id_2348-51885-1.png,1,2,True,True,True
val/videos/2017-09-01_3-01-01/2017-09-01_3-01-01.mp4-bee_id_2349-51900-1.png,1,1,True,True,True
val/videos/2017-09-01_3-01-01/2017-09-01_3-01-01.mp4-bee_id_2350-52065-1.png,1,1,True,False,True
val/videos/2017-09-01_3-01-01/2017-09-01_3-01-01.mp4-bee_id_2351-52290-1.png,1,2,True,True,True
val/videos/2017-09-01_3-01-01/2017-09-01_3-01-01.mp4-bee_id_2352-52410-1.png,1,2,True,True,True
val/videos/2017-09-01_3-01-01/2017-09-01_3-01-01.mp4-bee_id_2353-52410-1.png,1,2,True,True,True
val/videos/2017-09-01_3-01-01/2017-09-01_3-01-01.mp4-bee_id_2354-52530-1.png,0,1,False,False,True
val/videos/2017-09-01_3-01-01/2017-09-01_3-01-01.mp4-bee_id_2355-52710-1.png,1,1,True,True,True
val/videos/2017-09-01_3-01-01/2017-09-01_3-01-01.mp4-bee_id_2356-52755-1.png,1,1,True,True,True
val/videos/2017-09-01_3-01-01/2017-09-01_3-01-01.mp4-bee_id_2358-52905-1.png,1,1,True,True,True
val/videos/2017-09-01_3-01-01/2017-09-01_3-01-01.mp4-bee_id_2359-53040-1.png,1,2,True,True,True
val/videos/2017-09-01_3-01-01/2017-09-01_3-01-01.mp4-bee_id_2360-53445-1.png,1,0,True,False,True
val/videos/2017-09-01_3-01-01/2017-09-01_3-01-01.mp4-bee_id_2361-53460-1.png,1,2,True,True,True
val/videos/2017-09-01_3-01-01/2017-09-01_3-01-01.mp4-bee_id_2362-53670-1.png,1,1,True,True,True
val/videos/2017-09-01_3-01-01/2017-09-01_3-01-01.mp4-bee_id_2363-53685-1.png,0,0,False,False,True
val/videos/2017-09-01_3-01-01/2017-09-01_3-01-01.mp4-bee_id_2364-53940-1.png,0,0,False,False,True
val/videos/2017-09-01_3-01-01/2017-09-01_3-01-01.mp4-bee_id_2365-54015-1.png,1,2,True,False,True
val/videos/2017-09-01_3-01-01/2017-09-01_3-01-01.mp4-bee_id_2366-54285-1.png,1,1,True,True,True
val/videos/2017-09-01_3-01-01/2017-09-01_3-01-01.mp4-bee_id_2367-54300-1.png,1,1,True,True,True
val/videos/2017-09-01_3-01-01/2017-09-01_3-01-01.mp4-bee_id_2368-54345-1.png,1,2,True,True,True
val/videos/2017-09-01_3-01-01/2017-09-01_3-01-01.mp4-bee_id_2369-54360-1.png,1,2,True,True,True
val/videos/2017-09-01_3-01-01/2017-09-01_3-01-01.mp4-bee_id_2370-54375-1.png,1,2,True,False,True
val/videos/2017-09-01_3-01-01/2017-09-01_3-01-01.mp4-bee_id_2371-54390-1.png,1,2,True,True,True
val/videos/2017-09-01_3-01-01/2017-09-01_3-01-01.mp4-bee_id_2372-54450-1.png,1,1,True,False,True
val/videos/2017-09-01_3-01-01/2017-09-01_3-01-01.mp4-bee_id_2373-54585-1.png,0,0,False,False,True
val/videos/2017-09-01_3-01-01/2017-09-01_3-01-01.mp4-bee_id_2374-54615-1.png,0,0,False,False,True
val/videos/2017-09-01_3-01-01/2017-09-01_3-01-01.mp4-bee_id_2375-54690-1.png,0,1,False,False,True
val/videos/2017-09-01_3-01-01/2017-09-01_3-01-01.mp4-bee_id_2376-54705-1.png,0,1,False,False,True
val/videos/2017-09-01_3-01-01/2017-09-01_3-01-01.mp4-bee_id_2377-54720-1.png,0,0,False,False,True
val/videos/2017-09-01_3-01-01/2017-09-01_3-01-01.mp4-bee_id_2378-54795-1.png,0,1,False,False,True
val/videos/2017-09-01_3-01-01/2017-09-01_3-01-01.mp4-bee_id_2379-55035-1.png,0,0,False,False,True
val/videos/2017-09-01_3-01-01/2017-09-01_3-01-01.mp4-bee_id_2380-55050-1.png,0,0,False,False,True
val/videos/2017-09-01_3-01-01/2017-09-01_3-01-01.mp4-bee_id_2381-55065-1.png,0,0,False,False,True
val/videos/2017-09-01_3-01-01/2017-09-01_3-01-01.mp4-bee_id_2382-55080-1.png,0,1,False,False,True
val/videos/2017-09-01_3-01-01/2017-09-01_3-01-01.mp4-bee_id_2383-55155-1.png,0,0,False,False,True
val/videos/2017-09-01_3-01-01/2017-09-01_3-01-01.mp4-bee_id_2384-55170-1.png,1,1,True,True,True
val/videos/2017-09-01_3-01-01/2017-09-01_3-01-01.mp4-bee_id_2385-55170-1.png,0,0,False,False,True
val/videos/2017-09-01_3-01-01/2017-09-01_3-01-01.mp4-bee_id_2386-55245-1.png,0,0,False,False,True
val/videos/2017-09-01_3-01-01/2017-09-01_3-01-01.mp4-bee_id_2387-55305-1.png,0,0,False,False,True
val/videos/2017-09-01_3-01-01/2017-09-01_3-01-01.mp4-bee_id_2388-55410-1.png,0,0,False,False,True
val/videos/2017-09-01_3-01-01/2017-09-01_3-01-01.mp4-bee_id_2389-55440-1.png,1,1,True,True,True
val/videos/2017-09-01_3-01-01/2017-09-01_3-01-01.mp4-bee_id_2390-55455-1.png,1,2,True,True,True
val/videos/2017-09-01_3-01-01/2017-09-01_3-01-01.mp4-bee_id_2391-55470-1.png,1,1,True,True,True
val/videos/2017-09-01_3-01-01/2017-09-01_3-01-01.mp4-bee_id_2392-55485-1.png,0,0,False,False,True
val/videos/2017-09-01_3-01-01/2017-09-01_3-01-01.mp4-bee_id_2393-55485-1.png,1,2,True,True,True
val/videos/2017-09-01_3-01-01/2017-09-01_3-01-01.mp4-bee_id_2395-56085-1.png,0,0,False,False,True
val/videos/2017-09-01_3-01-01/2017-09-01_3-01-01.mp4-bee_id_2396-56460-1.png,0,0,False,False,True
val/videos/2017-09-01_3-01-01/2017-09-01_3-01-01.mp4-bee_id_2397-56550-1.png,0,0,False,False,True
val/videos/2017-09-01_3-01-01/2017-09-01_3-01-01.mp4-bee_id_2398-56610-1.png,0,0,False,False,True
val/videos/2017-09-01_3-01-01/2017-09-01_3-01-01.mp4-bee_id_2399-56715-1.png,0,0,False,False,True
val/videos/2017-09-01_3-01-01/2017-09-01_3-01-01.mp4-bee_id_2400-56775-1.png,1,0,True,False,True
val/videos/2017-09-01_3-01-01/2017-09-01_3-01-01.mp4-bee_id_2401-56775-1.png,1,3,True,True,True
val/videos/2017-09-01_3-01-01/2017-09-01_3-01-01.mp4-bee_id_2402-56805-1.png,0,0,False,False,True
val/videos/2017-09-01_3-01-01/2017-09-01_3-01-01.mp4-bee_id_2403-57000-1.png,0,0,False,False,True
val/videos/2017-09-01_3-01-01/2017-09-01_3-01-01.mp4-bee_id_2404-57120-1.png,0,1,False,False,True
val/videos/2017-09-01_3-01-01/2017-09-01_3-01-01.mp4-bee_id_2405-57345-1.png,0,0,False,False,True
val/videos/2017-09-01_3-01-01/2017-09-01_3-01-01.mp4-bee_id_2406-57375-1.png,0,0,False,False,True
val/videos/2017-09-01_3-01-01/2017-09-01_3-01-01.mp4-bee_id_2407-57495-1.png,0,1,False,False,True
val/videos/2017-09-01_3-01-01/2017-09-01_3-01-01.mp4-bee_id_2408-57600-1.png,0,0,False,False,True
val/videos/2017-09-01_3-01-01/2017-09-01_3-01-01.mp4-bee_id_2409-57600-1.png,0,2,False,False,True
val/videos/2017-09-01_3-01-01/2017-09-01_3-01-01.mp4-bee_id_2410-57600-1.png,1,0,True,False,True
val/videos/2017-09-01_3-01-01/2017-09-01_3-01-01.mp4-bee_id_2411-57630-1.png,0,0,False,False,True
val/videos/2017-09-01_3-01-01/2017-09-01_3-01-01.mp4-bee_id_2412-57660-1.png,0,0,False,False,True
val/videos/2017-09-01_3-01-01/2017-09-01_3-01-01.mp4-bee_id_2413-57780-1.png,0,0,False,False,True
val/videos/2017-09-01_3-01-01/2017-09-01_3-01-01.mp4-bee_id_2414-58020-1.png,1,1,True,False,True
val/videos/2017-09-01_3-01-01/2017-09-01_3-01-01.mp4-bee_id_2415-58080-1.png,0,0,False,False,True
val/videos/2017-09-01_3-01-01/2017-09-01_3-01-01.mp4-bee_id_2416-58125-1.png,0,0,False,False,True
val/videos/2017-09-01_3-01-01/2017-09-01_3-01-01.mp4-bee_id_2417-58140-1.png,0,0,False,False,True
val/videos/2017-09-01_3-01-01/2017-09-01_3-01-01.mp4-bee_id_2418-58155-1.png,0,1,False,False,True
val/videos/2017-09-01_3-01-01/2017-09-01_3-01-01.mp4-bee_id_2419-58155-1.png,1,0,True,False,True
val/videos/2017-09-01_3-01-01/2017-09-01_3-01-01.mp4-bee_id_2420-58245-1.png,0,0,False,False,True
val/videos/2017-09-01_3-01-01/2017-09-01_3-01-01.mp4-bee_id_2421-58440-1.png,0,2,False,False,True
val/videos/2017-09-01_3-01-01/2017-09-01_3-01-01.mp4-bee_id_2422-58440-1.png,1,1,True,True,True
val/videos/2017-09-01_3-01-01/2017-09-01_3-01-01.mp4-bee_id_2423-58485-1.png,0,0,False,False,True
val/videos/2017-09-01_3-01-01/2017-09-01_3-01-01.mp4-bee_id_2424-58500-1.png,0,0,False,False,True
val/videos/2017-09-01_3-01-01/2017-09-01_3-01-01.mp4-bee_id_2425-58515-1.png,0,0,False,False,True
val/videos/2017-09-01_3-01-01/2017-09-01_3-01-01.mp4-bee_id_2426-58545-1.png,0,0,False,False,True
val/videos/2017-09-01_3-01-01/2017-09-01_3-01-01.mp4-bee_id_2427-58575-1.png,0,1,False,False,True
val/videos/2017-09-01_3-01-01/2017-09-01_3-01-01.mp4-bee_id_2428-58710-1.png,0,0,False,False,True
val/videos/2017-09-01_3-01-01/2017-09-01_3-01-01.mp4-bee_id_2429-58725-1.png,0,2,False,False,True
val/videos/2017-09-01_3-01-01/2017-09-01_3-01-01.mp4-bee_id_2430-58935-1.png,0,0,False,False,True
val/videos/2017-09-01_3-01-01/2017-09-01_3-01-01.mp4-bee_id_2431-59070-1.png,0,1,False,False,True
val/videos/2017-09-01_3-01-01/2017-09-01_3-01-01.mp4-bee_id_2432-59085-1.png,0,0,False,False,True
val/videos/2017-09-01_3-01-01/2017-09-01_3-01-01.mp4-bee_id_2433-59100-1.png,0,0,False,False,True
val/videos/2017-09-01_3-01-01/2017-09-01_3-01-01.mp4-bee_id_2434-59115-1.png,0,0,False,False,True
val/videos/2017-09-01_3-01-01/2017-09-01_3-01-01.mp4-bee_id_2435-59130-1.png,0,0,False,False,True
val/videos/2017-09-01_3-01-01/2017-09-01_3-01-01.mp4-bee_id_2436-59145-1.png,0,0,False,False,True
val/videos/2017-09-01_3-01-01/2017-09-01_3-01-01.mp4-bee_id_2437-59160-1.png,0,0,False,False,True
val/videos/2017-09-01_3-01-01/2017-09-01_3-01-01.mp4-bee_id_2438-59175-1.png,0,0,False,False,True
val/videos/2017-09-01_3-01-01/2017-09-01_3-01-01.mp4-bee_id_2439-59235-1.png,0,0,False,False,True
val/videos/2017-09-01_3-01-01/2017-09-01_3-01-01.mp4-bee_id_2440-59295-1.png,0,0,False,False,True
val/videos/2017-09-01_3-01-01/2017-09-01_3-01-01.mp4-bee_id_2441-59370-1.png,0,0,False,False,True
val/videos/2017-09-01_3-01-01/2017-09-01_3-01-01.mp4-bee_id_2442-59400-1.png,0,0,False,False,True
val/videos/2017-09-01_3-01-01/2017-09-01_3-01-01.mp4-bee_id_2443-59415-1.png,0,0,False,False,True
val/videos/2017-09-01_3-01-01/2017-09-01_3-01-01.mp4-bee_id_2444-59625-1.png,0,0,False,False,True
val/videos/2017-09-01_3-01-01/2017-09-01_3-01-01.mp4-bee_id_2445-59685-1.png,0,1,False,False,True
val/videos/2017-09-01_3-01-01/2017-09-01_3-01-01.mp4-bee_id_2446-59820-1.png,0,0,False,False,True
val/videos/2017-09-01_3-01-01/2017-09-01_3-01-01.mp4-bee_id_2447-60180-1.png,0,0,False,False,True
val/videos/2017-09-01_3-01-01/2017-09-01_3-01-01.mp4-bee_id_2448-60480-1.png,0,0,False,False,True
val/videos/2017-09-01_3-01-01/2017-09-01_3-01-01.mp4-bee_id_2449-60555-1.png,0,0,False,False,True
val/videos/2017-09-01_3-01-01/2017-09-01_3-01-01.mp4-bee_id_2450-60645-1.png,0,1,False,False,True
val/videos/2017-09-01_3-01-01/2017-09-01_3-01-01.mp4-bee_id_2451-60750-1.png,0,0,False,False,True
val/videos/2017-09-01_3-01-01/2017-09-01_3-01-01.mp4-bee_id_2452-60795-1.png,0,2,False,False,True
val/videos/2017-09-01_3-01-01/2017-09-01_3-01-01.mp4-bee_id_2453-60810-1.png,0,1,False,False,True
val/videos/2017-09-01_3-01-01/2017-09-01_3-01-01.mp4-bee_id_2454-60900-1.png,0,0,False,False,True
val/videos/2017-09-01_3-01-01/2017-09-01_3-01-01.mp4-bee_id_2455-60915-1.png,0,0,False,False,True
val/videos/2017-09-01_3-01-01/2017-09-01_3-01-01.mp4-bee_id_2456-60930-1.png,0,0,False,False,True
val/videos/2017-09-01_3-01-01/2017-09-01_3-01-01.mp4-bee_id_2457-61035-1.png,0,0,False,False,True
val/videos/2017-09-01_3-01-01/2017-09-01_3-01-01.mp4-bee_id_2458-61050-1.png,0,0,False,False,True
val/videos/2017-09-01_3-01-01/2017-09-01_3-01-01.mp4-bee_id_2459-61140-1.png,0,0,False,False,True
val/videos/2017-09-01_3-01-01/2017-09-01_3-01-01.mp4-bee_id_2460-61140-1.png,1,3,True,True,True
val/videos/2017-09-01_3-01-01/2017-09-01_3-01-01.mp4-bee_id_2461-61245-1.png,0,0,False,False,True
val/videos/2017-09-01_3-01-01/2017-09-01_3-01-01.mp4-bee_id_2462-61260-1.png,0,1,False,False,True
val/videos/2017-09-01_3-01-01/2017-09-01_3-01-01.mp4-bee_id_2463-61365-1.png,1,2,True,True,True
val/videos/2017-09-01_3-01-01/2017-09-01_3-01-01.mp4-bee_id_2464-61410-1.png,1,1,True,True,True
val/videos/2017-09-01_3-01-01/2017-09-01_3-01-01.mp4-bee_id_2465-61410-1.png,0,0,False,False,True
val/videos/2017-09-01_3-01-01/2017-09-01_3-01-01.mp4-bee_id_2466-61890-1.png,0,0,False,False,True
val/videos/2017-09-01_3-01-01/2017-09-01_3-01-01.mp4-bee_id_2467-62130-1.png,0,0,False,False,True
val/videos/2017-09-01_3-01-01/2017-09-01_3-01-01.mp4-bee_id_2468-62145-1.png,0,1,False,False,True
val/videos/2017-09-01_3-01-01/2017-09-01_3-01-01.mp4-bee_id_2469-62160-1.png,0,0,False,False,True
val/videos/2017-09-01_3-01-01/2017-09-01_3-01-01.mp4-bee_id_2470-62190-1.png,0,0,False,False,True
val/videos/2017-09-01_3-01-01/2017-09-01_3-01-01.mp4-bee_id_2471-62205-1.png,0,0,False,False,True
val/videos/2017-09-01_3-01-01/2017-09-01_3-01-01.mp4-bee_id_2472-62220-1.png,0,1,False,False,True
val/videos/2017-09-01_3-01-01/2017-09-01_3-01-01.mp4-bee_id_2473-62265-1.png,1,2,True,True,True
val/videos/2017-09-01_3-01-01/2017-09-01_3-01-01.mp4-bee_id_2474-62505-1.png,0,3,False,False,True
val/videos/2017-09-01_3-01-01/2017-09-01_3-01-01.mp4-bee_id_2475-62550-1.png,0,0,False,False,True
val/videos/2017-09-01_3-01-01/2017-09-01_3-01-01.mp4-bee_id_2476-62565-1.png,0,0,False,False,True
val/videos/2017-09-01_3-01-01/2017-09-01_3-01-01.mp4-bee_id_2477-62580-1.png,0,0,False,False,True
val/videos/2017-09-01_3-01-01/2017-09-01_3-01-01.mp4-bee_id_2478-62595-1.png,0,0,False,False,True
val/videos/2017-09-01_3-01-01/2017-09-01_3-01-01.mp4-bee_id_2479-62610-1.png,1,2,True,False,True
val/videos/2017-09-01_3-01-01/2017-09-01_3-01-01.mp4-bee_id_2480-62685-1.png,1,2,True,True,True
val/videos/2017-09-01_3-01-01/2017-09-01_3-01-01.mp4-bee_id_2481-62715-1.png,0,0,False,False,True
val/videos/2017-09-01_3-01-01/2017-09-01_3-01-01.mp4-bee_id_2482-62805-1.png,0,0,False,False,True
val/videos/2017-09-01_3-01-01/2017-09-01_3-01-01.mp4-bee_id_2483-62820-1.png,0,0,False,False,True
val/videos/2017-09-01_3-01-01/2017-09-01_3-01-01.mp4-bee_id_2484-62835-1.png,0,1,False,False,True
val/videos/2017-09-01_3-01-01/2017-09-01_3-01-01.mp4-bee_id_2485-62865-1.png,0,0,False,False,True
val/videos/2017-09-01_3-01-01/2017-09-01_3-01-01.mp4-bee_id_2487-62880-1.png,0,0,False,False,True
val/videos/2017-09-01_3-01-01/2017-09-01_3-01-01.mp4-bee_id_2488-62895-1.png,0,0,False,False,True
val/videos/2017-09-01_3-01-01/2017-09-01_3-01-01.mp4-bee_id_2489-63000-1.png,0,0,False,False,True
val/videos/2017-09-01_3-01-01/2017-09-01_3-01-01.mp4-bee_id_2490-63030-1.png,0,0,False,False,True
val/videos/2017-09-01_3-01-01/2017-09-01_3-01-01.mp4-bee_id_2491-63045-1.png,0,0,False,False,True
val/videos/2017-09-01_3-01-01/2017-09-01_3-01-01.mp4-bee_id_2492-63075-1.png,0,0,False,False,True
val/videos/2017-09-01_3-01-01/2017-09-01_3-01-01.mp4-bee_id_2493-63135-1.png,1,3,True,True,True
val/videos/2017-09-01_3-01-01/2017-09-01_3-01-01.mp4-bee_id_2494-63165-1.png,0,0,False,False,True
val/videos/2017-09-01_3-01-01/2017-09-01_3-01-01.mp4-bee_id_2495-63255-1.png,0,0,False,False,True
val/videos/2017-09-01_3-01-01/2017-09-01_3-01-01.mp4-bee_id_2496-63270-1.png,0,1,False,False,True
val/videos/2017-09-01_3-01-01/2017-09-01_3-01-01.mp4-bee_id_2497-63300-1.png,0,1,False,False,True
val/videos/2017-09-01_3-01-01/2017-09-01_3-01-01.mp4-bee_id_2498-63330-1.png,0,0,False,False,True
val/videos/2017-09-01_3-01-01/2017-09-01_3-01-01.mp4-bee_id_2499-63360-1.png,1,1,True,True,True
val/videos/2017-09-01_3-01-01/2017-09-01_3-01-01.mp4-bee_id_2500-63360-1.png,0,0,False,False,True
val/videos/2017-09-01_3-01-01/2017-09-01_3-01-01.mp4-bee_id_2501-63375-1.png,0,0,False,False,True
val/videos/2017-09-01_3-01-01/2017-09-01_3-01-01.mp4-bee_id_2502-63390-1.png,1,1,True,True,True
val/videos/2017-09-01_3-01-01/2017-09-01_3-01-01.mp4-bee_id_2503-63405-1.png,1,1,True,True,True
val/videos/2017-09-01_3-01-01/2017-09-01_3-01-01.mp4-bee_id_2504-63435-1.png,1,1,True,True,True
val/videos/2017-09-01_3-01-01/2017-09-01_3-01-01.mp4-bee_id_2505-63450-1.png,1,1,True,True,True
val/videos/2017-09-01_3-01-01/2017-09-01_3-01-01.mp4-bee_id_2506-63555-1.png,0,1,False,False,True
val/videos/2017-09-01_3-01-01/2017-09-01_3-01-01.mp4-bee_id_2507-63600-1.png,1,2,True,True,True
val/videos/2017-09-01_3-01-01/2017-09-01_3-01-01.mp4-bee_id_2508-63630-1.png,1,2,True,True,True
val/videos/2017-09-01_3-01-01/2017-09-01_3-01-01.mp4-bee_id_2509-63705-1.png,1,1,True,True,True
val/videos/2017-09-01_3-01-01/2017-09-01_3-01-01.mp4-bee_id_2510-63765-1.png,0,0,False,False,True
val/videos/2017-09-01_3-01-01/2017-09-01_3-01-01.mp4-bee_id_2511-63810-1.png,1,1,True,True,True
val/videos/2017-09-01_3-01-01/2017-09-01_3-01-01.mp4-bee_id_2512-63825-1.png,1,1,True,True,True
val/videos/2017-09-01_3-01-01/2017-09-01_3-01-01.mp4-bee_id_2513-63885-1.png,1,2,True,True,True
val/videos/2017-09-01_3-01-01/2017-09-01_3-01-01.mp4-bee_id_2514-63900-1.png,1,1,True,True,True
val/videos/2017-09-01_3-01-01/2017-09-01_3-01-01.mp4-bee_id_2515-63975-1.png,1,1,True,True,True
val/videos/2017-09-01_3-01-01/2017-09-01_3-01-01.mp4-bee_id_2516-64095-1.png,1,1,True,True,True
val/videos/2017-09-01_3-01-01/2017-09-01_3-01-01.mp4-bee_id_2517-64200-1.png,0,0,False,False,True
val/videos/2017-09-01_3-01-01/2017-09-01_3-01-01.mp4-bee_id_2518-64230-1.png,0,0,False,False,True
val/videos/2017-09-01_3-01-01/2017-09-01_3-01-01.mp4-bee_id_2519-64260-1.png,0,0,False,False,True
val/videos/2017-09-01_3-01-01/2017-09-01_3-01-01.mp4-bee_id_2520-64305-1.png,0,2,False,False,True
val/videos/2017-09-01_3-01-01/2017-09-01_3-01-01.mp4-bee_id_2521-64320-1.png,1,1,True,True,True
val/videos/2017-09-01_3-01-01/2017-09-01_3-01-01.mp4-bee_id_2522-64350-1.png,1,1,True,True,True
val/videos/2017-09-01_3-01-01/2017-09-01_3-01-01.mp4-bee_id_2523-64410-1.png,0,1,False,False,True
val/videos/2017-09-01_3-01-01/2017-09-01_3-01-01.mp4-bee_id_2524-64425-1.png,1,2,True,True,True
val/videos/2017-09-01_3-01-01/2017-09-01_3-01-01.mp4-bee_id_2525-64455-1.png,1,1,True,True,True
val/videos/2017-09-01_3-01-01/2017-09-01_3-01-01.mp4-bee_id_2526-64470-1.png,1,1,True,True,True
val/videos/2017-09-01_3-01-01/2017-09-01_3-01-01.mp4-bee_id_2527-64485-1.png,0,0,False,False,True
val/videos/2017-09-01_3-01-01/2017-09-01_3-01-01.mp4-bee_id_2528-64530-1.png,0,1,False,False,True
val/videos/2017-09-01_3-01-01/2017-09-01_3-01-01.mp4-bee_id_2529-64560-1.png,0,2,False,False,True
val/videos/2017-09-01_3-01-01/2017-09-01_3-01-01.mp4-bee_id_2530-64680-1.png,0,0,False,False,True
val/videos/2017-09-01_3-01-01/2017-09-01_3-01-01.mp4-bee_id_2531-64710-1.png,0,0,False,False,True
val/videos/2017-09-01_3-01-01/2017-09-01_3-01-01.mp4-bee_id_2532-64800-1.png,0,1,False,False,True
val/videos/2017-09-01_3-01-01/2017-09-01_3-01-01.mp4-bee_id_2533-64815-1.png,0,0,False,False,True
val/videos/2017-09-01_3-01-01/2017-09-01_3-01-01.mp4-bee_id_2534-64860-1.png,0,0,False,False,True
val/videos/2017-09-01_3-01-01/2017-09-01_3-01-01.mp4-bee_id_2535-64920-1.png,0,0,False,False,True
val/videos/2017-09-01_3-01-01/2017-09-01_3-01-01.mp4-bee_id_2536-64995-1.png,0,0,False,False,True
val/videos/2017-09-01_3-01-01/2017-09-01_3-01-01.mp4-bee_id_2537-65040-1.png,0,1,False,False,True
val/videos/2017-09-01_3-01-01/2017-09-01_3-01-01.mp4-bee_id_2538-65055-1.png,0,0,False,False,True
val/videos/2017-09-01_3-01-01/2017-09-01_3-01-01.mp4-bee_id_2539-65160-1.png,0,0,False,False,True
val/videos/2017-09-01_3-01-01/2017-09-01_3-01-01.mp4-bee_id_2540-65565-1.png,0,1,False,False,True
val/videos/2017-09-01_3-01-01/2017-09-01_3-01-01.mp4-bee_id_2541-65580-1.png,0,0,False,False,True
val/videos/2017-09-01_3-01-01/2017-09-01_3-01-01.mp4-bee_id_2542-65685-1.png,0,1,False,False,True
val/videos/2017-09-01_3-01-01/2017-09-01_3-01-01.mp4-bee_id_2543-65715-1.png,0,0,False,False,True
val/videos/2017-09-01_3-01-01/2017-09-01_3-01-01.mp4-bee_id_2544-65775-1.png,0,2,False,False,True
val/videos/2017-09-01_3-01-01/2017-09-01_3-01-01.mp4-bee_id_2545-65820-1.png,0,1,False,False,True
val/videos/2017-09-01_3-01-01/2017-09-01_3-01-01.mp4-bee_id_2546-65835-1.png,0,0,False,False,True
val/videos/2017-09-01_3-01-01/2017-09-01_3-01-01.mp4-bee_id_2547-65865-1.png,0,0,False,False,True
val/videos/2017-09-01_3-01-01/2017-09-01_3-01-01.mp4-bee_id_2548-65910-1.png,0,1,False,False,True
val/videos/2017-09-01_3-01-01/2017-09-01_3-01-01.mp4-bee_id_2549-65940-1.png,0,0,False,False,True
val/videos/2017-09-01_3-01-01/2017-09-01_3-01-01.mp4-bee_id_2550-66045-1.png,0,0,False,False,True
val/videos/2017-09-01_3-01-01/2017-09-01_3-01-01.mp4-bee_id_2551-66510-1.png,0,0,False,False,True
val/videos/2017-09-01_3-01-01/2017-09-01_3-01-01.mp4-bee_id_2552-66510-1.png,1,3,True,True,True
val/videos/2017-09-01_3-01-01/2017-09-01_3-01-01.mp4-bee_id_2553-66810-1.png,0,1,False,False,True
val/videos/2017-09-01_3-01-01/2017-09-01_3-01-01.mp4-bee_id_2555-67170-1.png,0,0,False,False,True
val/videos/2017-09-01_3-01-01/2017-09-01_3-01-01.mp4-bee_id_2557-68550-1.png,0,1,False,False,True
val/videos/2017-09-01_3-01-01/2017-09-01_3-01-01.mp4-bee_id_2558-68565-1.png,0,1,False,False,True
val/videos/2017-09-01_3-01-01/2017-09-01_3-01-01.mp4-bee_id_2559-68565-1.png,1,3,True,True,True
val/videos/2017-09-01_3-01-01/2017-09-01_3-01-01.mp4-bee_id_2560-69270-1.png,1,2,True,True,True
val/videos/2017-09-01_3-01-01/2017-09-01_3-01-01.mp4-bee_id_2561-69375-1.png,0,3,False,False,True
val/videos/2017-09-01_3-01-01/2017-09-01_3-01-01.mp4-bee_id_2562-69390-1.png,0,1,False,False,True
val/videos/2017-09-01_3-01-01/2017-09-01_3-01-01.mp4-bee_id_2563-70035-1.png,0,1,False,False,True
val/videos/2017-09-01_3-01-01/2017-09-01_3-01-01.mp4-bee_id_2564-70170-1.png,1,2,True,True,True
val/videos/2017-09-01_3-01-01/2017-09-01_3-01-01.mp4-bee_id_2565-70485-1.png,1,3,True,True,True
val/videos/2017-09-01_3-01-01/2017-09-01_3-01-01.mp4-bee_id_2566-70830-1.png,1,2,True,True,True
val/videos/2017-09-01_3-01-01/2017-09-01_3-01-01.mp4-bee_id_2567-72615-1.png,0,1,False,False,True
val/videos/2017-09-01_3-01-01/2017-09-01_3-01-01.mp4-bee_id_2568-72780-1.png,0,0,False,False,True
val/videos/2017-09-01_3-01-01/2017-09-01_3-01-01.mp4-bee_id_2569-72900-1.png,0,0,False,False,True
val/videos/2017-09-01_3-01-01/2017-09-01_3-01-01.mp4-bee_id_2570-72960-1.png,0,1,False,False,True
val/videos/2017-09-01_3-01-01/2017-09-01_3-01-01.mp4-bee_id_2571-73050-1.png,0,2,False,False,True
val/videos/2017-09-01_3-01-01/2017-09-01_3-01-01.mp4-bee_id_2572-73155-1.png,0,0,False,False,True
val/videos/2017-09-01_3-01-01/2017-09-01_3-01-01.mp4-bee_id_2573-74295-1.png,0,0,False,False,True
val/videos/2017-09-01_3-01-01/2017-09-01_3-01-01.mp4-bee_id_2574-74340-1.png,0,0,False,False,True
val/videos/2017-09-01_3-01-01/2017-09-01_3-01-01.mp4-bee_id_2575-74355-1.png,0,1,False,False,True
val/videos/2017-09-01_3-01-01/2017-09-01_3-01-01.mp4-bee_id_2576-74430-1.png,0,0,False,False,True
val/videos/2017-09-01_3-01-01/2017-09-01_3-01-01.mp4-bee_id_2577-74460-1.png,0,2,False,False,True
val/videos/2017-09-01_3-01-01/2017-09-01_3-01-01.mp4-bee_id_2578-74865-1.png,1,4,True,True,True
val/videos/2017-09-01_3-01-01/2017-09-01_3-01-01.mp4-bee_id_2579-79020-1.png,0,0,False,False,True
val/videos/2017-09-01_3-01-01/2017-09-01_3-01-01.mp4-bee_id_2580-79065-1.png,0,0,False,False,True
val/videos/2017-09-01_3-01-01/2017-09-01_3-01-01.mp4-bee_id_2581-79380-1.png,0,2,False,False,True
val/videos/2017-09-01_3-01-01/2017-09-01_3-01-01.mp4-bee_id_2582-80925-1.png,0,0,False,False,True
val/videos/2017-09-01_3-01-01/2017-09-01_3-01-01.mp4-bee_id_2583-81000-1.png,0,0,False,False,True
val/videos/2017-09-01_3-01-01/2017-09-01_3-01-01.mp4-bee_id_2584-81135-1.png,0,0,False,False,True
val/videos/2017-09-01_3-01-01/2017-09-01_3-01-01.mp4-bee_id_2585-81225-1.png,0,0,False,False,True
val/videos/2017-09-01_3-01-01/2017-09-01_3-01-01.mp4-bee_id_2586-81285-1.png,0,0,False,False,True
val/videos/2017-09-01_3-01-01/2017-09-01_3-01-01.mp4-bee_id_2587-81315-1.png,0,0,False,False,True
val/videos/2017-09-01_3-01-01/2017-09-01_3-01-01.mp4-bee_id_2588-81675-1.png,1,2,True,True,True
val/videos/2017-09-01_3-01-01/2017-09-01_3-01-01.mp4-bee_id_2589-81840-1.png,0,1,False,False,True
val/videos/2017-09-01_3-01-01/2017-09-01_3-01-01.mp4-bee_id_2590-81855-1.png,0,0,False,False,True
val/videos/2017-09-01_3-01-01/2017-09-01_3-01-01.mp4-bee_id_2591-81870-1.png,0,1,False,False,True
val/videos/2017-09-01_3-01-01/2017-09-01_3-01-01.mp4-bee_id_2592-81990-1.png,0,0,False,False,True
val/videos/2017-09-01_3-01-01/2017-09-01_3-01-01.mp4-bee_id_2593-82200-1.png,1,3,True,True,True
val/videos/2017-09-01_3-01-01/2017-09-01_3-01-01.mp4-bee_id_2594-82305-1.png,1,3,True,True,True
val/videos/2017-09-01_3-01-01/2017-09-01_3-01-01.mp4-bee_id_2595-82950-1.png,0,1,False,False,True
val/videos/2017-09-01_3-01-01/2017-09-01_3-01-01.mp4-bee_id_2596-82965-1.png,0,1,False,False,True
val/videos/2017-09-01_3-01-01/2017-09-01_3-01-01.mp4-bee_id_2597-82980-1.png,0,0,False,False,True
val/videos/2017-09-01_3-01-01/2017-09-01_3-01-01.mp4-bee_id_2598-83010-1.png,0,1,False,False,True
val/videos/2017-09-01_3-01-01/2017-09-01_3-01-01.mp4-bee_id_2599-83070-1.png,0,0,False,False,True
val/videos/2017-09-01_3-01-01/2017-09-01_3-01-01.mp4-bee_id_2600-83550-1.png,0,0,False,False,True
val/videos/2017-09-01_3-01-01/2017-09-01_3-01-01.mp4-bee_id_2601-83700-1.png,0,0,False,False,True
val/videos/2017-09-01_3-01-01/2017-09-01_3-01-01.mp4-bee_id_2602-83715-1.png,0,0,False,False,True
val/videos/2017-09-01_3-01-01/2017-09-01_3-01-01.mp4-bee_id_2603-83805-1.png,0,0,False,False,True
val/videos/2017-09-01_3-01-01/2017-09-01_3-01-01.mp4-bee_id_2604-84210-1.png,1,1,True,True,True
val/videos/2017-09-01_3-01-01/2017-09-01_3-01-01.mp4-bee_id_2605-84345-1.png,0,0,False,False,True
val/videos/2017-09-01_3-01-01/2017-09-01_3-01-01.mp4-bee_id_2606-84390-1.png,0,2,False,False,True
val/videos/2017-09-01_3-01-01/2017-09-01_3-01-01.mp4-bee_id_2607-84480-1.png,0,1,False,False,True
val/videos/2017-09-01_3-01-01/2017-09-01_3-01-01.mp4-bee_id_2608-84525-1.png,0,0,False,False,True
val/videos/2017-09-01_3-01-01/2017-09-01_3-01-01.mp4-bee_id_2609-84600-1.png,0,3,False,False,True
val/videos/2017-09-01_3-01-01/2017-09-01_3-01-01.mp4-bee_id_2610-84675-1.png,0,1,False,False,True
val/videos/2017-09-01_3-01-01/2017-09-01_3-01-01.mp4-bee_id_2611-84690-1.png,0,0,False,False,True
val/videos/2017-09-01_3-01-01/2017-09-01_3-01-01.mp4-bee_id_2612-84840-1.png,0,0,False,False,True
val/videos/2017-09-01_3-01-01/2017-09-01_3-01-01.mp4-bee_id_2613-84855-1.png,0,0,False,False,True
val/videos/2017-09-01_3-01-01/2017-09-01_3-01-01.mp4-bee_id_2614-84930-1.png,0,0,False,False,True
val/videos/2017-09-01_3-01-01/2017-09-01_3-01-01.mp4-bee_id_2615-84945-1.png,0,0,False,False,True
val/videos/2017-09-01_3-01-01/2017-09-01_3-01-01.mp4-bee_id_2616-84960-1.png,0,0,False,False,True
val/videos/2017-09-01_3-01-01/2017-09-01_3-01-01.mp4-bee_id_2617-85020-1.png,0,0,False,False,True
val/videos/2017-09-01_3-01-01/2017-09-01_3-01-01.mp4-bee_id_2618-85035-1.png,0,0,False,False,True
val/videos/2017-09-01_3-01-01/2017-09-01_3-01-01.mp4-bee_id_2619-85080-1.png,0,0,False,False,True
val/videos/2017-09-01_3-01-01/2017-09-01_3-01-01.mp4-bee_id_2620-85125-1.png,0,0,False,False,True
val/videos/2017-09-01_3-01-01/2017-09-01_3-01-01.mp4-bee_id_2621-85290-1.png,0,0,False,False,True
val/videos/2017-09-01_3-01-01/2017-09-01_3-01-01.mp4-bee_id_2622-85305-1.png,0,0,False,False,True
val/videos/2017-09-01_3-01-01/2017-09-01_3-01-01.mp4-bee_id_2623-85335-1.png,0,0,False,False,True
val/videos/2017-09-01_3-01-01/2017-09-01_3-01-01.mp4-bee_id_2624-85350-1.png,0,0,False,False,True
val/videos/2017-09-01_3-01-01/2017-09-01_3-01-01.mp4-bee_id_2625-85380-1.png,0,0,False,False,True
val/videos/2017-09-01_3-01-01/2017-09-01_3-01-01.mp4-bee_id_2626-85395-1.png,0,0,False,False,True
val/videos/2017-09-01_3-01-01/2017-09-01_3-01-01.mp4-bee_id_2627-85500-1.png,0,0,False,False,True
val/videos/2017-09-01_3-01-01/2017-09-01_3-01-01.mp4-bee_id_2628-85590-1.png,0,0,False,False,True
val/videos/2017-09-01_3-01-01/2017-09-01_3-01-01.mp4-bee_id_2629-85650-1.png,0,1,False,False,True
val/videos/2017-09-01_3-01-01/2017-09-01_3-01-01.mp4-bee_id_2630-85755-1.png,1,1,True,True,True
val/videos/2017-09-01_3-01-01/2017-09-01_3-01-01.mp4-bee_id_2631-85755-1.png,1,1,True,True,True
val/videos/2017-09-01_3-01-01/2017-09-01_3-01-01.mp4-bee_id_2632-85770-1.png,0,0,False,False,True
val/videos/2017-09-01_3-01-01/2017-09-01_3-01-01.mp4-bee_id_2633-85815-1.png,0,0,False,False,True
val/videos/2017-09-01_3-01-01/2017-09-01_3-01-01.mp4-bee_id_2634-85830-1.png,0,0,False,False,True
val/videos/2017-09-01_3-01-01/2017-09-01_3-01-01.mp4-bee_id_2635-85845-1.png,0,0,False,False,True
val/videos/2017-09-01_3-01-01/2017-09-01_3-01-01.mp4-bee_id_2636-85860-1.png,0,0,False,False,True
val/videos/2017-09-01_3-01-01/2017-09-01_3-01-01.mp4-bee_id_2637-85875-1.png,0,1,False,False,True
val/videos/2017-09-01_3-01-01/2017-09-01_3-01-01.mp4-bee_id_2638-85890-1.png,0,0,False,False,True
val/videos/2017-09-01_3-01-01/2017-09-01_3-01-01.mp4-bee_id_2639-85920-1.png,0,1,False,False,True
val/videos/2017-09-01_3-01-01/2017-09-01_3-01-01.mp4-bee_id_2640-85935-1.png,0,0,False,False,True
val/videos/2017-09-01_3-01-01/2017-09-01_3-01-01.mp4-bee_id_2641-85965-1.png,0,0,False,False,True
val/videos/2017-09-01_3-01-01/2017-09-01_3-01-01.mp4-bee_id_2642-85980-1.png,0,0,False,False,True
val/videos/2017-09-01_3-01-01/2017-09-01_3-01-01.mp4-bee_id_2643-86040-1.png,0,2,False,False,True
val/videos/2017-09-01_3-01-01/2017-09-01_3-01-01.mp4-bee_id_2644-86100-1.png,0,1,False,False,True
val/videos/2017-09-01_3-01-01/2017-09-01_3-01-01.mp4-bee_id_2645-86130-1.png,0,0,False,False,True
val/videos/2017-09-01_3-01-01/2017-09-01_3-01-01.mp4-bee_id_2646-86160-1.png,1,1,True,True,True
val/videos/2017-09-01_3-01-01/2017-09-01_3-01-01.mp4-bee_id_2647-86235-1.png,0,0,False,False,True
val/videos/2017-09-01_3-01-01/2017-09-01_3-01-01.mp4-bee_id_2648-86265-1.png,0,0,False,False,True
val/videos/2017-09-01_3-01-01/2017-09-01_3-01-01.mp4-bee_id_2649-86280-1.png,0,0,False,False,True
val/videos/2017-09-01_3-01-01/2017-09-01_3-01-01.mp4-bee_id_2650-86295-1.png,0,0,False,False,True
val/videos/2017-09-01_3-01-01/2017-09-01_3-01-01.mp4-bee_id_2651-86370-1.png,0,0,False,False,True
val/videos/2017-09-01_3-01-01/2017-09-01_3-01-01.mp4-bee_id_2652-86415-1.png,0,0,False,False,True
val/videos/2017-09-01_3-01-01/2017-09-01_3-01-01.mp4-bee_id_2653-86445-1.png,0,0,False,False,True
val/videos/2017-09-01_3-01-01/2017-09-01_3-01-01.mp4-bee_id_2654-86565-1.png,0,0,False,False,True
val/videos/2017-09-01_3-01-01/2017-09-01_3-01-01.mp4-bee_id_2655-86595-1.png,0,0,False,False,True
val/videos/2017-09-01_3-01-01/2017-09-01_3-01-01.mp4-bee_id_2656-86610-1.png,0,0,False,False,True
val/videos/2017-09-01_3-01-01/2017-09-01_3-01-01.mp4-bee_id_2657-86640-1.png,0,0,False,False,True
val/videos/2017-09-01_3-01-01/2017-09-01_3-01-01.mp4-bee_id_2658-86655-1.png,0,0,False,False,True
val/videos/2017-09-01_3-01-01/2017-09-01_3-01-01.mp4-bee_id_2659-86670-1.png,0,0,False,False,True
val/videos/2017-09-01_3-01-01/2017-09-01_3-01-01.mp4-bee_id_2660-86685-1.png,0,0,False,False,True
val/videos/2017-09-01_3-01-01/2017-09-01_3-01-01.mp4-bee_id_2661-86700-1.png,0,0,False,False,True
val/videos/2017-09-01_3-01-01/2017-09-01_3-01-01.mp4-bee_id_2662-86715-1.png,0,1,False,False,True
val/videos/2017-09-01_3-01-01/2017-09-01_3-01-01.mp4-bee_id_2663-86730-1.png,0,1,False,False,True
val/videos/2017-09-01_3-01-01/2017-09-01_3-01-01.mp4-bee_id_2664-86745-1.png,0,0,False,False,True
val/videos/2017-09-01_3-01-01/2017-09-01_3-01-01.mp4-bee_id_2665-86910-1.png,0,0,False,False,True
val/videos/2017-09-01_3-01-01/2017-09-01_3-01-01.mp4-bee_id_2666-87105-1.png,0,0,False,False,True
val/videos/2017-09-01_3-01-01/2017-09-01_3-01-01.mp4-bee_id_2667-87120-1.png,0,0,False,False,True
val/videos/2017-09-01_3-01-01/2017-09-01_3-01-01.mp4-bee_id_2668-87135-1.png,1,1,True,True,True
val/videos/2017-09-01_3-01-01/2017-09-01_3-01-01.mp4-bee_id_2669-87195-1.png,0,0,False,False,True
val/videos/2017-09-01_3-01-01/2017-09-01_3-01-01.mp4-bee_id_2670-87345-1.png,1,1,True,True,True
val/videos/2017-09-01_3-01-01/2017-09-01_3-01-01.mp4-bee_id_2671-87345-1.png,0,0,False,False,True
val/videos/2017-09-01_3-01-01/2017-09-01_3-01-01.mp4-bee_id_2672-87345-1.png,1,3,True,True,True
val/videos/2017-09-01_3-01-01/2017-09-01_3-01-01.mp4-bee_id_2673-87360-1.png,0,0,False,False,True
val/videos/2017-09-01_3-01-01/2017-09-01_3-01-01.mp4-bee_id_2674-87390-1.png,0,0,False,False,True
val/videos/2017-09-01_3-01-01/2017-09-01_3-01-01.mp4-bee_id_2675-87465-1.png,0,0,False,False,True
val/videos/2017-09-01_3-01-01/2017-09-01_3-01-01.mp4-bee_id_2676-87690-1.png,0,2,False,False,True
val/videos/2017-09-01_3-01-01/2017-09-01_3-01-01.mp4-bee_id_2677-87750-1.png,1,1,True,False,True
val/videos/2017-09-01_3-01-01/2017-09-01_3-01-01.mp4-bee_id_2678-88005-1.png,0,0,False,False,True
val/videos/2017-09-01_3-01-01/2017-09-01_3-01-01.mp4-bee_id_2679-88080-1.png,0,0,False,False,True
val/videos/2017-09-01_3-01-01/2017-09-01_3-01-01.mp4-bee_id_2680-88095-1.png,0,0,False,False,True
val/videos/2017-09-01_3-01-01/2017-09-01_3-01-01.mp4-bee_id_2681-88335-1.png,1,1,True,True,True
val/videos/2017-09-01_3-01-01/2017-09-01_3-01-01.mp4-bee_id_2682-88830-1.png,0,0,False,False,True
val/videos/2017-09-01_3-01-01/2017-09-01_3-01-01.mp4-bee_id_2683-88905-1.png,0,0,False,False,True
val/videos/2017-09-01_3-01-01/2017-09-01_3-01-01.mp4-bee_id_2684-88935-1.png,0,1,False,False,True
val/videos/2017-09-01_3-01-01/2017-09-01_3-01-01.mp4-bee_id_2685-89280-1.png,0,0,False,False,True
val/videos/2017-09-01_3-01-01/2017-09-01_3-01-01.mp4-bee_id_2686-89355-1.png,1,3,True,True,True
val/videos/2017-09-01_3-01-01/2017-09-01_3-01-01.mp4-bee_id_2687-89430-1.png,0,0,False,False,True
val/videos/2017-09-01_3-01-01/2017-09-01_3-01-01.mp4-bee_id_2688-89475-1.png,0,0,False,False,True
val/videos/2017-09-01_3-01-01/2017-09-01_3-01-01.mp4-bee_id_2689-89490-1.png,0,0,False,False,True
val/videos/2017-09-01_3-01-01/2017-09-01_3-01-01.mp4-bee_id_2690-89535-1.png,0,0,False,False,True
val/videos/2017-09-01_3-01-01/2017-09-01_3-01-01.mp4-bee_id_2691-89565-1.png,0,0,False,False,True
val/videos/2017-09-01_3-01-01/2017-09-01_3-01-01.mp4-bee_id_2692-89655-1.png,0,0,False,False,True
val/videos/2017-09-01_3-01-01/2017-09-01_3-01-01.mp4-bee_id_2693-89775-1.png,0,1,False,False,True
val/videos/2017-09-01_3-01-01/2017-09-01_3-01-01.mp4-bee_id_2694-89790-1.png,0,0,False,False,True
val/videos/2017-09-01_3-01-01/2017-09-01_3-01-01.mp4-bee_id_2695-90225-1.png,0,1,False,False,True
val/videos/2017-09-01_3-01-01/2017-09-01_3-01-01.mp4-bee_id_2696-90360-1.png,1,2,True,True,True
val/videos/2017-09-01_3-01-01/2017-09-01_3-01-01.mp4-bee_id_2697-90450-1.png,1,2,True,True,True
val/videos/2017-09-01_3-01-01/2017-09-01_3-01-01.mp4-bee_id_2698-90585-1.png,0,0,False,False,True
val/videos/2017-09-01_3-01-01/2017-09-01_3-01-01.mp4-bee_id_2699-90600-1.png,1,1,True,True,True
val/videos/2017-09-01_3-01-01/2017-09-01_3-01-01.mp4-bee_id_2700-90600-1.png,0,0,False,False,True
val/videos/2017-09-01_3-01-01/2017-09-01_3-01-01.mp4-bee_id_2701-90870-1.png,1,1,True,True,True
val/videos/2017-09-01_3-01-01/2017-09-01_3-01-01.mp4-bee_id_2702-90990-1.png,1,2,True,True,True
val/videos/2017-09-01_3-01-01/2017-09-01_3-01-01.mp4-bee_id_2703-91140-1.png,0,0,False,False,True
val/videos/2017-09-01_3-01-01/2017-09-01_3-01-01.mp4-bee_id_2704-91155-1.png,1,1,True,True,True
val/videos/2017-09-01_3-01-01/2017-09-01_3-01-01.mp4-bee_id_2705-91200-1.png,0,1,False,False,True
val/videos/2017-09-01_3-01-01/2017-09-01_3-01-01.mp4-bee_id_2706-91215-1.png,0,1,False,False,True
val/videos/2017-09-01_3-01-01/2017-09-01_3-01-01.mp4-bee_id_2707-91230-1.png,0,0,False,False,True
val/videos/2017-09-01_3-01-01/2017-09-01_3-01-01.mp4-bee_id_2708-91290-1.png,0,0,False,False,True
val/videos/2017-09-01_3-01-01/2017-09-01_3-01-01.mp4-bee_id_2709-91305-1.png,0,2,False,False,True
val/videos/2017-09-01_3-01-01/2017-09-01_3-01-01.mp4-bee_id_2710-91320-1.png,0,1,False,False,True
val/videos/2017-09-01_3-01-01/2017-09-01_3-01-01.mp4-bee_id_2711-91335-1.png,0,0,False,False,True
val/videos/2017-09-01_3-01-01/2017-09-01_3-01-01.mp4-bee_id_2712-91365-1.png,0,0,False,False,True
val/videos/2017-09-01_3-01-01/2017-09-01_3-01-01.mp4-bee_id_2713-91380-1.png,0,0,False,False,True
val/videos/2017-09-01_3-01-01/2017-09-01_3-01-01.mp4-bee_id_2714-91440-1.png,0,0,False,False,True
val/videos/2017-09-01_3-01-01/2017-09-01_3-01-01.mp4-bee_id_2715-91485-1.png,0,2,False,False,True
val/videos/2017-09-01_3-01-01/2017-09-01_3-01-01.mp4-bee_id_2716-91800-1.png,0,0,False,False,True
val/videos/2017-09-01_3-01-01/2017-09-01_3-01-01.mp4-bee_id_2717-91815-1.png,0,0,False,False,True
val/videos/2017-09-01_3-01-01/2017-09-01_3-01-01.mp4-bee_id_2718-91845-1.png,0,0,False,False,True
val/videos/2017-09-01_3-01-01/2017-09-01_3-01-01.mp4-bee_id_2719-91875-1.png,0,0,False,False,True
val/videos/2017-09-01_3-01-01/2017-09-01_3-01-01.mp4-bee_id_2720-91890-1.png,0,0,False,False,True
val/videos/2017-09-01_3-01-01/2017-09-01_3-01-01.mp4-bee_id_2721-91935-1.png,0,1,False,False,True
val/videos/2017-09-01_3-01-01/2017-09-01_3-01-01.mp4-bee_id_2722-91950-1.png,0,0,False,False,True
val/videos/2017-09-01_3-01-01/2017-09-01_3-01-01.mp4-bee_id_2723-91980-1.png,0,0,False,False,True
val/videos/2017-09-01_3-01-01/2017-09-01_3-01-01.mp4-bee_id_2724-92010-1.png,1,0,True,False,True
val/videos/2017-09-01_3-01-01/2017-09-01_3-01-01.mp4-bee_id_2725-92070-1.png,0,1,False,False,True
val/videos/2017-09-01_3-01-01/2017-09-01_3-01-01.mp4-bee_id_2726-92280-1.png,0,2,False,False,True
val/videos/2017-09-01_3-01-01/2017-09-01_3-01-01.mp4-bee_id_2727-92325-1.png,0,0,False,False,True
val/videos/2017-09-01_3-01-01/2017-09-01_3-01-01.mp4-bee_id_2728-92415-1.png,0,0,False,False,True
val/videos/2017-09-01_3-01-01/2017-09-01_3-01-01.mp4-bee_id_2729-92610-1.png,0,2,False,False,True
val/videos/2017-09-01_3-01-01/2017-09-01_3-01-01.mp4-bee_id_2730-92805-1.png,1,1,True,False,True
val/videos/2017-09-01_3-01-01/2017-09-01_3-01-01.mp4-bee_id_2731-92940-1.png,0,0,False,False,True
val/videos/2017-09-01_3-01-01/2017-09-01_3-01-01.mp4-bee_id_2732-93045-1.png,1,1,True,True,True
val/videos/2017-09-01_3-01-01/2017-09-01_3-01-01.mp4-bee_id_2733-93090-1.png,1,2,True,True,True
val/videos/2017-09-01_3-01-01/2017-09-01_3-01-01.mp4-bee_id_2734-93360-1.png,1,1,True,True,True
val/videos/2017-09-01_3-01-01/2017-09-01_3-01-01.mp4-bee_id_2735-93510-1.png,1,1,True,True,True
val/videos/2017-09-01_3-01-01/2017-09-01_3-01-01.mp4-bee_id_2736-93660-1.png,1,2,True,True,True
val/videos/2017-09-01_3-01-01/2017-09-01_3-01-01.mp4-bee_id_2737-94425-1.png,1,3,True,True,True
val/videos/2017-09-01_3-01-01/2017-09-01_3-01-01.mp4-bee_id_2738-96915-1.png,1,2,True,True,True
val/videos/2017-09-01_3-01-01/2017-09-01_3-01-01.mp4-bee_id_2739-97260-1.png,0,0,False,False,True
val/videos/2017-09-01_3-01-01/2017-09-01_3-01-01.mp4-bee_id_2740-97260-1.png,1,1,True,True,True
val/videos/2017-09-01_3-01-01/2017-09-01_3-01-01.mp4-bee_id_2741-97770-1.png,1,2,True,True,True
val/videos/2017-09-01_3-01-01/2017-09-01_3-01-01.mp4-bee_id_2742-97770-1.png,1,1,True,True,True
val/videos/2017-09-01_3-01-01/2017-09-01_3-01-01.mp4-bee_id_2743-98010-1.png,1,2,True,True,True
val/videos/2017-09-01_3-01-01/2017-09-01_3-01-01.mp4-bee_id_2744-98925-1.png,1,2,True,True,True
val/videos/2017-09-01_3-01-01/2017-09-01_3-01-01.mp4-bee_id_2745-99390-1.png,1,3,True,True,True
val/videos/2017-09-01_3-01-01/2017-09-01_3-01-01.mp4-bee_id_2746-99735-1.png,1,2,True,True,True
val/videos/2017-09-01_3-01-01/2017-09-01_3-01-01.mp4-bee_id_2747-100710-1.png,1,1,True,True,True
val/videos/2017-09-01_3-01-01/2017-09-01_3-01-01.mp4-bee_id_2748-100920-1.png,0,2,False,False,True
val/videos/2017-09-01_3-01-01/2017-09-01_3-01-01.mp4-bee_id_2749-101610-1.png,1,3,True,True,True
val/videos/2017-09-01_3-01-01/2017-09-01_3-01-01.mp4-bee_id_2750-102435-1.png,0,0,False,False,True
val/videos/2017-09-01_3-01-01/2017-09-01_3-01-01.mp4-bee_id_2751-102795-1.png,1,1,True,True,True
val/videos/2017-09-01_3-01-01/2017-09-01_3-01-01.mp4-bee_id_2752-102900-1.png,1,2,True,True,True
val/videos/2017-09-01_3-01-01/2017-09-01_3-01-01.mp4-bee_id_2753-103185-1.png,0,0,False,False,True
val/videos/2017-09-01_3-01-01/2017-09-01_3-01-01.mp4-bee_id_2754-103185-1.png,0,0,False,False,True
val/videos/2017-09-01_3-01-01/2017-09-01_3-01-01.mp4-bee_id_2755-103830-1.png,1,1,True,True,True
val/videos/2017-09-01_3-01-01/2017-09-01_3-01-01.mp4-bee_id_2756-103950-1.png,1,1,True,True,True
val/videos/2017-09-01_3-01-01/2017-09-01_3-01-01.mp4-bee_id_2757-104010-1.png,1,2,True,True,True
val/videos/2017-09-01_3-01-01/2017-09-01_3-01-01.mp4-bee_id_2758-104055-1.png,0,2,False,False,True
val/videos/2017-09-01_3-01-01/2017-09-01_3-01-01.mp4-bee_id_2760-104625-1.png,1,2,True,True,True
val/videos/2017-09-01_3-01-01/2017-09-01_3-01-01.mp4-bee_id_2761-104625-1.png,1,2,True,True,True
val/videos/2017-09-01_3-01-01/2017-09-01_3-01-01.mp4-bee_id_2762-105585-1.png,1,2,True,True,True
val/videos/2017-09-01_3-01-01/2017-09-01_3-01-01.mp4-bee_id_2763-105645-1.png,1,1,True,True,True
val/videos/2017-09-01_3-01-01/2017-09-01_3-01-01.mp4-bee_id_2765-105975-1.png,0,2,False,False,True
val/videos/2017-09-01_3-01-01/2017-09-01_3-01-01.mp4-bee_id_2766-106095-1.png,1,2,True,True,True
val/videos/2017-09-01_3-01-01/2017-09-01_3-01-01.mp4-bee_id_2767-106155-1.png,1,0,True,False,True
val/videos/2017-09-25_16-03-38/2017-09-25_16-03-38.mp4-bee_id_1216-40905-1.png,0,2,False,False,True
val/videos/2017-09-25_16-03-38/2017-09-25_16-03-38.mp4-bee_id_1217-40950-1.png,0,0,False,False,True
val/videos/2017-09-25_16-03-38/2017-09-25_16-03-38.mp4-bee_id_1218-40965-1.png,0,2,False,False,True
val/videos/2017-09-25_16-03-38/2017-09-25_16-03-38.mp4-bee_id_1219-41010-1.png,0,1,False,False,True
val/videos/2017-09-25_16-03-38/2017-09-25_16-03-38.mp4-bee_id_1220-41055-1.png,1,2,True,False,True
val/videos/2017-09-25_16-03-38/2017-09-25_16-03-38.mp4-bee_id_1221-41070-1.png,0,0,False,False,True
val/videos/2017-09-25_16-03-38/2017-09-25_16-03-38.mp4-bee_id_1222-41070-1.png,0,1,False,False,True
val/videos/2017-09-25_16-03-38/2017-09-25_16-03-38.mp4-bee_id_1223-41085-1.png,0,0,False,False,True
val/videos/2017-09-25_16-03-38/2017-09-25_16-03-38.mp4-bee_id_1224-41085-1.png,0,0,False,False,True
val/videos/2017-09-25_16-03-38/2017-09-25_16-03-38.mp4-bee_id_1225-41085-1.png,0,0,False,False,True
val/videos/2017-09-25_16-03-38/2017-09-25_16-03-38.mp4-bee_id_1226-41100-1.png,0,0,False,False,True
val/videos/2017-09-25_16-03-38/2017-09-25_16-03-38.mp4-bee_id_1227-41130-1.png,0,0,False,False,True
val/videos/2017-09-25_16-03-38/2017-09-25_16-03-38.mp4-bee_id_1228-41160-1.png,0,0,False,False,True
val/videos/2017-09-25_16-03-38/2017-09-25_16-03-38.mp4-bee_id_1229-41175-1.png,0,0,False,False,True
val/videos/2017-09-25_16-03-38/2017-09-25_16-03-38.mp4-bee_id_1230-41175-1.png,0,0,False,False,True
val/videos/2017-09-25_16-03-38/2017-09-25_16-03-38.mp4-bee_id_1231-41340-1.png,0,1,False,False,True
val/videos/2017-09-25_16-03-38/2017-09-25_16-03-38.mp4-bee_id_1234-41400-1.png,1,1,True,True,True
val/videos/2017-09-25_16-03-38/2017-09-25_16-03-38.mp4-bee_id_1235-41400-1.png,1,0,True,False,True
val/videos/2017-09-25_16-03-38/2017-09-25_16-03-38.mp4-bee_id_1236-41415-1.png,0,0,False,False,True
val/videos/2017-09-25_16-03-38/2017-09-25_16-03-38.mp4-bee_id_1237-41415-1.png,0,1,False,False,True
val/videos/2017-09-25_16-03-38/2017-09-25_16-03-38.mp4-bee_id_1238-41445-1.png,0,1,False,False,True
val/videos/2017-09-25_16-03-38/2017-09-25_16-03-38.mp4-bee_id_1239-41460-1.png,0,0,False,False,True
val/videos/2017-09-25_16-03-38/2017-09-25_16-03-38.mp4-bee_id_1240-41505-1.png,0,0,False,False,True
val/videos/2017-09-25_16-03-38/2017-09-25_16-03-38.mp4-bee_id_1242-41595-1.png,0,0,False,False,True
val/videos/2017-09-25_16-03-38/2017-09-25_16-03-38.mp4-bee_id_1243-41640-1.png,1,2,True,True,True
val/videos/2017-09-25_16-03-38/2017-09-25_16-03-38.mp4-bee_id_1244-41655-1.png,0,0,False,False,True
val/videos/2017-09-25_16-03-38/2017-09-25_16-03-38.mp4-bee_id_1245-41670-1.png,0,1,False,False,True
val/videos/2017-09-25_16-03-38/2017-09-25_16-03-38.mp4-bee_id_1246-41700-1.png,0,1,False,False,True
val/videos/2017-09-25_16-03-38/2017-09-25_16-03-38.mp4-bee_id_1247-41730-1.png,0,1,False,False,True
val/videos/2017-09-25_16-03-38/2017-09-25_16-03-38.mp4-bee_id_1248-41745-1.png,0,0,False,False,True
val/videos/2017-09-25_16-03-38/2017-09-25_16-03-38.mp4-bee_id_1249-41790-1.png,0,1,False,False,True
val/videos/2017-09-25_16-03-38/2017-09-25_16-03-38.mp4-bee_id_1250-41790-1.png,0,3,False,False,True
val/videos/2017-09-25_16-03-38/2017-09-25_16-03-38.mp4-bee_id_1251-41820-1.png,0,1,False,False,True
val/videos/2017-09-25_16-03-38/2017-09-25_16-03-38.mp4-bee_id_1252-41835-1.png,0,1,False,False,True
val/videos/2017-09-25_16-03-38/2017-09-25_16-03-38.mp4-bee_id_1254-41940-1.png,0,0,False,False,True
val/videos/2017-09-25_16-03-38/2017-09-25_16-03-38.mp4-bee_id_1255-41955-1.png,0,0,False,False,True
val/videos/2017-09-25_16-03-38/2017-09-25_16-03-38.mp4-bee_id_1256-41970-1.png,0,3,False,False,True
val/videos/2017-09-25_16-03-38/2017-09-25_16-03-38.mp4-bee_id_1257-41985-1.png,0,0,False,False,True
val/videos/2017-09-25_16-03-38/2017-09-25_16-03-38.mp4-bee_id_1258-42000-1.png,0,0,False,False,True
val/videos/2017-09-25_16-03-38/2017-09-25_16-03-38.mp4-bee_id_1260-42045-1.png,0,0,False,False,True
val/videos/2017-09-25_16-03-38/2017-09-25_16-03-38.mp4-bee_id_1261-42060-1.png,0,1,False,False,True
val/videos/2017-09-25_16-03-38/2017-09-25_16-03-38.mp4-bee_id_1262-42165-1.png,0,1,False,False,True
val/videos/2017-09-25_16-03-38/2017-09-25_16-03-38.mp4-bee_id_1263-42180-1.png,0,2,False,False,True
val/videos/2017-09-25_16-03-38/2017-09-25_16-03-38.mp4-bee_id_1264-42210-1.png,0,0,False,False,True
val/videos/2017-09-25_16-03-38/2017-09-25_16-03-38.mp4-bee_id_1265-42225-1.png,0,1,False,False,True
val/videos/2017-09-25_16-03-38/2017-09-25_16-03-38.mp4-bee_id_1266-42240-1.png,0,0,False,False,True
val/videos/2017-09-25_16-03-38/2017-09-25_16-03-38.mp4-bee_id_1267-42270-1.png,0,1,False,False,True
val/videos/2017-09-25_16-03-38/2017-09-25_16-03-38.mp4-bee_id_1268-42270-1.png,0,0,False,False,True
val/videos/2017-09-25_16-03-38/2017-09-25_16-03-38.mp4-bee_id_1269-42360-1.png,0,1,False,False,True
val/videos/2017-09-25_16-03-38/2017-09-25_16-03-38.mp4-bee_id_1270-42390-1.png,0,0,False,False,True
val/videos/2017-09-25_16-03-38/2017-09-25_16-03-38.mp4-bee_id_1271-42405-1.png,0,0,False,False,True
val/videos/2017-09-25_16-03-38/2017-09-25_16-03-38.mp4-bee_id_1272-42510-1.png,0,1,False,False,True
val/videos/2017-09-25_16-03-38/2017-09-25_16-03-38.mp4-bee_id_1273-42525-1.png,0,0,False,False,True
val/videos/2017-09-25_16-03-38/2017-09-25_16-03-38.mp4-bee_id_1274-42555-1.png,0,0,False,False,True
val/videos/2017-09-25_16-03-38/2017-09-25_16-03-38.mp4-bee_id_1276-42645-1.png,0,0,False,False,True
val/videos/2017-09-25_16-03-38/2017-09-25_16-03-38.mp4-bee_id_1277-42750-1.png,0,0,False,False,True
val/videos/2017-09-25_16-03-38/2017-09-25_16-03-38.mp4-bee_id_1278-42750-1.png,0,0,False,False,True
val/videos/2017-09-25_16-03-38/2017-09-25_16-03-38.mp4-bee_id_1279-42765-1.png,0,1,False,False,True
val/videos/2017-09-25_16-03-38/2017-09-25_16-03-38.mp4-bee_id_1280-42765-1.png,1,2,True,True,True
val/videos/2017-09-25_16-03-38/2017-09-25_16-03-38.mp4-bee_id_1281-42795-1.png,0,0,False,False,True
val/videos/2017-09-25_16-03-38/2017-09-25_16-03-38.mp4-bee_id_1282-42810-1.png,0,0,False,False,True
val/videos/2017-09-25_16-03-38/2017-09-25_16-03-38.mp4-bee_id_1283-42810-1.png,0,0,False,False,True
val/videos/2017-09-25_16-03-38/2017-09-25_16-03-38.mp4-bee_id_1285-42990-1.png,0,0,False,False,True
val/videos/2017-09-25_16-03-38/2017-09-25_16-03-38.mp4-bee_id_1286-43020-1.png,0,0,False,False,True
val/videos/2017-09-25_16-03-38/2017-09-25_16-03-38.mp4-bee_id_1288-43110-1.png,0,0,False,False,True
val/videos/2017-09-25_16-03-38/2017-09-25_16-03-38.mp4-bee_id_1289-43125-1.png,0,0,False,False,True
val/videos/2017-09-25_16-03-38/2017-09-25_16-03-38.mp4-bee_id_1290-43140-1.png,0,0,False,False,True
val/videos/2017-09-25_16-03-38/2017-09-25_16-03-38.mp4-bee_id_1291-43155-1.png,0,0,False,False,True
val/videos/2017-09-25_16-03-38/2017-09-25_16-03-38.mp4-bee_id_1292-43155-1.png,0,2,False,False,True
val/videos/2017-09-25_16-03-38/2017-09-25_16-03-38.mp4-bee_id_1293-43170-1.png,0,0,False,False,True
val/videos/2017-09-25_16-03-38/2017-09-25_16-03-38.mp4-bee_id_1295-43215-1.png,0,0,False,False,True
val/videos/2017-09-25_16-03-38/2017-09-25_16-03-38.mp4-bee_id_1296-43215-1.png,0,3,False,False,True
val/videos/2017-09-25_16-03-38/2017-09-25_16-03-38.mp4-bee_id_1297-43245-1.png,0,0,False,False,True
val/videos/2017-09-25_16-03-38/2017-09-25_16-03-38.mp4-bee_id_1298-43260-1.png,0,0,False,False,True
val/videos/2017-09-25_16-03-38/2017-09-25_16-03-38.mp4-bee_id_1299-43275-1.png,0,0,False,False,True
val/videos/2017-09-25_16-03-38/2017-09-25_16-03-38.mp4-bee_id_1301-43350-1.png,0,1,False,False,True
val/videos/2017-09-25_16-03-38/2017-09-25_16-03-38.mp4-bee_id_1302-43410-1.png,0,0,False,False,True
val/videos/2017-09-25_16-03-38/2017-09-25_16-03-38.mp4-bee_id_1303-43425-1.png,1,2,True,True,True
val/videos/2017-09-25_16-03-38/2017-09-25_16-03-38.mp4-bee_id_1304-43425-1.png,0,1,False,False,True
val/videos/2017-09-25_16-03-38/2017-09-25_16-03-38.mp4-bee_id_1305-43440-1.png,0,0,False,False,True
val/videos/2017-09-25_16-03-38/2017-09-25_16-03-38.mp4-bee_id_1306-43500-1.png,1,2,True,True,True
val/videos/2017-09-25_16-03-38/2017-09-25_16-03-38.mp4-bee_id_1307-43500-1.png,0,2,False,False,True
val/videos/2017-09-25_16-03-38/2017-09-25_16-03-38.mp4-bee_id_1308-43560-1.png,0,0,False,False,True
val/videos/2017-09-25_16-03-38/2017-09-25_16-03-38.mp4-bee_id_1309-43560-1.png,0,0,False,False,True
val/videos/2017-09-25_16-03-38/2017-09-25_16-03-38.mp4-bee_id_1310-43575-1.png,0,1,False,False,True
val/videos/2017-09-25_16-03-38/2017-09-25_16-03-38.mp4-bee_id_1311-43605-1.png,0,0,False,False,True
val/videos/2017-09-25_16-03-38/2017-09-25_16-03-38.mp4-bee_id_1312-43665-1.png,1,2,True,False,True
val/videos/2017-09-25_16-03-38/2017-09-25_16-03-38.mp4-bee_id_1313-43680-1.png,0,0,False,False,True
val/videos/2017-09-25_16-03-38/2017-09-25_16-03-38.mp4-bee_id_1314-43785-1.png,1,1,True,True,True
val/videos/2017-09-25_16-03-38/2017-09-25_16-03-38.mp4-bee_id_1315-43830-1.png,0,0,False,False,True
val/videos/2017-09-25_16-03-38/2017-09-25_16-03-38.mp4-bee_id_1316-43875-1.png,0,0,False,False,True
val/videos/2017-09-25_16-03-38/2017-09-25_16-03-38.mp4-bee_id_1317-43890-1.png,0,0,False,False,True
val/videos/2017-09-25_16-03-38/2017-09-25_16-03-38.mp4-bee_id_1318-43890-1.png,1,0,True,False,True
val/videos/2017-09-25_16-03-38/2017-09-25_16-03-38.mp4-bee_id_1319-43950-1.png,0,0,False,False,True
val/videos/2017-09-25_16-03-38/2017-09-25_16-03-38.mp4-bee_id_1320-43965-1.png,0,2,False,False,True
val/videos/2017-09-25_16-03-38/2017-09-25_16-03-38.mp4-bee_id_1321-43965-1.png,0,2,False,False,True
val/videos/2017-09-25_16-03-38/2017-09-25_16-03-38.mp4-bee_id_1322-43995-1.png,0,1,False,False,True
val/videos/2017-09-25_16-03-38/2017-09-25_16-03-38.mp4-bee_id_1323-43995-1.png,0,0,False,False,True
val/videos/2017-09-25_16-03-38/2017-09-25_16-03-38.mp4-bee_id_1324-44010-1.png,0,1,False,False,True
val/videos/2017-09-25_16-03-38/2017-09-25_16-03-38.mp4-bee_id_1325-44025-1.png,0,0,False,False,True
val/videos/2017-09-25_16-03-38/2017-09-25_16-03-38.mp4-bee_id_1326-44025-1.png,0,0,False,False,True
val/videos/2017-09-25_16-03-38/2017-09-25_16-03-38.mp4-bee_id_1328-44115-1.png,1,0,True,False,True
val/videos/2017-09-25_16-03-38/2017-09-25_16-03-38.mp4-bee_id_1329-44145-1.png,0,0,False,False,True
val/videos/2017-09-25_16-03-38/2017-09-25_16-03-38.mp4-bee_id_1330-44220-1.png,1,1,True,False,True
val/videos/2017-09-25_16-03-38/2017-09-25_16-03-38.mp4-bee_id_1331-44235-1.png,0,0,False,False,True
val/videos/2017-09-25_16-03-38/2017-09-25_16-03-38.mp4-bee_id_1333-44265-1.png,0,0,False,False,True
val/videos/2017-09-25_16-03-38/2017-09-25_16-03-38.mp4-bee_id_1334-44280-1.png,0,2,False,False,True
val/videos/2017-09-25_16-03-38/2017-09-25_16-03-38.mp4-bee_id_1335-44310-1.png,0,1,False,False,True
val/videos/2017-09-25_16-03-38/2017-09-25_16-03-38.mp4-bee_id_1336-44325-1.png,0,0,False,False,True
val/videos/2017-09-25_16-03-38/2017-09-25_16-03-38.mp4-bee_id_1337-44340-1.png,0,0,False,False,True
val/videos/2017-09-25_16-03-38/2017-09-25_16-03-38.mp4-bee_id_1338-44355-1.png,0,0,False,False,True
val/videos/2017-09-25_16-03-38/2017-09-25_16-03-38.mp4-bee_id_1339-44370-1.png,0,0,False,False,True
val/videos/2017-09-25_16-03-38/2017-09-25_16-03-38.mp4-bee_id_1340-44370-1.png,0,0,False,False,True
val/videos/2017-09-25_16-03-38/2017-09-25_16-03-38.mp4-bee_id_1341-44460-1.png,0,0,False,False,True
val/videos/2017-09-25_16-03-38/2017-09-25_16-03-38.mp4-bee_id_1342-44475-1.png,0,2,False,False,True
val/videos/2017-09-25_16-03-38/2017-09-25_16-03-38.mp4-bee_id_1343-44490-1.png,0,2,False,False,True
val/videos/2017-09-25_16-03-38/2017-09-25_16-03-38.mp4-bee_id_1344-44505-1.png,0,1,False,False,True
val/videos/2017-09-25_16-03-38/2017-09-25_16-03-38.mp4-bee_id_1346-44550-1.png,0,0,False,False,True
val/videos/2017-09-25_16-03-38/2017-09-25_16-03-38.mp4-bee_id_1347-44550-1.png,1,1,True,False,True
val/videos/2017-09-25_16-03-38/2017-09-25_16-03-38.mp4-bee_id_1348-44565-1.png,0,0,False,False,True
val/videos/2017-09-25_16-03-38/2017-09-25_16-03-38.mp4-bee_id_1349-44580-1.png,0,2,False,False,True
val/videos/2017-09-25_16-03-38/2017-09-25_16-03-38.mp4-bee_id_1350-44595-1.png,0,0,False,False,True
val/videos/2017-09-25_16-03-38/2017-09-25_16-03-38.mp4-bee_id_1351-44625-1.png,0,2,False,False,True
val/videos/2017-09-25_16-03-38/2017-09-25_16-03-38.mp4-bee_id_1352-44670-1.png,0,0,False,False,True
val/videos/2017-09-25_16-03-38/2017-09-25_16-03-38.mp4-bee_id_1353-44730-1.png,0,0,False,False,True
val/videos/2017-09-25_16-03-38/2017-09-25_16-03-38.mp4-bee_id_1354-44745-1.png,0,0,False,False,True
val/videos/2017-09-25_16-03-38/2017-09-25_16-03-38.mp4-bee_id_1355-44760-1.png,1,1,True,True,True
val/videos/2017-09-25_16-03-38/2017-09-25_16-03-38.mp4-bee_id_1356-44775-1.png,0,0,False,False,True
val/videos/2017-09-25_16-03-38/2017-09-25_16-03-38.mp4-bee_id_1357-44790-1.png,0,1,False,False,True
val/videos/2017-09-25_16-03-38/2017-09-25_16-03-38.mp4-bee_id_1358-44805-1.png,0,0,False,False,True
val/videos/2017-09-25_16-03-38/2017-09-25_16-03-38.mp4-bee_id_1359-44805-1.png,0,0,False,False,True
val/videos/2017-09-25_16-03-38/2017-09-25_16-03-38.mp4-bee_id_1360-44835-1.png,0,1,False,False,True
val/videos/2017-09-25_16-03-38/2017-09-25_16-03-38.mp4-bee_id_1361-44835-1.png,0,2,False,False,True
val/videos/2017-09-25_16-03-38/2017-09-25_16-03-38.mp4-bee_id_1362-44865-1.png,0,0,False,False,True
val/videos/2017-09-25_16-03-38/2017-09-25_16-03-38.mp4-bee_id_1365-44910-1.png,0,0,False,False,True
val/videos/2017-09-25_16-03-38/2017-09-25_16-03-38.mp4-bee_id_1366-44940-1.png,0,0,False,False,True
val/videos/2017-09-25_16-03-38/2017-09-25_16-03-38.mp4-bee_id_1368-44970-1.png,0,0,False,False,True
val/videos/2017-09-25_16-03-38/2017-09-25_16-03-38.mp4-bee_id_1369-45015-1.png,0,0,False,False,True
val/videos/2017-09-25_16-03-38/2017-09-25_16-03-38.mp4-bee_id_1370-45060-1.png,0,0,False,False,True
val/videos/2017-09-25_16-03-38/2017-09-25_16-03-38.mp4-bee_id_1371-45150-1.png,0,1,False,False,True
val/videos/2017-09-25_16-03-38/2017-09-25_16-03-38.mp4-bee_id_1373-45240-1.png,0,0,False,False,True
val/videos/2017-09-25_16-03-38/2017-09-25_16-03-38.mp4-bee_id_1374-45255-1.png,0,0,False,False,True
val/videos/2017-09-25_16-03-38/2017-09-25_16-03-38.mp4-bee_id_1375-45270-1.png,0,1,False,False,True
val/videos/2017-09-25_16-03-38/2017-09-25_16-03-38.mp4-bee_id_1377-45405-1.png,1,1,True,False,True
val/videos/2017-09-25_16-03-38/2017-09-25_16-03-38.mp4-bee_id_1378-45405-1.png,0,3,False,False,True
val/videos/2017-09-25_16-03-38/2017-09-25_16-03-38.mp4-bee_id_1379-45405-1.png,0,2,False,False,True
val/videos/2017-09-25_16-03-38/2017-09-25_16-03-38.mp4-bee_id_1380-45420-1.png,0,0,False,False,True
val/videos/2017-09-25_16-03-38/2017-09-25_16-03-38.mp4-bee_id_1382-45510-1.png,1,1,True,True,True
val/videos/2017-09-25_16-03-38/2017-09-25_16-03-38.mp4-bee_id_1383-45510-1.png,0,0,False,False,True
val/videos/2017-09-25_16-03-38/2017-09-25_16-03-38.mp4-bee_id_1384-45525-1.png,1,2,True,True,True
val/videos/2017-09-25_16-03-38/2017-09-25_16-03-38.mp4-bee_id_1385-45525-1.png,0,0,False,False,True
val/videos/2017-09-25_16-03-38/2017-09-25_16-03-38.mp4-bee_id_1386-45540-1.png,0,1,False,False,True
val/videos/2017-09-25_16-03-38/2017-09-25_16-03-38.mp4-bee_id_1387-45555-1.png,1,1,True,True,True
val/videos/2017-09-25_16-03-38/2017-09-25_16-03-38.mp4-bee_id_1389-45600-1.png,0,0,False,False,True
val/videos/2017-09-25_16-03-38/2017-09-25_16-03-38.mp4-bee_id_1390-45615-1.png,1,1,True,False,True
val/videos/2017-09-25_16-03-38/2017-09-25_16-03-38.mp4-bee_id_1391-45615-1.png,0,0,False,False,True
val/videos/2017-09-25_16-03-38/2017-09-25_16-03-38.mp4-bee_id_1393-45630-1.png,0,0,False,False,True
val/videos/2017-09-25_16-03-38/2017-09-25_16-03-38.mp4-bee_id_1394-45645-1.png,0,1,False,False,True
val/videos/2017-09-25_16-03-38/2017-09-25_16-03-38.mp4-bee_id_1397-45960-1.png,1,1,True,True,True
val/videos/2017-09-25_16-03-38/2017-09-25_16-03-38.mp4-bee_id_1400-46005-1.png,1,1,True,True,True
val/videos/2017-09-25_16-03-38/2017-09-25_16-03-38.mp4-bee_id_1401-46020-1.png,1,2,True,True,True
val/videos/2017-09-25_16-03-38/2017-09-25_16-03-38.mp4-bee_id_1402-46050-1.png,0,0,False,False,True
val/videos/2017-09-25_16-03-38/2017-09-25_16-03-38.mp4-bee_id_1403-46050-1.png,1,3,True,True,True
val/videos/2017-09-25_16-03-38/2017-09-25_16-03-38.mp4-bee_id_1404-46065-1.png,0,0,False,False,True
val/videos/2017-09-25_16-03-38/2017-09-25_16-03-38.mp4-bee_id_1405-46065-1.png,1,1,True,True,True
val/videos/2017-09-25_16-03-38/2017-09-25_16-03-38.mp4-bee_id_1406-46080-1.png,1,2,True,False,True
val/videos/2017-09-25_16-03-38/2017-09-25_16-03-38.mp4-bee_id_1407-46125-1.png,0,2,False,False,True
val/videos/2017-09-25_16-03-38/2017-09-25_16-03-38.mp4-bee_id_1408-46125-1.png,0,0,False,False,True
val/videos/2017-09-25_16-03-38/2017-09-25_16-03-38.mp4-bee_id_1409-46140-1.png,0,0,False,False,True
val/videos/2017-09-25_16-03-38/2017-09-25_16-03-38.mp4-bee_id_1410-46155-1.png,1,1,True,True,True
val/videos/2017-09-25_16-03-38/2017-09-25_16-03-38.mp4-bee_id_1411-46170-1.png,0,0,False,False,True
val/videos/2017-09-25_16-03-38/2017-09-25_16-03-38.mp4-bee_id_1412-46170-1.png,0,0,False,False,True
val/videos/2017-09-25_16-03-38/2017-09-25_16-03-38.mp4-bee_id_1413-46215-1.png,1,1,True,False,True
val/videos/2017-09-25_16-03-38/2017-09-25_16-03-38.mp4-bee_id_1414-46245-1.png,0,0,False,False,True
val/videos/2017-09-25_16-03-38/2017-09-25_16-03-38.mp4-bee_id_1416-46365-1.png,0,0,False,False,True
val/videos/2017-09-25_16-03-38/2017-09-25_16-03-38.mp4-bee_id_1417-46380-1.png,0,0,False,False,True
val/videos/2017-09-25_16-03-38/2017-09-25_16-03-38.mp4-bee_id_1418-46380-1.png,0,0,False,False,True
val/videos/2017-09-25_16-03-38/2017-09-25_16-03-38.mp4-bee_id_1419-46410-1.png,0,0,False,False,True
val/videos/2017-09-25_16-03-38/2017-09-25_16-03-38.mp4-bee_id_1420-46410-1.png,0,1,False,False,True
val/videos/2017-09-25_16-03-38/2017-09-25_16-03-38.mp4-bee_id_1422-46440-1.png,0,0,False,False,True
val/videos/2017-09-25_16-03-38/2017-09-25_16-03-38.mp4-bee_id_1423-46560-1.png,0,0,False,False,True
val/videos/2017-09-25_16-03-38/2017-09-25_16-03-38.mp4-bee_id_1424-46590-1.png,0,0,False,False,True
val/videos/2017-09-25_16-03-38/2017-09-25_16-03-38.mp4-bee_id_1425-46605-1.png,0,1,False,False,True
val/videos/2017-09-25_16-03-38/2017-09-25_16-03-38.mp4-bee_id_1426-46635-1.png,1,3,True,True,True
val/videos/2017-09-25_16-03-38/2017-09-25_16-03-38.mp4-bee_id_1427-46650-1.png,0,0,False,False,True
val/videos/2017-09-25_16-03-38/2017-09-25_16-03-38.mp4-bee_id_1428-46710-1.png,0,1,False,False,True
val/videos/2017-09-25_16-03-38/2017-09-25_16-03-38.mp4-bee_id_1429-46725-1.png,1,0,True,False,True
val/videos/2017-09-25_16-03-38/2017-09-25_16-03-38.mp4-bee_id_1430-46755-1.png,0,0,False,False,True
val/videos/2017-09-25_16-03-38/2017-09-25_16-03-38.mp4-bee_id_1431-46770-1.png,0,0,False,False,True
val/videos/2017-09-25_16-03-38/2017-09-25_16-03-38.mp4-bee_id_1432-46770-1.png,0,0,False,False,True
val/videos/2017-09-25_16-03-38/2017-09-25_16-03-38.mp4-bee_id_1433-46785-1.png,1,2,True,True,True
val/videos/2017-09-25_16-03-38/2017-09-25_16-03-38.mp4-bee_id_1434-46800-1.png,0,0,False,False,True
val/videos/2017-09-25_16-03-38/2017-09-25_16-03-38.mp4-bee_id_1435-46800-1.png,0,0,False,False,True
val/videos/2017-09-25_16-03-38/2017-09-25_16-03-38.mp4-bee_id_1436-46815-1.png,1,0,True,False,True
val/videos/2017-09-25_16-03-38/2017-09-25_16-03-38.mp4-bee_id_1437-46815-1.png,0,0,False,False,True
val/videos/2017-09-25_16-03-38/2017-09-25_16-03-38.mp4-bee_id_1438-46890-1.png,0,0,False,False,True
val/videos/2017-09-25_16-03-38/2017-09-25_16-03-38.mp4-bee_id_1439-46890-1.png,0,1,False,False,True
val/videos/2017-09-25_16-03-38/2017-09-25_16-03-38.mp4-bee_id_1440-46905-1.png,0,0,False,False,True
val/videos/2017-09-25_16-03-38/2017-09-25_16-03-38.mp4-bee_id_1441-46905-1.png,0,1,False,False,True
val/videos/2017-09-25_16-03-38/2017-09-25_16-03-38.mp4-bee_id_1443-46950-1.png,0,0,False,False,True
val/videos/2017-09-25_16-03-38/2017-09-25_16-03-38.mp4-bee_id_1444-47010-1.png,0,0,False,False,True
val/videos/2017-09-25_16-03-38/2017-09-25_16-03-38.mp4-bee_id_1445-47025-1.png,0,0,False,False,True
val/videos/2017-09-25_16-03-38/2017-09-25_16-03-38.mp4-bee_id_1447-47100-1.png,0,0,False,False,True
val/videos/2017-09-25_16-03-38/2017-09-25_16-03-38.mp4-bee_id_1448-47130-1.png,0,0,False,False,True
val/videos/2017-09-25_16-03-38/2017-09-25_16-03-38.mp4-bee_id_1449-47145-1.png,0,2,False,False,True
val/videos/2017-09-25_16-03-38/2017-09-25_16-03-38.mp4-bee_id_1450-47160-1.png,0,0,False,False,True
val/videos/2017-09-25_16-03-38/2017-09-25_16-03-38.mp4-bee_id_1451-47175-1.png,0,0,False,False,True
val/videos/2017-09-25_16-03-38/2017-09-25_16-03-38.mp4-bee_id_1452-47190-1.png,0,0,False,False,True
val/videos/2017-09-25_16-03-38/2017-09-25_16-03-38.mp4-bee_id_1453-47220-1.png,0,2,False,False,True
val/videos/2017-09-25_16-03-38/2017-09-25_16-03-38.mp4-bee_id_1454-47235-1.png,0,0,False,False,True
val/videos/2017-09-25_16-03-38/2017-09-25_16-03-38.mp4-bee_id_1455-47250-1.png,0,1,False,False,True
val/videos/2017-09-25_16-03-38/2017-09-25_16-03-38.mp4-bee_id_1456-47325-1.png,0,0,False,False,True
val/videos/2017-09-25_16-03-38/2017-09-25_16-03-38.mp4-bee_id_1457-47340-1.png,0,0,False,False,True
val/videos/2017-09-25_16-03-38/2017-09-25_16-03-38.mp4-bee_id_1458-47355-1.png,0,1,False,False,True
val/videos/2017-09-25_16-03-38/2017-09-25_16-03-38.mp4-bee_id_1459-47355-1.png,1,0,True,False,True
val/videos/2017-09-25_16-03-38/2017-09-25_16-03-38.mp4-bee_id_1460-47370-1.png,0,0,False,False,True
val/videos/2017-09-25_16-03-38/2017-09-25_16-03-38.mp4-bee_id_1461-47535-1.png,0,0,False,False,True
val/videos/2017-09-25_16-03-38/2017-09-25_16-03-38.mp4-bee_id_1462-47535-1.png,0,1,False,False,True
val/videos/2017-09-25_16-03-38/2017-09-25_16-03-38.mp4-bee_id_1463-47565-1.png,0,2,False,False,True
val/videos/2017-09-25_16-03-38/2017-09-25_16-03-38.mp4-bee_id_1465-47670-1.png,1,1,True,True,True
val/videos/2017-09-25_16-03-38/2017-09-25_16-03-38.mp4-bee_id_1466-47730-1.png,0,0,False,False,True
val/videos/2017-09-25_16-03-38/2017-09-25_16-03-38.mp4-bee_id_1468-47835-1.png,0,1,False,False,True
val/videos/2017-09-25_16-03-38/2017-09-25_16-03-38.mp4-bee_id_1469-47880-1.png,1,2,True,True,True
val/videos/2017-09-25_16-03-38/2017-09-25_16-03-38.mp4-bee_id_1470-47910-1.png,0,0,False,False,True
val/videos/2017-09-25_16-03-38/2017-09-25_16-03-38.mp4-bee_id_1471-47925-1.png,0,0,False,False,True
val/videos/2017-09-25_16-03-38/2017-09-25_16-03-38.mp4-bee_id_1472-47940-1.png,1,0,True,False,True
val/videos/2017-09-25_16-03-38/2017-09-25_16-03-38.mp4-bee_id_1473-47970-1.png,0,0,False,False,True
val/videos/2017-09-25_16-03-38/2017-09-25_16-03-38.mp4-bee_id_1474-48000-1.png,0,0,False,False,True
val/videos/2017-09-25_16-03-38/2017-09-25_16-03-38.mp4-bee_id_1477-48030-1.png,0,0,False,False,True
val/videos/2017-09-25_16-03-38/2017-09-25_16-03-38.mp4-bee_id_1478-48045-1.png,0,0,False,False,True
val/videos/2017-09-25_16-03-38/2017-09-25_16-03-38.mp4-bee_id_1479-48060-1.png,0,0,False,False,True
val/videos/2017-09-25_16-03-38/2017-09-25_16-03-38.mp4-bee_id_1480-48150-1.png,0,0,False,False,True
val/videos/2017-09-25_16-03-38/2017-09-25_16-03-38.mp4-bee_id_1481-48165-1.png,0,0,False,False,True
val/videos/2017-09-25_16-03-38/2017-09-25_16-03-38.mp4-bee_id_1482-48180-1.png,0,0,False,False,True
val/videos/2017-09-25_16-03-38/2017-09-25_16-03-38.mp4-bee_id_1484-48195-1.png,0,0,False,False,True
val/videos/2017-09-25_16-03-38/2017-09-25_16-03-38.mp4-bee_id_1485-48210-1.png,0,1,False,False,True
val/videos/2017-09-25_16-03-38/2017-09-25_16-03-38.mp4-bee_id_1486-48270-1.png,0,1,False,False,True
val/videos/2017-09-25_16-03-38/2017-09-25_16-03-38.mp4-bee_id_1487-48300-1.png,0,0,False,False,True
val/videos/2017-09-25_16-03-38/2017-09-25_16-03-38.mp4-bee_id_1488-48375-1.png,0,1,False,False,True
val/videos/2017-09-25_16-03-38/2017-09-25_16-03-38.mp4-bee_id_1489-48465-1.png,0,0,False,False,True
val/videos/2017-09-25_16-03-38/2017-09-25_16-03-38.mp4-bee_id_1490-48465-1.png,1,0,True,False,True
val/videos/2017-09-25_16-03-38/2017-09-25_16-03-38.mp4-bee_id_1491-48495-1.png,0,0,False,False,True
val/videos/2017-09-25_16-03-38/2017-09-25_16-03-38.mp4-bee_id_1492-48495-1.png,1,0,True,False,True
val/videos/2017-09-25_16-03-38/2017-09-25_16-03-38.mp4-bee_id_1493-48525-1.png,0,0,False,False,True
val/videos/2017-09-25_16-03-38/2017-09-25_16-03-38.mp4-bee_id_1494-48540-1.png,0,2,False,False,True
val/videos/2017-09-25_16-03-38/2017-09-25_16-03-38.mp4-bee_id_1495-48540-1.png,1,2,True,False,True
val/videos/2017-09-25_16-03-38/2017-09-25_16-03-38.mp4-bee_id_1496-48540-1.png,0,0,False,False,True
val/videos/2017-09-25_16-03-38/2017-09-25_16-03-38.mp4-bee_id_1497-48555-1.png,0,0,False,False,True
val/videos/2017-09-25_16-03-38/2017-09-25_16-03-38.mp4-bee_id_1498-48570-1.png,0,0,False,False,True
val/videos/2017-09-25_16-03-38/2017-09-25_16-03-38.mp4-bee_id_1499-48630-1.png,0,1,False,False,True
val/videos/2017-09-25_16-03-38/2017-09-25_16-03-38.mp4-bee_id_1500-48645-1.png,0,0,False,False,True
val/videos/2017-09-25_16-03-38/2017-09-25_16-03-38.mp4-bee_id_1501-48675-1.png,0,2,False,False,True
val/videos/2017-09-25_16-03-38/2017-09-25_16-03-38.mp4-bee_id_1502-48690-1.png,0,0,False,False,True
val/videos/2017-09-25_16-03-38/2017-09-25_16-03-38.mp4-bee_id_1503-48705-1.png,0,0,False,False,True
val/videos/2017-09-25_16-03-38/2017-09-25_16-03-38.mp4-bee_id_1504-48795-1.png,0,0,False,False,True
val/videos/2017-09-25_16-03-38/2017-09-25_16-03-38.mp4-bee_id_1505-48810-1.png,0,0,False,False,True
val/videos/2017-09-25_16-03-38/2017-09-25_16-03-38.mp4-bee_id_1506-48840-1.png,0,0,False,False,True
val/videos/2017-09-25_16-03-38/2017-09-25_16-03-38.mp4-bee_id_1507-48855-1.png,0,1,False,False,True
val/videos/2017-09-25_16-03-38/2017-09-25_16-03-38.mp4-bee_id_1508-48855-1.png,0,0,False,False,True
val/videos/2017-09-25_16-03-38/2017-09-25_16-03-38.mp4-bee_id_1509-48855-1.png,0,0,False,False,True
val/videos/2017-09-25_16-03-38/2017-09-25_16-03-38.mp4-bee_id_1510-48855-1.png,0,0,False,False,True
val/videos/2017-09-25_16-03-38/2017-09-25_16-03-38.mp4-bee_id_1511-48960-1.png,0,2,False,False,True
val/videos/2017-09-25_16-03-38/2017-09-25_16-03-38.mp4-bee_id_1512-48975-1.png,0,1,False,False,True
val/videos/2017-09-25_16-03-38/2017-09-25_16-03-38.mp4-bee_id_1514-49035-1.png,0,2,False,False,True
val/videos/2017-09-25_16-03-38/2017-09-25_16-03-38.mp4-bee_id_1515-49170-1.png,1,0,True,False,True
val/videos/2017-09-25_16-03-38/2017-09-25_16-03-38.mp4-bee_id_1516-49230-1.png,0,0,False,False,True
val/videos/2017-09-25_16-03-38/2017-09-25_16-03-38.mp4-bee_id_1517-49350-1.png,0,0,False,False,True
val/videos/2017-09-25_16-03-38/2017-09-25_16-03-38.mp4-bee_id_1519-49410-1.png,0,0,False,False,True
val/videos/2017-09-25_16-03-38/2017-09-25_16-03-38.mp4-bee_id_1521-49425-1.png,0,0,False,False,True
val/videos/2017-09-25_16-03-38/2017-09-25_16-03-38.mp4-bee_id_1522-49425-1.png,0,0,False,False,True
val/videos/2017-09-25_16-03-38/2017-09-25_16-03-38.mp4-bee_id_1523-49440-1.png,1,1,True,False,True
val/videos/2017-09-25_16-03-38/2017-09-25_16-03-38.mp4-bee_id_1524-49440-1.png,0,1,False,False,True
val/videos/2017-09-25_16-03-38/2017-09-25_16-03-38.mp4-bee_id_1525-49500-1.png,0,0,False,False,True
val/videos/2017-09-25_16-03-38/2017-09-25_16-03-38.mp4-bee_id_1526-49590-1.png,0,0,False,False,True
val/videos/2017-09-25_16-03-38/2017-09-25_16-03-38.mp4-bee_id_1527-49605-1.png,0,0,False,False,True
val/videos/2017-09-25_16-03-38/2017-09-25_16-03-38.mp4-bee_id_1528-49650-1.png,0,1,False,False,True
val/videos/2017-09-25_16-03-38/2017-09-25_16-03-38.mp4-bee_id_1529-49725-1.png,0,1,False,False,True
val/videos/2017-09-25_16-03-38/2017-09-25_16-03-38.mp4-bee_id_1530-49740-1.png,0,0,False,False,True
val/videos/2017-09-25_16-03-38/2017-09-25_16-03-38.mp4-bee_id_1531-49755-1.png,0,0,False,False,True
val/videos/2017-09-25_16-03-38/2017-09-25_16-03-38.mp4-bee_id_1532-49800-1.png,0,0,False,False,True
val/videos/2017-09-25_16-03-38/2017-09-25_16-03-38.mp4-bee_id_1533-49800-1.png,0,0,False,False,True
val/videos/2017-09-25_16-03-38/2017-09-25_16-03-38.mp4-bee_id_1534-49830-1.png,0,0,False,False,True
val/videos/2017-09-25_16-03-38/2017-09-25_16-03-38.mp4-bee_id_1535-49935-1.png,1,2,True,True,True
val/videos/2017-09-25_16-03-38/2017-09-25_16-03-38.mp4-bee_id_1536-49980-1.png,0,0,False,False,True
val/videos/2017-09-25_16-03-38/2017-09-25_16-03-38.mp4-bee_id_1537-50055-1.png,0,0,False,False,True
val/videos/2017-09-25_16-03-38/2017-09-25_16-03-38.mp4-bee_id_1538-50070-1.png,0,1,False,False,True
val/videos/2017-09-25_16-03-38/2017-09-25_16-03-38.mp4-bee_id_1540-50175-1.png,0,0,False,False,True
val/videos/2017-09-25_16-03-38/2017-09-25_16-03-38.mp4-bee_id_1541-50190-1.png,0,0,False,False,True
val/videos/2017-09-25_16-03-38/2017-09-25_16-03-38.mp4-bee_id_1542-50205-1.png,0,2,False,False,True
val/videos/2017-09-25_16-03-38/2017-09-25_16-03-38.mp4-bee_id_1543-50220-1.png,0,0,False,False,True
val/videos/2017-09-25_16-03-38/2017-09-25_16-03-38.mp4-bee_id_1544-50220-1.png,0,0,False,False,True
val/videos/2017-09-25_16-03-38/2017-09-25_16-03-38.mp4-bee_id_1546-50265-1.png,1,0,True,False,True
val/videos/2017-09-25_16-03-38/2017-09-25_16-03-38.mp4-bee_id_1547-50280-1.png,0,0,False,False,True
val/videos/2017-09-25_16-03-38/2017-09-25_16-03-38.mp4-bee_id_1548-50325-1.png,0,0,False,False,True
val/videos/2017-09-25_16-03-38/2017-09-25_16-03-38.mp4-bee_id_1549-50355-1.png,0,0,False,False,True
val/videos/2017-09-25_16-03-38/2017-09-25_16-03-38.mp4-bee_id_1552-50370-1.png,0,0,False,False,True
val/videos/2017-09-25_16-03-38/2017-09-25_16-03-38.mp4-bee_id_1553-50385-1.png,0,0,False,False,True
val/videos/2017-09-25_16-03-38/2017-09-25_16-03-38.mp4-bee_id_1554-50430-1.png,0,0,False,False,True
val/videos/2017-09-25_16-03-38/2017-09-25_16-03-38.mp4-bee_id_1555-50445-1.png,0,1,False,False,True
val/videos/2017-09-25_16-03-38/2017-09-25_16-03-38.mp4-bee_id_1557-50520-1.png,0,0,False,False,True
val/videos/2017-09-25_16-03-38/2017-09-25_16-03-38.mp4-bee_id_1558-50535-1.png,0,0,False,False,True
val/videos/2017-09-25_16-03-38/2017-09-25_16-03-38.mp4-bee_id_1559-50550-1.png,0,0,False,False,True
val/videos/2017-09-25_16-03-38/2017-09-25_16-03-38.mp4-bee_id_1560-50580-1.png,0,0,False,False,True
val/videos/2017-09-25_16-03-38/2017-09-25_16-03-38.mp4-bee_id_1561-50595-1.png,0,0,False,False,True
val/videos/2017-09-25_16-03-38/2017-09-25_16-03-38.mp4-bee_id_1562-50610-1.png,0,0,False,False,True
val/videos/2017-09-25_16-03-38/2017-09-25_16-03-38.mp4-bee_id_1563-50625-1.png,0,2,False,False,True
val/videos/2017-09-25_16-03-38/2017-09-25_16-03-38.mp4-bee_id_1564-50640-1.png,0,0,False,False,True
val/videos/2017-09-25_16-03-38/2017-09-25_16-03-38.mp4-bee_id_1565-50655-1.png,0,1,False,False,True
val/videos/2017-09-25_16-03-38/2017-09-25_16-03-38.mp4-bee_id_1566-50670-1.png,0,2,False,False,True
val/videos/2017-09-25_16-03-38/2017-09-25_16-03-38.mp4-bee_id_1567-50685-1.png,0,0,False,False,True
val/videos/2017-09-25_16-03-38/2017-09-25_16-03-38.mp4-bee_id_1568-50745-1.png,1,0,True,False,True
val/videos/2017-09-25_16-03-38/2017-09-25_16-03-38.mp4-bee_id_1569-50745-1.png,0,1,False,False,True
val/videos/2017-09-25_16-03-38/2017-09-25_16-03-38.mp4-bee_id_1570-50835-1.png,0,0,False,False,True
val/videos/2017-09-25_16-03-38/2017-09-25_16-03-38.mp4-bee_id_1571-50835-1.png,0,0,False,False,True
val/videos/2017-09-25_16-03-38/2017-09-25_16-03-38.mp4-bee_id_1573-50880-1.png,0,0,False,False,True
val/videos/2017-09-25_16-03-38/2017-09-25_16-03-38.mp4-bee_id_1574-50895-1.png,0,0,False,False,True
val/videos/2017-09-25_16-03-38/2017-09-25_16-03-38.mp4-bee_id_1575-50910-1.png,0,0,False,False,True
val/videos/2017-09-25_16-03-38/2017-09-25_16-03-38.mp4-bee_id_1576-50940-1.png,1,1,True,False,True
val/videos/2017-09-25_16-03-38/2017-09-25_16-03-38.mp4-bee_id_1577-50955-1.png,0,2,False,False,True
val/videos/2017-09-25_16-03-38/2017-09-25_16-03-38.mp4-bee_id_1578-50985-1.png,0,0,False,False,True
val/videos/2017-09-25_16-03-38/2017-09-25_16-03-38.mp4-bee_id_1580-51045-1.png,0,2,False,False,True
val/videos/2017-09-25_16-03-38/2017-09-25_16-03-38.mp4-bee_id_1581-51060-1.png,0,0,False,False,True
val/videos/2017-09-25_16-03-38/2017-09-25_16-03-38.mp4-bee_id_1582-51060-1.png,0,0,False,False,True
val/videos/2017-09-25_16-03-38/2017-09-25_16-03-38.mp4-bee_id_1583-51135-1.png,0,0,False,False,True
val/videos/2017-09-25_16-03-38/2017-09-25_16-03-38.mp4-bee_id_1584-51135-1.png,0,1,False,False,True
val/videos/2017-09-25_16-03-38/2017-09-25_16-03-38.mp4-bee_id_1585-51135-1.png,1,2,True,False,True
val/videos/2017-09-25_16-03-38/2017-09-25_16-03-38.mp4-bee_id_1586-51150-1.png,0,1,False,False,True
val/videos/2017-09-25_16-03-38/2017-09-25_16-03-38.mp4-bee_id_1587-51165-1.png,0,0,False,False,True
val/videos/2017-09-25_16-03-38/2017-09-25_16-03-38.mp4-bee_id_1588-51165-1.png,0,2,False,False,True
val/videos/2017-09-25_16-03-38/2017-09-25_16-03-38.mp4-bee_id_1589-51180-1.png,0,1,False,False,True
val/videos/2017-09-25_16-03-38/2017-09-25_16-03-38.mp4-bee_id_1590-51225-1.png,0,0,False,False,True
val/videos/2017-09-25_16-03-38/2017-09-25_16-03-38.mp4-bee_id_1591-51255-1.png,0,0,False,False,True
val/videos/2017-09-25_16-03-38/2017-09-25_16-03-38.mp4-bee_id_1592-51315-1.png,0,1,False,False,True
val/videos/2017-09-25_16-03-38/2017-09-25_16-03-38.mp4-bee_id_1593-51330-1.png,0,1,False,False,True
val/videos/2017-09-25_16-03-38/2017-09-25_16-03-38.mp4-bee_id_1594-51330-1.png,0,0,False,False,True
val/videos/2017-09-25_16-03-38/2017-09-25_16-03-38.mp4-bee_id_1595-51375-1.png,0,0,False,False,True
val/videos/2017-09-25_16-03-38/2017-09-25_16-03-38.mp4-bee_id_1596-51405-1.png,1,1,True,True,True
val/videos/2017-09-25_16-03-38/2017-09-25_16-03-38.mp4-bee_id_1597-51420-1.png,0,0,False,False,True
val/videos/2017-09-25_16-03-38/2017-09-25_16-03-38.mp4-bee_id_1598-51435-1.png,0,0,False,False,True
val/videos/2017-09-25_16-03-38/2017-09-25_16-03-38.mp4-bee_id_1599-51525-1.png,0,0,False,False,True
val/videos/2017-09-25_16-03-38/2017-09-25_16-03-38.mp4-bee_id_1600-51540-1.png,0,0,False,False,True
val/videos/2017-09-25_16-03-38/2017-09-25_16-03-38.mp4-bee_id_1601-51615-1.png,0,0,False,False,True
val/videos/2017-09-25_16-03-38/2017-09-25_16-03-38.mp4-bee_id_1603-51630-1.png,0,0,False,False,True
val/videos/2017-09-25_16-03-38/2017-09-25_16-03-38.mp4-bee_id_1604-51720-1.png,1,1,True,True,True
val/videos/2017-09-25_16-03-38/2017-09-25_16-03-38.mp4-bee_id_1605-51720-1.png,0,0,False,False,True
val/videos/2017-09-25_16-03-38/2017-09-25_16-03-38.mp4-bee_id_1606-51735-1.png,0,0,False,False,True
val/videos/2017-09-25_16-03-38/2017-09-25_16-03-38.mp4-bee_id_1607-51750-1.png,0,0,False,False,True
val/videos/2017-09-25_16-03-38/2017-09-25_16-03-38.mp4-bee_id_1608-51810-1.png,0,0,False,False,True
val/videos/2017-09-25_16-03-38/2017-09-25_16-03-38.mp4-bee_id_1609-51825-1.png,0,0,False,False,True
val/videos/2017-09-25_16-03-38/2017-09-25_16-03-38.mp4-bee_id_1610-51840-1.png,0,0,False,False,True
val/videos/2017-09-25_16-03-38/2017-09-25_16-03-38.mp4-bee_id_1611-51855-1.png,0,0,False,False,True
val/videos/2017-09-25_16-03-38/2017-09-25_16-03-38.mp4-bee_id_1612-51855-1.png,0,0,False,False,True
val/videos/2017-09-25_16-03-38/2017-09-25_16-03-38.mp4-bee_id_1613-51870-1.png,0,0,False,False,True
val/videos/2017-09-25_16-03-38/2017-09-25_16-03-38.mp4-bee_id_1614-51870-1.png,0,0,False,False,True
val/videos/2017-09-25_16-03-38/2017-09-25_16-03-38.mp4-bee_id_1615-51930-1.png,0,1,False,False,True
val/videos/2017-09-25_16-03-38/2017-09-25_16-03-38.mp4-bee_id_1616-52005-1.png,0,0,False,False,True
val/videos/2017-09-25_16-03-38/2017-09-25_16-03-38.mp4-bee_id_1617-52005-1.png,0,0,False,False,True
val/videos/2017-09-25_16-03-38/2017-09-25_16-03-38.mp4-bee_id_1618-52035-1.png,0,1,False,False,True
val/videos/2017-09-25_16-03-38/2017-09-25_16-03-38.mp4-bee_id_1619-52065-1.png,0,1,False,False,True
val/videos/2017-09-25_16-03-38/2017-09-25_16-03-38.mp4-bee_id_1620-52080-1.png,0,1,False,False,True
val/videos/2017-09-25_16-03-38/2017-09-25_16-03-38.mp4-bee_id_1621-52125-1.png,0,0,False,False,True
val/videos/2017-09-25_16-03-38/2017-09-25_16-03-38.mp4-bee_id_1622-52140-1.png,0,0,False,False,True
val/videos/2017-09-25_16-03-38/2017-09-25_16-03-38.mp4-bee_id_1623-52155-1.png,1,1,True,True,True
val/videos/2017-09-25_16-03-38/2017-09-25_16-03-38.mp4-bee_id_1624-52155-1.png,0,1,False,False,True
val/videos/2017-09-25_16-03-38/2017-09-25_16-03-38.mp4-bee_id_1625-52215-1.png,0,1,False,False,True
val/videos/2017-09-25_16-03-38/2017-09-25_16-03-38.mp4-bee_id_1626-52230-1.png,0,0,False,False,True
val/videos/2017-09-25_16-03-38/2017-09-25_16-03-38.mp4-bee_id_1627-52245-1.png,0,1,False,False,True
val/videos/2017-09-25_16-03-38/2017-09-25_16-03-38.mp4-bee_id_1628-52245-1.png,0,2,False,False,True
val/videos/2017-09-25_16-03-38/2017-09-25_16-03-38.mp4-bee_id_1629-52260-1.png,0,1,False,False,True
val/videos/2017-09-25_16-03-38/2017-09-25_16-03-38.mp4-bee_id_1630-52260-1.png,0,0,False,False,True
val/videos/2017-09-25_16-03-38/2017-09-25_16-03-38.mp4-bee_id_1631-52275-1.png,0,0,False,False,True
val/videos/2017-09-25_16-03-38/2017-09-25_16-03-38.mp4-bee_id_1632-52320-1.png,0,0,False,False,True
val/videos/2017-09-25_16-03-38/2017-09-25_16-03-38.mp4-bee_id_1633-52380-1.png,0,0,False,False,True
val/videos/2017-09-25_16-03-38/2017-09-25_16-03-38.mp4-bee_id_1634-52395-1.png,0,0,False,False,True
val/videos/2017-09-25_16-03-38/2017-09-25_16-03-38.mp4-bee_id_1635-52410-1.png,0,1,False,False,True
val/videos/2017-09-25_16-03-38/2017-09-25_16-03-38.mp4-bee_id_1636-52500-1.png,0,0,False,False,True
val/videos/2017-09-25_16-03-38/2017-09-25_16-03-38.mp4-bee_id_1637-52515-1.png,0,0,False,False,True
val/videos/2017-09-25_16-03-38/2017-09-25_16-03-38.mp4-bee_id_1638-52530-1.png,0,0,False,False,True
val/videos/2017-09-25_16-03-38/2017-09-25_16-03-38.mp4-bee_id_1639-52545-1.png,0,1,False,False,True
val/videos/2017-09-25_16-03-38/2017-09-25_16-03-38.mp4-bee_id_1640-52545-1.png,0,0,False,False,True
val/videos/2017-09-25_16-03-38/2017-09-25_16-03-38.mp4-bee_id_1641-52575-1.png,0,1,False,False,True
val/videos/2017-09-25_16-03-38/2017-09-25_16-03-38.mp4-bee_id_1642-52605-1.png,0,0,False,False,True
val/videos/2017-09-25_16-03-38/2017-09-25_16-03-38.mp4-bee_id_1644-52650-1.png,0,0,False,False,True
val/videos/2017-09-25_16-03-38/2017-09-25_16-03-38.mp4-bee_id_1645-52665-1.png,0,0,False,False,True
val/videos/2017-09-25_16-03-38/2017-09-25_16-03-38.mp4-bee_id_1646-52680-1.png,0,1,False,False,True
val/videos/2017-09-25_16-03-38/2017-09-25_16-03-38.mp4-bee_id_1647-52725-1.png,0,1,False,False,True
val/videos/2017-09-25_16-03-38/2017-09-25_16-03-38.mp4-bee_id_1648-52725-1.png,0,0,False,False,True
val/videos/2017-09-25_16-03-38/2017-09-25_16-03-38.mp4-bee_id_1649-52755-1.png,0,1,False,False,True
val/videos/2017-09-25_16-03-38/2017-09-25_16-03-38.mp4-bee_id_1651-52830-1.png,0,1,False,False,True
val/videos/2017-09-25_16-03-38/2017-09-25_16-03-38.mp4-bee_id_1652-52890-1.png,0,1,False,False,True
val/videos/2017-09-25_16-03-38/2017-09-25_16-03-38.mp4-bee_id_1653-52965-1.png,0,1,False,False,True
val/videos/2017-09-25_16-03-38/2017-09-25_16-03-38.mp4-bee_id_1655-53070-1.png,1,2,True,True,True
val/videos/2017-09-25_16-03-38/2017-09-25_16-03-38.mp4-bee_id_1656-53070-1.png,0,0,False,False,True
val/videos/2017-09-25_16-03-38/2017-09-25_16-03-38.mp4-bee_id_1657-53085-1.png,0,0,False,False,True
val/videos/2017-09-25_16-03-38/2017-09-25_16-03-38.mp4-bee_id_1658-53235-1.png,0,0,False,False,True
val/videos/2017-09-25_16-03-38/2017-09-25_16-03-38.mp4-bee_id_1659-53265-1.png,0,0,False,False,True
val/videos/2017-09-25_16-03-38/2017-09-25_16-03-38.mp4-bee_id_1660-53325-1.png,0,0,False,False,True
val/videos/2017-09-25_16-03-38/2017-09-25_16-03-38.mp4-bee_id_1661-53325-1.png,1,3,True,True,True
val/videos/2017-09-25_16-03-38/2017-09-25_16-03-38.mp4-bee_id_1662-53340-1.png,1,2,True,True,True
val/videos/2017-09-25_16-03-38/2017-09-25_16-03-38.mp4-bee_id_1663-53355-1.png,1,3,True,True,True
val/videos/2017-09-25_16-03-38/2017-09-25_16-03-38.mp4-bee_id_1664-53370-1.png,1,0,True,False,True
val/videos/2017-09-25_16-03-38/2017-09-25_16-03-38.mp4-bee_id_1665-53370-1.png,0,0,False,False,True
val/videos/2017-09-25_16-03-38/2017-09-25_16-03-38.mp4-bee_id_1666-53385-1.png,1,0,True,False,True
val/videos/2017-09-25_16-03-38/2017-09-25_16-03-38.mp4-bee_id_1667-53400-1.png,0,0,False,False,True
val/videos/2017-09-25_16-03-38/2017-09-25_16-03-38.mp4-bee_id_1668-53460-1.png,0,0,False,False,True
val/videos/2017-09-25_16-03-38/2017-09-25_16-03-38.mp4-bee_id_1669-53475-1.png,1,1,True,True,True
val/videos/2017-09-25_16-03-38/2017-09-25_16-03-38.mp4-bee_id_1670-53490-1.png,0,0,False,False,True
val/videos/2017-09-25_16-03-38/2017-09-25_16-03-38.mp4-bee_id_1671-53505-1.png,0,0,False,False,True
val/videos/2017-09-25_16-03-38/2017-09-25_16-03-38.mp4-bee_id_1672-53505-1.png,0,1,False,False,True
val/videos/2017-09-25_16-03-38/2017-09-25_16-03-38.mp4-bee_id_1673-53595-1.png,0,0,False,False,True
val/videos/2017-09-25_16-03-38/2017-09-25_16-03-38.mp4-bee_id_1674-53640-1.png,0,1,False,False,True
val/videos/2017-09-25_16-03-38/2017-09-25_16-03-38.mp4-bee_id_1675-53805-1.png,0,0,False,False,True
val/videos/2017-09-25_16-03-38/2017-09-25_16-03-38.mp4-bee_id_1676-53820-1.png,0,0,False,False,True
val/videos/2017-09-25_16-03-38/2017-09-25_16-03-38.mp4-bee_id_1677-53865-1.png,0,0,False,False,True
val/videos/2017-09-25_16-03-38/2017-09-25_16-03-38.mp4-bee_id_1678-53895-1.png,0,0,False,False,True
val/videos/2017-09-25_16-03-38/2017-09-25_16-03-38.mp4-bee_id_1679-53910-1.png,0,0,False,False,True
val/videos/2017-09-25_16-03-38/2017-09-25_16-03-38.mp4-bee_id_1680-53940-1.png,0,0,False,False,True
val/videos/2017-09-25_16-03-38/2017-09-25_16-03-38.mp4-bee_id_1681-53955-1.png,0,1,False,False,True
val/videos/2017-09-25_16-03-38/2017-09-25_16-03-38.mp4-bee_id_1682-53970-1.png,0,0,False,False,True
val/videos/2017-09-25_16-03-38/2017-09-25_16-03-38.mp4-bee_id_1683-54060-1.png,0,1,False,False,True
val/videos/2017-09-25_16-03-38/2017-09-25_16-03-38.mp4-bee_id_1684-54075-1.png,0,0,False,False,True
val/videos/2017-09-25_16-03-38/2017-09-25_16-03-38.mp4-bee_id_1685-54075-1.png,0,0,False,False,True
val/videos/2017-09-25_16-03-38/2017-09-25_16-03-38.mp4-bee_id_1686-54090-1.png,0,0,False,False,True
val/videos/2017-09-25_16-03-38/2017-09-25_16-03-38.mp4-bee_id_1687-54105-1.png,0,0,False,False,True
val/videos/2017-09-25_16-03-38/2017-09-25_16-03-38.mp4-bee_id_1688-54120-1.png,0,0,False,False,True
val/videos/2017-09-25_16-03-38/2017-09-25_16-03-38.mp4-bee_id_1689-54120-1.png,0,0,False,False,True
val/videos/2017-09-25_16-03-38/2017-09-25_16-03-38.mp4-bee_id_1690-54135-1.png,0,0,False,False,True
val/videos/2017-09-25_16-03-38/2017-09-25_16-03-38.mp4-bee_id_1691-54165-1.png,0,0,False,False,True
val/videos/2017-09-25_16-03-38/2017-09-25_16-03-38.mp4-bee_id_1692-54270-1.png,0,1,False,False,True
val/videos/2017-09-25_16-03-38/2017-09-25_16-03-38.mp4-bee_id_1693-54270-1.png,0,0,False,False,True
val/videos/2017-09-25_16-03-38/2017-09-25_16-03-38.mp4-bee_id_1694-54285-1.png,0,0,False,False,True
val/videos/2017-09-25_16-03-38/2017-09-25_16-03-38.mp4-bee_id_1695-54300-1.png,0,1,False,False,True
val/videos/2017-09-25_16-03-38/2017-09-25_16-03-38.mp4-bee_id_1696-54345-1.png,0,0,False,False,True
val/videos/2017-09-25_16-03-38/2017-09-25_16-03-38.mp4-bee_id_1698-54390-1.png,0,0,False,False,True
val/videos/2017-09-25_16-03-38/2017-09-25_16-03-38.mp4-bee_id_1699-54450-1.png,0,0,False,False,True
val/videos/2017-09-25_16-03-38/2017-09-25_16-03-38.mp4-bee_id_1700-54495-1.png,0,1,False,False,True
val/videos/2017-09-25_16-03-38/2017-09-25_16-03-38.mp4-bee_id_1701-54525-1.png,0,1,False,False,True
val/videos/2017-09-25_16-03-38/2017-09-25_16-03-38.mp4-bee_id_1702-54525-1.png,0,0,False,False,True
val/videos/2017-09-25_16-03-38/2017-09-25_16-03-38.mp4-bee_id_1703-54540-1.png,0,1,False,False,True
val/videos/2017-09-25_16-03-38/2017-09-25_16-03-38.mp4-bee_id_1704-54585-1.png,0,2,False,False,True
val/videos/2017-09-25_16-03-38/2017-09-25_16-03-38.mp4-bee_id_1705-54600-1.png,0,0,False,False,True
val/videos/2017-09-25_16-03-38/2017-09-25_16-03-38.mp4-bee_id_1706-54615-1.png,0,1,False,False,True
val/videos/2017-09-25_16-03-38/2017-09-25_16-03-38.mp4-bee_id_1707-54660-1.png,0,0,False,False,True
val/videos/2017-09-25_16-03-38/2017-09-25_16-03-38.mp4-bee_id_1708-54675-1.png,0,0,False,False,True
val/videos/2017-09-25_16-03-38/2017-09-25_16-03-38.mp4-bee_id_1709-54690-1.png,0,2,False,False,True
val/videos/2017-09-25_16-03-38/2017-09-25_16-03-38.mp4-bee_id_1710-54720-1.png,0,0,False,False,True
val/videos/2017-09-25_16-03-38/2017-09-25_16-03-38.mp4-bee_id_1711-54735-1.png,0,0,False,False,True
val/videos/2017-09-25_16-03-38/2017-09-25_16-03-38.mp4-bee_id_1712-54810-1.png,0,0,False,False,True
val/videos/2017-09-25_16-03-38/2017-09-25_16-03-38.mp4-bee_id_1713-54810-1.png,0,0,False,False,True
val/videos/2017-09-25_16-03-38/2017-09-25_16-03-38.mp4-bee_id_1714-54810-1.png,0,1,False,False,True
val/videos/2017-09-25_16-03-38/2017-09-25_16-03-38.mp4-bee_id_1715-54840-1.png,0,0,False,False,True
val/videos/2017-09-25_16-03-38/2017-09-25_16-03-38.mp4-bee_id_1716-54885-1.png,0,1,False,False,True
val/videos/2017-09-25_16-03-38/2017-09-25_16-03-38.mp4-bee_id_1717-54915-1.png,0,0,False,False,True
val/videos/2017-09-25_16-03-38/2017-09-25_16-03-38.mp4-bee_id_1718-54945-1.png,0,2,False,False,True
val/videos/2017-09-25_16-03-38/2017-09-25_16-03-38.mp4-bee_id_1719-55005-1.png,0,0,False,False,True
val/videos/2017-09-25_16-03-38/2017-09-25_16-03-38.mp4-bee_id_1720-55020-1.png,0,0,False,False,True
val/videos/2017-09-25_16-03-38/2017-09-25_16-03-38.mp4-bee_id_1721-55020-1.png,0,1,False,False,True
val/videos/2017-09-25_16-03-38/2017-09-25_16-03-38.mp4-bee_id_1722-55035-1.png,0,0,False,False,True
val/videos/2017-09-25_16-03-38/2017-09-25_16-03-38.mp4-bee_id_1723-55050-1.png,0,0,False,False,True
val/videos/2017-09-25_16-03-38/2017-09-25_16-03-38.mp4-bee_id_1724-55050-1.png,1,2,True,True,True
val/videos/2017-09-25_16-03-38/2017-09-25_16-03-38.mp4-bee_id_1725-55095-1.png,0,0,False,False,True
val/videos/2017-09-25_16-03-38/2017-09-25_16-03-38.mp4-bee_id_1726-55110-1.png,0,0,False,False,True
val/videos/2017-09-25_16-03-38/2017-09-25_16-03-38.mp4-bee_id_1727-55125-1.png,0,0,False,False,True
val/videos/2017-09-25_16-03-38/2017-09-25_16-03-38.mp4-bee_id_1728-55185-1.png,0,1,False,False,True
val/videos/2017-09-25_16-03-38/2017-09-25_16-03-38.mp4-bee_id_1729-55200-1.png,0,0,False,False,True
val/videos/2017-09-25_16-03-38/2017-09-25_16-03-38.mp4-bee_id_1730-55215-1.png,0,0,False,False,True
val/videos/2017-09-25_16-03-38/2017-09-25_16-03-38.mp4-bee_id_1731-55275-1.png,0,0,False,False,True
val/videos/2017-09-25_16-03-38/2017-09-25_16-03-38.mp4-bee_id_1732-55305-1.png,0,0,False,False,True
val/videos/2017-09-25_16-03-38/2017-09-25_16-03-38.mp4-bee_id_1734-55365-1.png,0,0,False,False,True
val/videos/2017-09-25_16-03-38/2017-09-25_16-03-38.mp4-bee_id_1735-55365-1.png,0,0,False,False,True
val/videos/2017-09-25_16-03-38/2017-09-25_16-03-38.mp4-bee_id_1736-55410-1.png,0,0,False,False,True
val/videos/2017-09-25_16-03-38/2017-09-25_16-03-38.mp4-bee_id_1737-55515-1.png,0,0,False,False,True
val/videos/2017-09-25_16-03-38/2017-09-25_16-03-38.mp4-bee_id_1738-55545-1.png,0,2,False,False,True
val/videos/2017-09-25_16-03-38/2017-09-25_16-03-38.mp4-bee_id_1739-55575-1.png,0,0,False,False,True
val/videos/2017-09-25_16-03-38/2017-09-25_16-03-38.mp4-bee_id_1742-55590-1.png,0,0,False,False,True
val/videos/2017-09-25_16-03-38/2017-09-25_16-03-38.mp4-bee_id_1743-55665-1.png,0,0,False,False,True
val/videos/2017-09-25_16-03-38/2017-09-25_16-03-38.mp4-bee_id_1744-55680-1.png,0,0,False,False,True
val/videos/2017-09-25_16-03-38/2017-09-25_16-03-38.mp4-bee_id_1745-55695-1.png,1,0,True,False,True
val/videos/2017-09-25_16-03-38/2017-09-25_16-03-38.mp4-bee_id_1746-55695-1.png,0,0,False,False,True
val/videos/2017-09-25_16-03-38/2017-09-25_16-03-38.mp4-bee_id_1749-55740-1.png,0,0,False,False,True
val/videos/2017-09-25_16-03-38/2017-09-25_16-03-38.mp4-bee_id_1750-55755-1.png,0,1,False,False,True
val/videos/2017-09-25_16-03-38/2017-09-25_16-03-38.mp4-bee_id_1751-55770-1.png,0,0,False,False,True
val/videos/2017-09-25_16-03-38/2017-09-25_16-03-38.mp4-bee_id_1752-55830-1.png,0,0,False,False,True
val/videos/2017-09-25_16-03-38/2017-09-25_16-03-38.mp4-bee_id_1753-55875-1.png,0,0,False,False,True
val/videos/2017-09-25_16-03-38/2017-09-25_16-03-38.mp4-bee_id_1754-55875-1.png,0,0,False,False,True
val/videos/2017-09-25_16-03-38/2017-09-25_16-03-38.mp4-bee_id_1755-55965-1.png,0,0,False,False,True
val/videos/2017-09-25_16-03-38/2017-09-25_16-03-38.mp4-bee_id_1756-55980-1.png,0,0,False,False,True
val/videos/2017-09-25_16-03-38/2017-09-25_16-03-38.mp4-bee_id_1757-55995-1.png,0,0,False,False,True
val/videos/2017-09-25_16-03-38/2017-09-25_16-03-38.mp4-bee_id_1758-56040-1.png,0,0,False,False,True
val/videos/2017-09-25_16-03-38/2017-09-25_16-03-38.mp4-bee_id_1759-56115-1.png,0,1,False,False,True
val/videos/2017-09-25_16-03-38/2017-09-25_16-03-38.mp4-bee_id_1760-56130-1.png,0,1,False,False,True
val/videos/2017-09-25_16-03-38/2017-09-25_16-03-38.mp4-bee_id_1761-56160-1.png,0,0,False,False,True
val/videos/2017-09-25_16-03-38/2017-09-25_16-03-38.mp4-bee_id_1762-56250-1.png,0,0,False,False,True
val/videos/2017-09-25_16-03-38/2017-09-25_16-03-38.mp4-bee_id_1763-56250-1.png,0,0,False,False,True
val/videos/2017-09-25_16-03-38/2017-09-25_16-03-38.mp4-bee_id_1764-56250-1.png,0,0,False,False,True
val/videos/2017-09-25_16-03-38/2017-09-25_16-03-38.mp4-bee_id_1765-56265-1.png,0,0,False,False,True
val/videos/2017-09-25_16-03-38/2017-09-25_16-03-38.mp4-bee_id_1766-56295-1.png,0,0,False,False,True
val/videos/2017-09-25_16-03-38/2017-09-25_16-03-38.mp4-bee_id_1768-56400-1.png,0,2,False,False,True
val/videos/2017-09-25_16-03-38/2017-09-25_16-03-38.mp4-bee_id_1769-56400-1.png,0,1,False,False,True
val/videos/2017-09-25_16-03-38/2017-09-25_16-03-38.mp4-bee_id_1770-56475-1.png,0,0,False,False,True
val/videos/2017-09-25_16-03-38/2017-09-25_16-03-38.mp4-bee_id_1771-56490-1.png,0,0,False,False,True
val/videos/2017-09-25_16-03-38/2017-09-25_16-03-38.mp4-bee_id_1772-56520-1.png,0,0,False,False,True
val/videos/2017-09-25_16-03-38/2017-09-25_16-03-38.mp4-bee_id_1773-56610-1.png,0,1,False,False,True
val/videos/2017-09-25_16-03-38/2017-09-25_16-03-38.mp4-bee_id_1774-56640-1.png,0,1,False,False,True
val/videos/2017-09-25_16-03-38/2017-09-25_16-03-38.mp4-bee_id_1776-56655-1.png,0,0,False,False,True
val/videos/2017-09-25_16-03-38/2017-09-25_16-03-38.mp4-bee_id_1777-56670-1.png,0,2,False,False,True
val/videos/2017-09-25_16-03-38/2017-09-25_16-03-38.mp4-bee_id_1778-56700-1.png,0,0,False,False,True
val/videos/2017-09-25_16-03-38/2017-09-25_16-03-38.mp4-bee_id_1779-56730-1.png,0,1,False,False,True
val/videos/2017-09-25_16-03-38/2017-09-25_16-03-38.mp4-bee_id_1780-56760-1.png,0,0,False,False,True
val/videos/2017-09-25_16-03-38/2017-09-25_16-03-38.mp4-bee_id_1781-56805-1.png,0,0,False,False,True
val/videos/2017-09-25_16-03-38/2017-09-25_16-03-38.mp4-bee_id_1782-56835-1.png,0,1,False,False,True
val/videos/2017-09-25_16-03-38/2017-09-25_16-03-38.mp4-bee_id_1783-56850-1.png,0,0,False,False,True
val/videos/2017-09-25_16-03-38/2017-09-25_16-03-38.mp4-bee_id_1784-56910-1.png,0,1,False,False,True
val/videos/2017-09-25_16-03-38/2017-09-25_16-03-38.mp4-bee_id_1785-56925-1.png,0,1,False,False,True
val/videos/2017-09-25_16-03-38/2017-09-25_16-03-38.mp4-bee_id_1786-56940-1.png,0,1,False,False,True
val/videos/2017-09-25_16-03-38/2017-09-25_16-03-38.mp4-bee_id_1787-56985-1.png,0,0,False,False,True
val/videos/2017-09-25_16-03-38/2017-09-25_16-03-38.mp4-bee_id_1788-57075-1.png,0,0,False,False,True
val/videos/2017-09-25_16-03-38/2017-09-25_16-03-38.mp4-bee_id_1789-57135-1.png,0,0,False,False,True
val/videos/2017-09-25_16-03-38/2017-09-25_16-03-38.mp4-bee_id_1790-57180-1.png,1,2,True,True,True
val/videos/2017-09-25_16-03-38/2017-09-25_16-03-38.mp4-bee_id_1791-57180-1.png,0,3,False,False,True
val/videos/2017-09-25_16-03-38/2017-09-25_16-03-38.mp4-bee_id_1792-57225-1.png,0,0,False,False,True
val/videos/2017-09-25_16-03-38/2017-09-25_16-03-38.mp4-bee_id_1793-57240-1.png,0,2,False,False,True
val/videos/2017-09-25_16-03-38/2017-09-25_16-03-38.mp4-bee_id_1794-57240-1.png,0,1,False,False,True
val/videos/2017-09-25_16-03-38/2017-09-25_16-03-38.mp4-bee_id_1795-57315-1.png,0,0,False,False,True
val/videos/2017-09-25_16-03-38/2017-09-25_16-03-38.mp4-bee_id_1796-57345-1.png,0,2,False,False,True
val/videos/2017-09-25_16-03-38/2017-09-25_16-03-38.mp4-bee_id_1797-57360-1.png,0,0,False,False,True
val/videos/2017-09-25_16-03-38/2017-09-25_16-03-38.mp4-bee_id_1798-57390-1.png,0,0,False,False,True
val/videos/2017-09-25_16-03-38/2017-09-25_16-03-38.mp4-bee_id_1799-57525-1.png,0,0,False,False,True
val/videos/2017-09-25_16-03-38/2017-09-25_16-03-38.mp4-bee_id_1800-57540-1.png,0,0,False,False,True
val/videos/2017-09-25_16-03-38/2017-09-25_16-03-38.mp4-bee_id_1801-57555-1.png,0,0,False,False,True
val/videos/2017-09-25_16-03-38/2017-09-25_16-03-38.mp4-bee_id_1802-57570-1.png,0,0,False,False,True
val/videos/2017-09-25_16-03-38/2017-09-25_16-03-38.mp4-bee_id_1803-57615-1.png,0,0,False,False,True
val/videos/2017-09-25_16-03-38/2017-09-25_16-03-38.mp4-bee_id_1804-57630-1.png,0,0,False,False,True
val/videos/2017-09-25_16-03-38/2017-09-25_16-03-38.mp4-bee_id_1805-57630-1.png,0,0,False,False,True
val/videos/2017-09-25_16-03-38/2017-09-25_16-03-38.mp4-bee_id_1806-57645-1.png,0,2,False,False,True
val/videos/2017-09-25_16-03-38/2017-09-25_16-03-38.mp4-bee_id_1807-57660-1.png,0,1,False,False,True
val/videos/2017-09-25_16-03-38/2017-09-25_16-03-38.mp4-bee_id_1808-57690-1.png,0,0,False,False,True
val/videos/2017-09-25_16-03-38/2017-09-25_16-03-38.mp4-bee_id_1809-57870-1.png,1,1,True,True,True
val/videos/2017-09-25_16-03-38/2017-09-25_16-03-38.mp4-bee_id_1811-57990-1.png,0,1,False,False,True
val/videos/2017-09-25_16-03-38/2017-09-25_16-03-38.mp4-bee_id_1812-58020-1.png,0,0,False,False,True
val/videos/2017-09-25_16-03-38/2017-09-25_16-03-38.mp4-bee_id_1813-58035-1.png,0,0,False,False,True
val/videos/2017-09-25_16-03-38/2017-09-25_16-03-38.mp4-bee_id_1814-58110-1.png,0,1,False,False,True
val/videos/2017-09-25_16-03-38/2017-09-25_16-03-38.mp4-bee_id_1815-58110-1.png,0,1,False,False,True
val/videos/2017-09-25_16-03-38/2017-09-25_16-03-38.mp4-bee_id_1817-58260-1.png,0,0,False,False,True
val/videos/2017-09-25_16-03-38/2017-09-25_16-03-38.mp4-bee_id_1819-58365-1.png,1,3,True,True,True
val/videos/2017-09-25_16-03-38/2017-09-25_16-03-38.mp4-bee_id_1820-58380-1.png,0,0,False,False,True
val/videos/2017-09-25_16-03-38/2017-09-25_16-03-38.mp4-bee_id_1821-58395-1.png,0,2,False,False,True
val/videos/2017-09-25_16-03-38/2017-09-25_16-03-38.mp4-bee_id_1822-58485-1.png,1,2,True,True,True
val/videos/2017-09-25_16-03-38/2017-09-25_16-03-38.mp4-bee_id_1823-58485-1.png,0,1,False,False,True
val/videos/2017-09-25_16-03-38/2017-09-25_16-03-38.mp4-bee_id_1824-58575-1.png,0,1,False,False,True
val/videos/2017-09-25_16-03-38/2017-09-25_16-03-38.mp4-bee_id_1825-58695-1.png,0,0,False,False,True
val/videos/2017-09-25_16-03-38/2017-09-25_16-03-38.mp4-bee_id_1826-58740-1.png,0,0,False,False,True
val/videos/2017-09-25_16-03-38/2017-09-25_16-03-38.mp4-bee_id_1827-58875-1.png,0,0,False,False,True
val/videos/2017-09-25_16-03-38/2017-09-25_16-03-38.mp4-bee_id_1828-59325-1.png,0,0,False,False,True
val/videos/2017-09-25_16-03-38/2017-09-25_16-03-38.mp4-bee_id_1829-59775-1.png,0,0,False,False,True
val/videos/2017-09-25_16-03-38/2017-09-25_16-03-38.mp4-bee_id_1830-60015-1.png,0,0,False,False,True
val/videos/2017-09-25_16-03-38/2017-09-25_16-03-38.mp4-bee_id_1831-60180-1.png,0,0,False,False,True
val/videos/2017-09-25_16-03-38/2017-09-25_16-03-38.mp4-bee_id_1832-60195-1.png,0,1,False,False,True
val/videos/2017-09-25_16-03-38/2017-09-25_16-03-38.mp4-bee_id_1833-60255-1.png,0,0,False,False,True
val/videos/2017-09-25_16-03-38/2017-09-25_16-03-38.mp4-bee_id_1834-60330-1.png,0,1,False,False,True
val/videos/2017-09-25_16-03-38/2017-09-25_16-03-38.mp4-bee_id_1836-61110-1.png,1,0,True,False,True
val/videos/2017-09-25_16-03-38/2017-09-25_16-03-38.mp4-bee_id_1837-61260-1.png,0,0,False,False,True
val/videos/2017-09-25_16-03-38/2017-09-25_16-03-38.mp4-bee_id_1838-61545-1.png,1,0,True,False,True
val/videos/2017-09-25_16-03-38/2017-09-25_16-03-38.mp4-bee_id_1839-61545-1.png,0,2,False,False,True
val/videos/2017-09-25_16-03-38/2017-09-25_16-03-38.mp4-bee_id_1840-61560-1.png,0,0,False,False,True
val/videos/2017-09-25_16-03-38/2017-09-25_16-03-38.mp4-bee_id_1841-61845-1.png,0,1,False,False,True
val/videos/2017-09-25_16-03-38/2017-09-25_16-03-38.mp4-bee_id_1843-61890-1.png,0,0,False,False,True
val/videos/2017-09-25_16-03-38/2017-09-25_16-03-38.mp4-bee_id_1844-62205-1.png,0,1,False,False,True
val/videos/2017-09-25_16-03-38/2017-09-25_16-03-38.mp4-bee_id_1845-62235-1.png,0,1,False,False,True
val/videos/2017-09-25_16-03-38/2017-09-25_16-03-38.mp4-bee_id_1846-62235-1.png,0,4,False,False,True
val/videos/2017-09-25_16-03-38/2017-09-25_16-03-38.mp4-bee_id_1847-62235-1.png,0,2,False,False,True
val/videos/2017-09-25_16-03-38/2017-09-25_16-03-38.mp4-bee_id_1848-62250-1.png,0,0,False,False,True
val/videos/2017-09-25_16-03-38/2017-09-25_16-03-38.mp4-bee_id_1849-62280-1.png,0,2,False,False,True
val/videos/2017-09-25_16-03-38/2017-09-25_16-03-38.mp4-bee_id_1850-62670-1.png,0,1,False,False,True
val/videos/2017-09-25_16-03-38/2017-09-25_16-03-38.mp4-bee_id_1851-62985-1.png,0,0,False,False,True
val/videos/2017-09-25_16-03-38/2017-09-25_16-03-38.mp4-bee_id_1852-63045-1.png,0,0,False,False,True
val/videos/2017-09-25_16-03-38/2017-09-25_16-03-38.mp4-bee_id_1853-63165-1.png,0,0,False,False,True
val/videos/2017-09-25_16-03-38/2017-09-25_16-03-38.mp4-bee_id_1854-63165-1.png,0,1,False,False,True
val/videos/2017-09-25_16-03-38/2017-09-25_16-03-38.mp4-bee_id_1855-63225-1.png,0,1,False,False,True
val/videos/2017-09-25_16-03-38/2017-09-25_16-03-38.mp4-bee_id_1856-63270-1.png,0,0,False,False,True
val/videos/2017-09-25_16-03-38/2017-09-25_16-03-38.mp4-bee_id_1857-63420-1.png,0,1,False,False,True
val/videos/2017-09-25_16-03-38/2017-09-25_16-03-38.mp4-bee_id_1858-63450-1.png,0,0,False,False,True
val/videos/2017-09-25_16-03-38/2017-09-25_16-03-38.mp4-bee_id_1859-63480-1.png,0,1,False,False,True
val/videos/2017-09-25_16-03-38/2017-09-25_16-03-38.mp4-bee_id_1860-63645-1.png,0,1,False,False,True
val/videos/2017-09-25_16-03-38/2017-09-25_16-03-38.mp4-bee_id_1861-63690-1.png,0,0,False,False,True
val/videos/2017-09-25_16-03-38/2017-09-25_16-03-38.mp4-bee_id_1862-63705-1.png,0,0,False,False,True
val/videos/2017-09-25_16-03-38/2017-09-25_16-03-38.mp4-bee_id_1863-63720-1.png,0,0,False,False,True
val/videos/2017-09-25_16-03-38/2017-09-25_16-03-38.mp4-bee_id_1864-63735-1.png,0,2,False,False,True
val/videos/2017-09-25_16-03-38/2017-09-25_16-03-38.mp4-bee_id_1865-63750-1.png,0,0,False,False,True
val/videos/2017-09-25_16-03-38/2017-09-25_16-03-38.mp4-bee_id_1866-63900-1.png,0,0,False,False,True
val/videos/2017-09-25_16-03-38/2017-09-25_16-03-38.mp4-bee_id_1867-63915-1.png,0,0,False,False,True
val/videos/2017-09-25_16-03-38/2017-09-25_16-03-38.mp4-bee_id_1868-64320-1.png,0,1,False,False,True
val/videos/2017-09-25_16-03-38/2017-09-25_16-03-38.mp4-bee_id_1869-64320-1.png,0,2,False,False,True
val/videos/2017-09-25_16-03-38/2017-09-25_16-03-38.mp4-bee_id_1870-64335-1.png,0,0,False,False,True
val/videos/2017-09-25_16-03-38/2017-09-25_16-03-38.mp4-bee_id_1871-64410-1.png,1,1,True,True,True
val/videos/2017-09-25_16-03-38/2017-09-25_16-03-38.mp4-bee_id_1872-64425-1.png,0,0,False,False,True
val/videos/2017-09-25_16-03-38/2017-09-25_16-03-38.mp4-bee_id_1873-64440-1.png,0,1,False,False,True
val/videos/2017-09-25_16-03-38/2017-09-25_16-03-38.mp4-bee_id_1874-64545-1.png,0,1,False,False,True
val/videos/2017-09-25_16-03-38/2017-09-25_16-03-38.mp4-bee_id_1875-64665-1.png,0,0,False,False,True
val/videos/2017-09-25_16-03-38/2017-09-25_16-03-38.mp4-bee_id_1876-64680-1.png,0,1,False,False,True
val/videos/2017-09-25_16-03-38/2017-09-25_16-03-38.mp4-bee_id_1877-64755-1.png,0,1,False,False,True
val/videos/2017-09-25_16-03-38/2017-09-25_16-03-38.mp4-bee_id_1878-64800-1.png,0,0,False,False,True
val/videos/2017-09-25_16-03-38/2017-09-25_16-03-38.mp4-bee_id_1879-64800-1.png,0,1,False,False,True
val/videos/2017-09-25_16-03-38/2017-09-25_16-03-38.mp4-bee_id_1880-64815-1.png,0,2,False,False,True
val/videos/2017-09-25_16-03-38/2017-09-25_16-03-38.mp4-bee_id_1881-65070-1.png,0,0,False,False,True
val/videos/2017-09-25_16-03-38/2017-09-25_16-03-38.mp4-bee_id_1882-65175-1.png,0,0,False,False,True
val/videos/2017-09-25_16-03-38/2017-09-25_16-03-38.mp4-bee_id_1884-65340-1.png,0,1,False,False,True
val/videos/2017-09-25_16-03-38/2017-09-25_16-03-38.mp4-bee_id_1885-65505-1.png,0,1,False,False,True
val/videos/2017-09-25_16-03-38/2017-09-25_16-03-38.mp4-bee_id_1886-65610-1.png,0,0,False,False,True
val/videos/2017-09-25_16-03-38/2017-09-25_16-03-38.mp4-bee_id_1887-65730-1.png,0,0,False,False,True
val/videos/2017-09-25_16-03-38/2017-09-25_16-03-38.mp4-bee_id_1888-65910-1.png,0,1,False,False,True
val/videos/2017-09-25_16-03-38/2017-09-25_16-03-38.mp4-bee_id_1889-66135-1.png,0,0,False,False,True
val/videos/2017-09-25_16-03-38/2017-09-25_16-03-38.mp4-bee_id_1890-66255-1.png,1,2,True,True,True
val/videos/2017-09-25_16-03-38/2017-09-25_16-03-38.mp4-bee_id_1891-66315-1.png,0,0,False,False,True
val/videos/2017-09-25_16-03-38/2017-09-25_16-03-38.mp4-bee_id_1892-66375-1.png,0,0,False,False,True
val/videos/2017-09-25_16-03-38/2017-09-25_16-03-38.mp4-bee_id_1893-66480-1.png,0,0,False,False,True
val/videos/2017-09-25_16-03-38/2017-09-25_16-03-38.mp4-bee_id_1894-66510-1.png,1,0,True,False,True
val/videos/2017-09-25_16-03-38/2017-09-25_16-03-38.mp4-bee_id_1895-66630-1.png,0,1,False,False,True
val/videos/2017-09-25_16-03-38/2017-09-25_16-03-38.mp4-bee_id_1896-66660-1.png,0,0,False,False,True
val/videos/2017-09-25_16-03-38/2017-09-25_16-03-38.mp4-bee_id_1898-66870-1.png,0,0,False,False,True
val/videos/2017-09-25_16-03-38/2017-09-25_16-03-38.mp4-bee_id_1899-66900-1.png,1,2,True,True,True
val/videos/2017-09-25_16-03-38/2017-09-25_16-03-38.mp4-bee_id_1900-66945-1.png,0,1,False,False,True
val/videos/2017-09-25_16-03-38/2017-09-25_16-03-38.mp4-bee_id_1901-67005-1.png,0,0,False,False,True
val/videos/2017-09-25_16-03-38/2017-09-25_16-03-38.mp4-bee_id_1902-67305-1.png,0,1,False,False,True
val/videos/2017-09-25_16-03-38/2017-09-25_16-03-38.mp4-bee_id_1903-67470-1.png,0,0,False,False,True
val/videos/2017-09-25_16-03-38/2017-09-25_16-03-38.mp4-bee_id_1904-67545-1.png,0,2,False,False,True
val/videos/2017-09-25_16-03-38/2017-09-25_16-03-38.mp4-bee_id_1905-67620-1.png,0,0,False,False,True
val/videos/2017-09-25_16-03-38/2017-09-25_16-03-38.mp4-bee_id_1906-67920-1.png,0,0,False,False,True
val/videos/2017-09-25_16-03-38/2017-09-25_16-03-38.mp4-bee_id_1907-68115-1.png,0,1,False,False,True
val/videos/2017-09-25_16-03-38/2017-09-25_16-03-38.mp4-bee_id_1908-68130-1.png,0,2,False,False,True
val/videos/2017-09-25_16-03-38/2017-09-25_16-03-38.mp4-bee_id_1909-68145-1.png,0,0,False,False,True
val/videos/2017-09-25_16-03-38/2017-09-25_16-03-38.mp4-bee_id_1910-68250-1.png,0,1,False,False,True
val/videos/2017-09-25_16-03-38/2017-09-25_16-03-38.mp4-bee_id_1911-68265-1.png,0,0,False,False,True
val/videos/2017-09-25_16-03-38/2017-09-25_16-03-38.mp4-bee_id_1912-68355-1.png,1,0,True,False,True
val/videos/2017-09-25_16-03-38/2017-09-25_16-03-38.mp4-bee_id_1913-68400-1.png,1,0,True,False,True
val/videos/2017-09-25_16-03-38/2017-09-25_16-03-38.mp4-bee_id_1915-68475-1.png,1,0,True,False,True
val/videos/2017-09-25_16-03-38/2017-09-25_16-03-38.mp4-bee_id_1916-68475-1.png,0,2,False,False,True
val/videos/2017-09-25_16-03-38/2017-09-25_16-03-38.mp4-bee_id_1917-68625-1.png,0,1,False,False,True
val/videos/2017-09-25_16-03-38/2017-09-25_16-03-38.mp4-bee_id_1918-68640-1.png,0,0,False,False,True
val/videos/2017-09-25_16-03-38/2017-09-25_16-03-38.mp4-bee_id_1919-68850-1.png,0,1,False,False,True
val/videos/2017-09-25_16-03-38/2017-09-25_16-03-38.mp4-bee_id_1920-68895-1.png,0,0,False,False,True
val/videos/2017-09-25_16-03-38/2017-09-25_16-03-38.mp4-bee_id_1921-68895-1.png,0,1,False,False,True
val/videos/2017-09-25_16-03-38/2017-09-25_16-03-38.mp4-bee_id_1922-69195-1.png,0,1,False,False,True
val/videos/2017-09-25_16-03-38/2017-09-25_16-03-38.mp4-bee_id_1923-69375-1.png,0,0,False,False,True
val/videos/2017-09-25_16-03-38/2017-09-25_16-03-38.mp4-bee_id_1924-69540-1.png,0,1,False,False,True
val/videos/2017-09-25_16-03-38/2017-09-25_16-03-38.mp4-bee_id_1926-69630-1.png,0,0,False,False,True
val/videos/2017-09-25_16-03-38/2017-09-25_16-03-38.mp4-bee_id_1927-69780-1.png,0,1,False,False,True
val/videos/2017-09-25_16-03-38/2017-09-25_16-03-38.mp4-bee_id_1928-69795-1.png,0,0,False,False,True
val/videos/2017-09-25_16-03-38/2017-09-25_16-03-38.mp4-bee_id_1929-69885-1.png,0,0,False,False,True
val/videos/2017-09-25_16-03-38/2017-09-25_16-03-38.mp4-bee_id_1930-69915-1.png,0,1,False,False,True
val/videos/2017-09-25_16-03-38/2017-09-25_16-03-38.mp4-bee_id_1931-70035-1.png,0,1,False,False,True
val/videos/2017-09-25_16-03-38/2017-09-25_16-03-38.mp4-bee_id_1932-70050-1.png,0,1,False,False,True
val/videos/2017-09-25_16-03-38/2017-09-25_16-03-38.mp4-bee_id_1933-70050-1.png,0,2,False,False,True
val/videos/2017-09-25_16-03-38/2017-09-25_16-03-38.mp4-bee_id_1934-70320-1.png,0,0,False,False,True
val/videos/2017-09-25_16-03-38/2017-09-25_16-03-38.mp4-bee_id_1936-70440-1.png,0,1,False,False,True
val/videos/2017-09-25_16-03-38/2017-09-25_16-03-38.mp4-bee_id_1937-70560-1.png,0,0,False,False,True
val/videos/2017-09-25_16-03-38/2017-09-25_16-03-38.mp4-bee_id_1938-70605-1.png,0,0,False,False,True
val/videos/2017-09-25_16-03-38/2017-09-25_16-03-38.mp4-bee_id_1939-70785-1.png,0,2,False,False,True
val/videos/2017-09-25_16-03-38/2017-09-25_16-03-38.mp4-bee_id_1940-70800-1.png,0,0,False,False,True
val/videos/2017-09-25_16-03-38/2017-09-25_16-03-38.mp4-bee_id_1941-70815-1.png,0,0,False,False,True
val/videos/2017-09-25_16-03-38/2017-09-25_16-03-38.mp4-bee_id_1942-70830-1.png,0,0,False,False,True
val/videos/2017-09-25_16-03-38/2017-09-25_16-03-38.mp4-bee_id_1943-70875-1.png,0,0,False,False,True
val/videos/2017-09-25_16-03-38/2017-09-25_16-03-38.mp4-bee_id_1944-71010-1.png,0,0,False,False,True
val/videos/2017-09-25_16-03-38/2017-09-25_16-03-38.mp4-bee_id_1945-71070-1.png,0,0,False,False,True
val/videos/2017-09-25_16-03-38/2017-09-25_16-03-38.mp4-bee_id_1946-71085-1.png,0,1,False,False,True
val/videos/2017-09-25_16-03-38/2017-09-25_16-03-38.mp4-bee_id_1947-71205-1.png,0,0,False,False,True
val/videos/2017-09-25_16-03-38/2017-09-25_16-03-38.mp4-bee_id_1948-71235-1.png,0,0,False,False,True
val/videos/2017-09-25_16-03-38/2017-09-25_16-03-38.mp4-bee_id_1949-71370-1.png,0,0,False,False,True
val/videos/2017-09-25_16-03-38/2017-09-25_16-03-38.mp4-bee_id_1950-71490-1.png,1,3,True,True,True
val/videos/2017-09-25_16-03-38/2017-09-25_16-03-38.mp4-bee_id_1951-71535-1.png,0,0,False,False,True
val/videos/2017-09-25_16-03-38/2017-09-25_16-03-38.mp4-bee_id_1952-71685-1.png,0,0,False,False,True
val/videos/2017-09-25_16-03-38/2017-09-25_16-03-38.mp4-bee_id_1953-71820-1.png,0,1,False,False,True
val/videos/2017-09-25_16-03-38/2017-09-25_16-03-38.mp4-bee_id_1954-71865-1.png,0,0,False,False,True
val/videos/2017-09-25_16-03-38/2017-09-25_16-03-38.mp4-bee_id_1955-71880-1.png,0,1,False,False,True
val/videos/2017-09-25_16-03-38/2017-09-25_16-03-38.mp4-bee_id_1956-71880-1.png,0,1,False,False,True
val/videos/2017-09-25_16-03-38/2017-09-25_16-03-38.mp4-bee_id_1958-72060-1.png,0,1,False,False,True
val/videos/2017-09-25_16-03-38/2017-09-25_16-03-38.mp4-bee_id_1959-72075-1.png,0,2,False,False,True
val/videos/2017-09-25_16-03-38/2017-09-25_16-03-38.mp4-bee_id_1960-72195-1.png,0,0,False,False,True
val/videos/2017-09-25_16-03-38/2017-09-25_16-03-38.mp4-bee_id_1962-72390-1.png,0,0,False,False,True
val/videos/2017-09-25_16-03-38/2017-09-25_16-03-38.mp4-bee_id_1963-72405-1.png,1,1,True,False,True
val/videos/2017-09-25_16-03-38/2017-09-25_16-03-38.mp4-bee_id_1964-72465-1.png,0,0,False,False,True
val/videos/2017-09-25_16-03-38/2017-09-25_16-03-38.mp4-bee_id_1965-72510-1.png,0,1,False,False,True
val/videos/2017-09-25_16-03-38/2017-09-25_16-03-38.mp4-bee_id_1966-72585-1.png,0,0,False,False,True
val/videos/2017-09-25_16-03-38/2017-09-25_16-03-38.mp4-bee_id_1967-72645-1.png,1,0,True,False,True
val/videos/2017-09-25_16-03-38/2017-09-25_16-03-38.mp4-bee_id_1968-72675-1.png,0,0,False,False,True
val/videos/2017-09-25_16-03-38/2017-09-25_16-03-38.mp4-bee_id_1969-72690-1.png,0,0,False,False,True
val/videos/2017-09-25_16-03-38/2017-09-25_16-03-38.mp4-bee_id_1970-72840-1.png,0,0,False,False,True
val/videos/2017-09-25_16-03-38/2017-09-25_16-03-38.mp4-bee_id_1971-73050-1.png,0,0,False,False,True
val/videos/2017-09-25_16-03-38/2017-09-25_16-03-38.mp4-bee_id_1972-73200-1.png,0,1,False,False,True
val/videos/2017-09-25_16-03-38/2017-09-25_16-03-38.mp4-bee_id_1973-73230-1.png,0,0,False,False,True
val/videos/2017-09-25_16-03-38/2017-09-25_16-03-38.mp4-bee_id_1974-73350-1.png,0,2,False,False,True
val/videos/2017-09-25_16-03-38/2017-09-25_16-03-38.mp4-bee_id_1975-73350-1.png,0,0,False,False,True
val/videos/2017-09-25_16-03-38/2017-09-25_16-03-38.mp4-bee_id_1976-73350-1.png,0,0,False,False,True
val/videos/2017-09-25_16-03-38/2017-09-25_16-03-38.mp4-bee_id_1977-73365-1.png,0,0,False,False,True
val/videos/2017-09-25_16-03-38/2017-09-25_16-03-38.mp4-bee_id_1978-73485-1.png,0,0,False,False,True
val/videos/2017-09-25_16-03-38/2017-09-25_16-03-38.mp4-bee_id_1980-73500-1.png,0,0,False,False,True
val/videos/2017-09-25_16-03-38/2017-09-25_16-03-38.mp4-bee_id_1981-73515-1.png,0,1,False,False,True
val/videos/2017-09-25_16-03-38/2017-09-25_16-03-38.mp4-bee_id_1982-73680-1.png,0,1,False,False,True
val/videos/2017-09-25_16-03-38/2017-09-25_16-03-38.mp4-bee_id_1983-73800-1.png,0,0,False,False,True
val/videos/2017-09-25_16-03-38/2017-09-25_16-03-38.mp4-bee_id_1984-73830-1.png,0,1,False,False,True
val/videos/2017-09-25_16-03-38/2017-09-25_16-03-38.mp4-bee_id_1985-73830-1.png,0,0,False,False,True
val/videos/2017-09-25_16-03-38/2017-09-25_16-03-38.mp4-bee_id_1986-73920-1.png,0,0,False,False,True
val/videos/2017-09-25_16-03-38/2017-09-25_16-03-38.mp4-bee_id_1987-74130-1.png,0,1,False,False,True
val/videos/2017-09-25_16-03-38/2017-09-25_16-03-38.mp4-bee_id_1988-74160-1.png,0,0,False,False,True
val/videos/2017-09-25_16-03-38/2017-09-25_16-03-38.mp4-bee_id_1989-74190-1.png,0,0,False,False,True
val/videos/2017-09-25_16-03-38/2017-09-25_16-03-38.mp4-bee_id_1990-74205-1.png,1,0,True,False,True
val/videos/2017-09-25_16-03-38/2017-09-25_16-03-38.mp4-bee_id_1991-74295-1.png,0,0,False,False,True
val/videos/2017-09-25_16-03-38/2017-09-25_16-03-38.mp4-bee_id_1992-74340-1.png,0,0,False,False,True
val/videos/2017-09-25_16-03-38/2017-09-25_16-03-38.mp4-bee_id_1993-74355-1.png,0,2,False,False,True
val/videos/2017-09-25_16-03-38/2017-09-25_16-03-38.mp4-bee_id_1994-74370-1.png,0,0,False,False,True
val/videos/2017-09-25_16-03-38/2017-09-25_16-03-38.mp4-bee_id_1995-74550-1.png,0,0,False,False,True
val/videos/2017-09-25_16-03-38/2017-09-25_16-03-38.mp4-bee_id_1996-74745-1.png,0,0,False,False,True
val/videos/2017-09-25_16-03-38/2017-09-25_16-03-38.mp4-bee_id_1997-74790-1.png,0,0,False,False,True
val/videos/2017-09-25_16-03-38/2017-09-25_16-03-38.mp4-bee_id_1998-74805-1.png,0,0,False,False,True
val/videos/2017-09-25_16-03-38/2017-09-25_16-03-38.mp4-bee_id_1999-74820-1.png,0,0,False,False,True
val/videos/2017-09-25_16-03-38/2017-09-25_16-03-38.mp4-bee_id_2000-74925-1.png,0,1,False,False,True
val/videos/2017-09-25_16-03-38/2017-09-25_16-03-38.mp4-bee_id_2001-75045-1.png,0,1,False,False,True
val/videos/2017-09-25_16-03-38/2017-09-25_16-03-38.mp4-bee_id_2002-75180-1.png,0,0,False,False,True
val/videos/2017-09-25_16-03-38/2017-09-25_16-03-38.mp4-bee_id_2003-75195-1.png,0,2,False,False,True
val/videos/2017-09-25_16-03-38/2017-09-25_16-03-38.mp4-bee_id_2004-75255-1.png,1,1,True,False,True
val/videos/2017-09-25_16-03-38/2017-09-25_16-03-38.mp4-bee_id_2005-75255-1.png,0,1,False,False,True
val/videos/2017-09-25_16-03-38/2017-09-25_16-03-38.mp4-bee_id_2006-75285-1.png,0,0,False,False,True
val/videos/2017-09-25_16-03-38/2017-09-25_16-03-38.mp4-bee_id_2007-75345-1.png,0,0,False,False,True
val/videos/2017-09-25_16-03-38/2017-09-25_16-03-38.mp4-bee_id_2008-75585-1.png,0,0,False,False,True
val/videos/2017-09-25_16-03-38/2017-09-25_16-03-38.mp4-bee_id_2009-75675-1.png,0,0,False,False,True
val/videos/2017-09-25_16-03-38/2017-09-25_16-03-38.mp4-bee_id_2010-75705-1.png,0,2,False,False,True
val/videos/2017-09-25_16-03-38/2017-09-25_16-03-38.mp4-bee_id_2011-75735-1.png,0,0,False,False,True
val/videos/2017-09-25_16-03-38/2017-09-25_16-03-38.mp4-bee_id_2012-75765-1.png,0,0,False,False,True
val/videos/2017-09-25_16-03-38/2017-09-25_16-03-38.mp4-bee_id_2013-75840-1.png,0,0,False,False,True
val/videos/2017-09-25_16-03-38/2017-09-25_16-03-38.mp4-bee_id_2014-75885-1.png,0,0,False,False,True
val/videos/2017-09-25_16-03-38/2017-09-25_16-03-38.mp4-bee_id_2015-75945-1.png,0,1,False,False,True
val/videos/2017-09-25_16-03-38/2017-09-25_16-03-38.mp4-bee_id_2016-76020-1.png,0,3,False,False,True
val/videos/2017-09-25_16-03-38/2017-09-25_16-03-38.mp4-bee_id_2018-76350-1.png,0,1,False,False,True
val/videos/2017-09-25_16-03-38/2017-09-25_16-03-38.mp4-bee_id_2020-76500-1.png,0,0,False,False,True
val/videos/2017-09-25_16-03-38/2017-09-25_16-03-38.mp4-bee_id_2021-76530-1.png,0,0,False,False,True
val/videos/2017-09-25_16-03-38/2017-09-25_16-03-38.mp4-bee_id_2022-76545-1.png,0,0,False,False,True
val/videos/2017-09-25_16-03-38/2017-09-25_16-03-38.mp4-bee_id_2023-76785-1.png,1,1,True,True,True
val/videos/2017-09-25_16-03-38/2017-09-25_16-03-38.mp4-bee_id_2024-76980-1.png,0,1,False,False,True
val/videos/2017-09-25_16-03-38/2017-09-25_16-03-38.mp4-bee_id_2025-77010-1.png,0,1,False,False,True
val/videos/2017-09-25_16-03-38/2017-09-25_16-03-38.mp4-bee_id_2026-77070-1.png,0,0,False,False,True
val/videos/2017-09-25_16-03-38/2017-09-25_16-03-38.mp4-bee_id_2027-77085-1.png,0,1,False,False,True
val/videos/2017-09-25_16-03-38/2017-09-25_16-03-38.mp4-bee_id_2028-77100-1.png,0,0,False,False,True
val/videos/2017-09-25_16-03-38/2017-09-25_16-03-38.mp4-bee_id_2029-77130-1.png,0,1,False,False,True
val/videos/2017-09-25_16-03-38/2017-09-25_16-03-38.mp4-bee_id_2030-77310-1.png,0,1,False,False,True
val/videos/2017-09-25_16-03-38/2017-09-25_16-03-38.mp4-bee_id_2031-77385-1.png,1,1,True,False,True
val/videos/2017-09-25_16-03-38/2017-09-25_16-03-38.mp4-bee_id_2032-77430-1.png,0,0,False,False,True
val/videos/2017-09-25_16-03-38/2017-09-25_16-03-38.mp4-bee_id_2033-77565-1.png,1,2,True,False,True
val/videos/2017-09-25_16-03-38/2017-09-25_16-03-38.mp4-bee_id_2034-77565-1.png,0,1,False,False,True
val/videos/2017-09-25_16-03-38/2017-09-25_16-03-38.mp4-bee_id_2036-77595-1.png,0,1,False,False,True
val/videos/2017-09-25_16-03-38/2017-09-25_16-03-38.mp4-bee_id_2037-77610-1.png,0,2,False,False,True
val/videos/2017-09-25_16-03-38/2017-09-25_16-03-38.mp4-bee_id_2038-77685-1.png,0,1,False,False,True
val/videos/2017-09-25_16-03-38/2017-09-25_16-03-38.mp4-bee_id_2039-77685-1.png,0,0,False,False,True
val/videos/2017-09-25_16-03-38/2017-09-25_16-03-38.mp4-bee_id_2040-77685-1.png,0,0,False,False,True
val/videos/2017-09-25_16-03-38/2017-09-25_16-03-38.mp4-bee_id_2041-77715-1.png,0,1,False,False,True
val/videos/2017-09-25_16-03-38/2017-09-25_16-03-38.mp4-bee_id_2042-77760-1.png,0,2,False,False,True
val/videos/2017-09-25_16-03-38/2017-09-25_16-03-38.mp4-bee_id_2044-77880-1.png,0,0,False,False,True
val/videos/2017-09-25_16-03-38/2017-09-25_16-03-38.mp4-bee_id_2045-77910-1.png,0,0,False,False,True
val/videos/2017-09-25_16-03-38/2017-09-25_16-03-38.mp4-bee_id_2046-77985-1.png,0,1,False,False,True
val/videos/2017-09-25_16-03-38/2017-09-25_16-03-38.mp4-bee_id_2047-78045-1.png,0,0,False,False,True
val/videos/2017-09-25_16-03-38/2017-09-25_16-03-38.mp4-bee_id_2048-78180-1.png,0,0,False,False,True
val/videos/2017-09-25_16-03-38/2017-09-25_16-03-38.mp4-bee_id_2049-78195-1.png,0,1,False,False,True
val/videos/2017-09-25_16-03-38/2017-09-25_16-03-38.mp4-bee_id_2050-78240-1.png,0,0,False,False,True
val/videos/2017-09-25_16-03-38/2017-09-25_16-03-38.mp4-bee_id_2051-78240-1.png,0,0,False,False,True
val/videos/2017-09-25_16-03-38/2017-09-25_16-03-38.mp4-bee_id_2052-78240-1.png,0,2,False,False,True
val/videos/2017-09-25_16-03-38/2017-09-25_16-03-38.mp4-bee_id_2053-78345-1.png,0,1,False,False,True
val/videos/2017-09-25_16-03-38/2017-09-25_16-03-38.mp4-bee_id_2054-78345-1.png,0,0,False,False,True
val/videos/2017-09-25_16-03-38/2017-09-25_16-03-38.mp4-bee_id_2055-78510-1.png,0,1,False,False,True
val/videos/2017-09-25_16-03-38/2017-09-25_16-03-38.mp4-bee_id_2056-78570-1.png,0,2,False,False,True
val/videos/2017-09-25_16-03-38/2017-09-25_16-03-38.mp4-bee_id_2057-78630-1.png,0,1,False,False,True
val/videos/2017-09-25_16-03-38/2017-09-25_16-03-38.mp4-bee_id_2059-78795-1.png,0,0,False,False,True
val/videos/2017-09-25_16-03-38/2017-09-25_16-03-38.mp4-bee_id_2060-78825-1.png,0,0,False,False,True
val/videos/2017-09-25_16-03-38/2017-09-25_16-03-38.mp4-bee_id_2061-79095-1.png,0,1,False,False,True
val/videos/2017-09-25_16-03-38/2017-09-25_16-03-38.mp4-bee_id_2062-79155-1.png,0,0,False,False,True
val/videos/2017-09-25_16-03-38/2017-09-25_16-03-38.mp4-bee_id_2063-79200-1.png,0,1,False,False,True
val/videos/2017-09-25_16-03-38/2017-09-25_16-03-38.mp4-bee_id_2064-79230-1.png,0,1,False,False,True
val/videos/2017-09-25_16-03-38/2017-09-25_16-03-38.mp4-bee_id_2065-79245-1.png,0,0,False,False,True
val/videos/2017-09-25_16-03-38/2017-09-25_16-03-38.mp4-bee_id_2066-79275-1.png,0,1,False,False,True
val/videos/2017-09-25_16-03-38/2017-09-25_16-03-38.mp4-bee_id_2067-79305-1.png,0,0,False,False,True
val/videos/2017-09-25_16-03-38/2017-09-25_16-03-38.mp4-bee_id_2068-79545-1.png,1,1,True,False,True
val/videos/2017-09-25_16-03-38/2017-09-25_16-03-38.mp4-bee_id_2069-79545-1.png,0,1,False,False,True
val/videos/2017-09-25_16-03-38/2017-09-25_16-03-38.mp4-bee_id_2070-79545-1.png,0,0,False,False,True
val/videos/2017-09-25_16-03-38/2017-09-25_16-03-38.mp4-bee_id_2071-79680-1.png,0,1,False,False,True
val/videos/2017-09-25_16-03-38/2017-09-25_16-03-38.mp4-bee_id_2072-79800-1.png,0,1,False,False,True
val/videos/2017-09-25_16-03-38/2017-09-25_16-03-38.mp4-bee_id_2073-79800-1.png,0,0,False,False,True
val/videos/2017-09-25_16-03-38/2017-09-25_16-03-38.mp4-bee_id_2074-80040-1.png,0,0,False,False,True
val/videos/2017-09-25_16-03-38/2017-09-25_16-03-38.mp4-bee_id_2075-80115-1.png,0,1,False,False,True
val/videos/2017-09-25_16-03-38/2017-09-25_16-03-38.mp4-bee_id_2076-80190-1.png,0,0,False,False,True
val/videos/2017-09-25_16-03-38/2017-09-25_16-03-38.mp4-bee_id_2077-80220-1.png,0,0,False,False,True
val/videos/2017-09-25_16-03-38/2017-09-25_16-03-38.mp4-bee_id_2078-80370-1.png,0,0,False,False,True
val/videos/2017-09-25_16-03-38/2017-09-25_16-03-38.mp4-bee_id_2081-80385-1.png,0,0,False,False,True
val/videos/2017-09-25_16-03-38/2017-09-25_16-03-38.mp4-bee_id_2083-80400-1.png,0,1,False,False,True
val/videos/2017-09-25_16-03-38/2017-09-25_16-03-38.mp4-bee_id_2084-80445-1.png,0,0,False,False,True
val/videos/2017-09-25_16-03-38/2017-09-25_16-03-38.mp4-bee_id_2085-80460-1.png,0,1,False,False,True
val/videos/2017-09-25_16-03-38/2017-09-25_16-03-38.mp4-bee_id_2086-80535-1.png,0,0,False,False,True
val/videos/2017-09-25_16-03-38/2017-09-25_16-03-38.mp4-bee_id_2087-80685-1.png,0,1,False,False,True
val/videos/2017-09-25_16-03-38/2017-09-25_16-03-38.mp4-bee_id_2088-80700-1.png,0,0,False,False,True
val/videos/2017-09-25_16-03-38/2017-09-25_16-03-38.mp4-bee_id_2089-80730-1.png,0,2,False,False,True
val/videos/2017-09-25_16-03-38/2017-09-25_16-03-38.mp4-bee_id_2090-80745-1.png,0,0,False,False,True
val/videos/2017-09-25_16-03-38/2017-09-25_16-03-38.mp4-bee_id_2091-80835-1.png,0,0,False,False,True
val/videos/2017-09-25_16-03-38/2017-09-25_16-03-38.mp4-bee_id_2092-80835-1.png,0,1,False,False,True
val/videos/2017-09-25_16-03-38/2017-09-25_16-03-38.mp4-bee_id_2093-80895-1.png,0,0,False,False,True
val/videos/2017-09-25_16-03-38/2017-09-25_16-03-38.mp4-bee_id_2094-80910-1.png,0,0,False,False,True
val/videos/2017-09-25_16-03-38/2017-09-25_16-03-38.mp4-bee_id_2095-80925-1.png,0,0,False,False,True
val/videos/2017-09-25_16-03-38/2017-09-25_16-03-38.mp4-bee_id_2096-81180-1.png,0,2,False,False,True
val/videos/2017-09-25_16-03-38/2017-09-25_16-03-38.mp4-bee_id_2097-81180-1.png,1,0,True,False,True
val/videos/2017-09-25_16-03-38/2017-09-25_16-03-38.mp4-bee_id_2098-81210-1.png,0,0,False,False,True
val/videos/2017-09-25_16-03-38/2017-09-25_16-03-38.mp4-bee_id_2099-81225-1.png,0,0,False,False,True
val/videos/2017-09-25_16-03-38/2017-09-25_16-03-38.mp4-bee_id_2100-81240-1.png,0,0,False,False,True
val/videos/2017-09-25_16-03-38/2017-09-25_16-03-38.mp4-bee_id_2102-81705-1.png,0,0,False,False,True
val/videos/2017-09-25_16-03-38/2017-09-25_16-03-38.mp4-bee_id_2103-81735-1.png,0,0,False,False,True
val/videos/2017-09-25_16-03-38/2017-09-25_16-03-38.mp4-bee_id_2104-81735-1.png,0,1,False,False,True
val/videos/2017-09-25_16-03-38/2017-09-25_16-03-38.mp4-bee_id_2105-81825-1.png,0,0,False,False,True
val/videos/2017-09-25_16-03-38/2017-09-25_16-03-38.mp4-bee_id_2106-81885-1.png,0,1,False,False,True
val/videos/2017-09-25_16-03-38/2017-09-25_16-03-38.mp4-bee_id_2107-82050-1.png,0,0,False,False,True
val/videos/2017-09-25_16-03-38/2017-09-25_16-03-38.mp4-bee_id_2108-82095-1.png,0,1,False,False,True
val/videos/2017-09-25_16-03-38/2017-09-25_16-03-38.mp4-bee_id_2109-82200-1.png,0,0,False,False,True
val/videos/2017-09-25_16-03-38/2017-09-25_16-03-38.mp4-bee_id_2111-82290-1.png,0,0,False,False,True
val/videos/2017-09-25_16-03-38/2017-09-25_16-03-38.mp4-bee_id_2113-82305-1.png,0,1,False,False,True
val/videos/2017-09-25_16-03-38/2017-09-25_16-03-38.mp4-bee_id_2115-82395-1.png,0,0,False,False,True
val/videos/2017-09-25_16-03-38/2017-09-25_16-03-38.mp4-bee_id_2116-82560-1.png,0,0,False,False,True
val/videos/2017-09-25_16-03-38/2017-09-25_16-03-38.mp4-bee_id_2117-82575-1.png,0,0,False,False,True
val/videos/2017-09-25_16-03-38/2017-09-25_16-03-38.mp4-bee_id_2118-82605-1.png,0,1,False,False,True
val/videos/2017-09-25_16-03-38/2017-09-25_16-03-38.mp4-bee_id_2119-82650-1.png,0,1,False,False,True
val/videos/2017-09-25_16-03-38/2017-09-25_16-03-38.mp4-bee_id_2120-82650-1.png,0,0,False,False,True
val/videos/2017-09-25_16-03-38/2017-09-25_16-03-38.mp4-bee_id_2121-82740-1.png,1,2,True,True,True
val/videos/2017-09-25_16-03-38/2017-09-25_16-03-38.mp4-bee_id_2122-83085-1.png,0,0,False,False,True
val/videos/2017-09-25_16-03-38/2017-09-25_16-03-38.mp4-bee_id_2123-83115-1.png,0,3,False,False,True
val/videos/2017-09-25_16-03-38/2017-09-25_16-03-38.mp4-bee_id_2124-83130-1.png,0,2,False,False,True
val/videos/2017-09-25_16-03-38/2017-09-25_16-03-38.mp4-bee_id_2125-83205-1.png,1,1,True,True,True
val/videos/2017-09-25_16-03-38/2017-09-25_16-03-38.mp4-bee_id_2126-83220-1.png,0,2,False,False,True
val/videos/2017-09-25_16-03-38/2017-09-25_16-03-38.mp4-bee_id_2127-83250-1.png,0,2,False,False,True
val/videos/2017-09-25_16-03-38/2017-09-25_16-03-38.mp4-bee_id_2128-83355-1.png,0,0,False,False,True
val/videos/2017-09-25_16-03-38/2017-09-25_16-03-38.mp4-bee_id_2129-83460-1.png,0,1,False,False,True
val/videos/2017-09-25_16-03-38/2017-09-25_16-03-38.mp4-bee_id_2130-83490-1.png,0,0,False,False,True
val/videos/2017-09-25_16-03-38/2017-09-25_16-03-38.mp4-bee_id_2132-83565-1.png,0,1,False,False,True
val/videos/2017-09-25_16-03-38/2017-09-25_16-03-38.mp4-bee_id_2133-83640-1.png,0,2,False,False,True
val/videos/2017-09-25_16-03-38/2017-09-25_16-03-38.mp4-bee_id_2135-83820-1.png,0,1,False,False,True
val/videos/2017-09-25_16-03-38/2017-09-25_16-03-38.mp4-bee_id_2136-83835-1.png,0,0,False,False,True
val/videos/2017-09-25_16-03-38/2017-09-25_16-03-38.mp4-bee_id_2137-83955-1.png,0,0,False,False,True
val/videos/2017-09-25_16-03-38/2017-09-25_16-03-38.mp4-bee_id_2138-83955-1.png,0,0,False,False,True
val/videos/2017-09-25_16-03-38/2017-09-25_16-03-38.mp4-bee_id_2139-83955-1.png,0,1,False,False,True
val/videos/2017-09-25_16-03-38/2017-09-25_16-03-38.mp4-bee_id_2141-84015-1.png,0,0,False,False,True
val/videos/2017-09-25_16-03-38/2017-09-25_16-03-38.mp4-bee_id_2142-84150-1.png,0,0,False,False,True
val/videos/2017-09-25_16-03-38/2017-09-25_16-03-38.mp4-bee_id_2143-84240-1.png,0,2,False,False,True
val/videos/2017-09-25_16-03-38/2017-09-25_16-03-38.mp4-bee_id_2144-84285-1.png,0,0,False,False,True
val/videos/2017-09-25_16-03-38/2017-09-25_16-03-38.mp4-bee_id_2145-84315-1.png,0,0,False,False,True
val/videos/2017-09-25_16-03-38/2017-09-25_16-03-38.mp4-bee_id_2146-84330-1.png,0,0,False,False,True
val/videos/2017-09-25_16-03-38/2017-09-25_16-03-38.mp4-bee_id_2147-84435-1.png,0,2,False,False,True
val/videos/2017-09-25_16-03-38/2017-09-25_16-03-38.mp4-bee_id_2149-84675-1.png,0,0,False,False,True
val/videos/2017-09-25_16-03-38/2017-09-25_16-03-38.mp4-bee_id_2150-84705-1.png,0,0,False,False,True
val/videos/2017-09-25_16-03-38/2017-09-25_16-03-38.mp4-bee_id_2151-84735-1.png,0,0,False,False,True
val/videos/2017-09-25_16-03-38/2017-09-25_16-03-38.mp4-bee_id_2152-84765-1.png,0,0,False,False,True
val/videos/2017-09-25_16-03-38/2017-09-25_16-03-38.mp4-bee_id_2153-84795-1.png,0,0,False,False,True
val/videos/2017-09-25_16-03-38/2017-09-25_16-03-38.mp4-bee_id_2154-84825-1.png,0,0,False,False,True
val/videos/2017-09-25_16-03-38/2017-09-25_16-03-38.mp4-bee_id_2155-84840-1.png,0,0,False,False,True
val/videos/2017-09-25_16-03-38/2017-09-25_16-03-38.mp4-bee_id_2156-84870-1.png,0,2,False,False,True
val/videos/2017-09-25_16-03-38/2017-09-25_16-03-38.mp4-bee_id_2157-84900-1.png,0,0,False,False,True
val/videos/2017-09-25_16-03-38/2017-09-25_16-03-38.mp4-bee_id_2158-84945-1.png,1,1,True,True,True
val/videos/2017-09-25_16-03-38/2017-09-25_16-03-38.mp4-bee_id_2159-84990-1.png,0,0,False,False,True
val/videos/2017-09-25_16-03-38/2017-09-25_16-03-38.mp4-bee_id_2160-85095-1.png,0,0,False,False,True
val/videos/2017-09-25_16-03-38/2017-09-25_16-03-38.mp4-bee_id_2161-85170-1.png,0,0,False,False,True
val/videos/2017-09-25_16-03-38/2017-09-25_16-03-38.mp4-bee_id_2162-85215-1.png,0,0,False,False,True
val/videos/2017-09-25_16-03-38/2017-09-25_16-03-38.mp4-bee_id_2163-85245-1.png,0,2,False,False,True
val/videos/2017-09-25_16-03-38/2017-09-25_16-03-38.mp4-bee_id_2164-85275-1.png,0,0,False,False,True
val/videos/2017-09-25_16-03-38/2017-09-25_16-03-38.mp4-bee_id_2165-85470-1.png,1,0,True,False,True
val/videos/2017-09-25_16-03-38/2017-09-25_16-03-38.mp4-bee_id_2166-85500-1.png,0,1,False,False,True
val/videos/2017-09-25_16-03-38/2017-09-25_16-03-38.mp4-bee_id_2167-85590-1.png,0,1,False,False,True
val/videos/2017-09-25_16-03-38/2017-09-25_16-03-38.mp4-bee_id_2168-85815-1.png,0,0,False,False,True
val/videos/2017-09-25_16-03-38/2017-09-25_16-03-38.mp4-bee_id_2169-85935-1.png,0,0,False,False,True
val/videos/2017-09-25_16-03-38/2017-09-25_16-03-38.mp4-bee_id_2170-85950-1.png,0,0,False,False,True
val/videos/2017-09-25_16-03-38/2017-09-25_16-03-38.mp4-bee_id_2171-86040-1.png,0,1,False,False,True
val/videos/2017-09-25_16-03-38/2017-09-25_16-03-38.mp4-bee_id_2172-86040-1.png,0,0,False,False,True
val/videos/2017-09-25_16-03-38/2017-09-25_16-03-38.mp4-bee_id_2173-86055-1.png,0,0,False,False,True
val/videos/2017-09-25_16-03-38/2017-09-25_16-03-38.mp4-bee_id_2174-86085-1.png,0,0,False,False,True
val/videos/2017-09-25_16-03-38/2017-09-25_16-03-38.mp4-bee_id_2175-86100-1.png,0,1,False,False,True
val/videos/2017-09-25_16-03-38/2017-09-25_16-03-38.mp4-bee_id_2176-86115-1.png,0,0,False,False,True
val/videos/2017-09-25_16-03-38/2017-09-25_16-03-38.mp4-bee_id_2177-86220-1.png,0,2,False,False,True
val/videos/2017-09-25_16-03-38/2017-09-25_16-03-38.mp4-bee_id_2178-86265-1.png,1,0,True,False,True
val/videos/2017-09-25_16-03-38/2017-09-25_16-03-38.mp4-bee_id_2179-86280-1.png,0,2,False,False,True
val/videos/2017-09-25_16-03-38/2017-09-25_16-03-38.mp4-bee_id_2180-86355-1.png,1,0,True,False,True
val/videos/2017-09-25_16-03-38/2017-09-25_16-03-38.mp4-bee_id_2181-86745-1.png,0,0,False,False,True
val/videos/2017-09-25_16-03-38/2017-09-25_16-03-38.mp4-bee_id_2182-86790-1.png,0,1,False,False,True
val/videos/2017-09-25_16-03-38/2017-09-25_16-03-38.mp4-bee_id_2183-87015-1.png,0,2,False,False,True
val/videos/2017-09-25_16-03-38/2017-09-25_16-03-38.mp4-bee_id_2184-87150-1.png,0,1,False,False,True
val/videos/2017-09-25_16-03-38/2017-09-25_16-03-38.mp4-bee_id_2185-87300-1.png,1,1,True,False,True
val/videos/2017-09-25_16-03-38/2017-09-25_16-03-38.mp4-bee_id_2187-87315-1.png,0,0,False,False,True
val/videos/2017-09-25_16-03-38/2017-09-25_16-03-38.mp4-bee_id_2188-87360-1.png,0,0,False,False,True
val/videos/2017-09-25_16-03-38/2017-09-25_16-03-38.mp4-bee_id_2189-87390-1.png,1,1,True,False,True
val/videos/2017-09-25_16-03-38/2017-09-25_16-03-38.mp4-bee_id_2191-87525-1.png,1,1,True,False,True
val/videos/2017-09-25_16-03-38/2017-09-25_16-03-38.mp4-bee_id_2192-87675-1.png,0,2,False,False,True
val/videos/2017-09-25_16-03-38/2017-09-25_16-03-38.mp4-bee_id_2193-87675-1.png,0,0,False,False,True
val/videos/2017-09-25_16-03-38/2017-09-25_16-03-38.mp4-bee_id_2194-87705-1.png,0,0,False,False,True
val/videos/2017-09-25_16-03-38/2017-09-25_16-03-38.mp4-bee_id_2195-87825-1.png,0,1,False,False,True
val/videos/2017-09-25_16-03-38/2017-09-25_16-03-38.mp4-bee_id_2196-87975-1.png,0,0,False,False,True
val/videos/2017-09-25_16-03-38/2017-09-25_16-03-38.mp4-bee_id_2200-88290-1.png,0,1,False,False,True
val/videos/2017-09-25_16-03-38/2017-09-25_16-03-38.mp4-bee_id_2201-88320-1.png,0,0,False,False,True
val/videos/2017-09-25_16-03-38/2017-09-25_16-03-38.mp4-bee_id_2202-88350-1.png,0,0,False,False,True
val/videos/2017-09-25_16-03-38/2017-09-25_16-03-38.mp4-bee_id_2203-88380-1.png,0,0,False,False,True
val/videos/2017-09-25_16-03-38/2017-09-25_16-03-38.mp4-bee_id_2204-88440-1.png,0,0,False,False,True
val/videos/2017-09-25_16-03-38/2017-09-25_16-03-38.mp4-bee_id_2205-88455-1.png,0,0,False,False,True
val/videos/2017-09-25_16-03-38/2017-09-25_16-03-38.mp4-bee_id_2208-88860-1.png,0,0,False,False,True
val/videos/2017-09-25_16-03-38/2017-09-25_16-03-38.mp4-bee_id_2209-89010-1.png,0,0,False,False,True
val/videos/2017-09-25_16-03-38/2017-09-25_16-03-38.mp4-bee_id_2211-89025-1.png,0,1,False,False,True
val/videos/2017-09-25_16-03-38/2017-09-25_16-03-38.mp4-bee_id_2213-89100-1.png,0,0,False,False,True
val/videos/2017-09-25_16-03-38/2017-09-25_16-03-38.mp4-bee_id_2214-89130-1.png,0,1,False,False,True
val/videos/2017-09-25_16-03-38/2017-09-25_16-03-38.mp4-bee_id_2215-89160-1.png,0,1,False,False,True
val/videos/2017-09-25_16-03-38/2017-09-25_16-03-38.mp4-bee_id_2217-89220-1.png,0,0,False,False,True
val/videos/2017-09-25_16-03-38/2017-09-25_16-03-38.mp4-bee_id_2221-89280-1.png,1,1,True,True,True
val/videos/2017-09-25_16-03-38/2017-09-25_16-03-38.mp4-bee_id_2222-89385-1.png,0,0,False,False,True
val/videos/2017-09-25_16-03-38/2017-09-25_16-03-38.mp4-bee_id_2223-89400-1.png,0,0,False,False,True
val/videos/2017-09-25_16-03-38/2017-09-25_16-03-38.mp4-bee_id_2224-89460-1.png,0,0,False,False,True
val/videos/2017-09-25_16-03-38/2017-09-25_16-03-38.mp4-bee_id_2225-89475-1.png,0,2,False,False,True
val/videos/2017-09-25_16-03-38/2017-09-25_16-03-38.mp4-bee_id_2226-89490-1.png,0,0,False,False,True
val/videos/2017-09-25_16-03-38/2017-09-25_16-03-38.mp4-bee_id_2227-89610-1.png,0,1,False,False,True
val/videos/2017-09-25_16-03-38/2017-09-25_16-03-38.mp4-bee_id_2228-89640-1.png,0,0,False,False,True
val/videos/2017-09-25_16-03-38/2017-09-25_16-03-38.mp4-bee_id_2229-89640-1.png,0,1,False,False,True
val/videos/2017-09-25_16-03-38/2017-09-25_16-03-38.mp4-bee_id_2230-89670-1.png,0,1,False,False,True
val/videos/2017-09-25_16-03-38/2017-09-25_16-03-38.mp4-bee_id_2231-89730-1.png,0,0,False,False,True
val/videos/2017-09-25_16-03-38/2017-09-25_16-03-38.mp4-bee_id_2232-89760-1.png,1,0,True,False,True
val/videos/2017-09-25_16-03-38/2017-09-25_16-03-38.mp4-bee_id_2233-89760-1.png,0,1,False,False,True
val/videos/2017-09-25_16-03-38/2017-09-25_16-03-38.mp4-bee_id_2234-89820-1.png,0,1,False,False,True
val/videos/2017-09-25_16-03-38/2017-09-25_16-03-38.mp4-bee_id_2235-89835-1.png,0,0,False,False,True
val/videos/2017-09-25_16-03-38/2017-09-25_16-03-38.mp4-bee_id_2236-89835-1.png,0,0,False,False,True
val/videos/2017-09-25_16-03-38/2017-09-25_16-03-38.mp4-bee_id_2237-89850-1.png,0,1,False,False,True
val/videos/2017-09-25_16-03-38/2017-09-25_16-03-38.mp4-bee_id_2238-89910-1.png,0,0,False,False,True
val/videos/2017-09-29_15-31-49/2017-09-29_15-31-49.mp4-bee_id_1-15-1.png,0,0,False,False,True
val/videos/2017-09-29_15-31-49/2017-09-29_15-31-49.mp4-bee_id_100-2520-1.png,0,0,False,False,True
val/videos/2017-09-29_15-31-49/2017-09-29_15-31-49.mp4-bee_id_101-2520-1.png,0,0,False,False,True
val/videos/2017-09-29_15-31-49/2017-09-29_15-31-49.mp4-bee_id_103-2640-1.png,1,1,True,False,True
val/videos/2017-09-29_15-31-49/2017-09-29_15-31-49.mp4-bee_id_104-2700-1.png,0,0,False,False,True
val/videos/2017-09-29_15-31-49/2017-09-29_15-31-49.mp4-bee_id_107-2760-1.png,0,2,False,False,True
val/videos/2017-09-29_15-31-49/2017-09-29_15-31-49.mp4-bee_id_108-2775-1.png,1,0,True,False,True
val/videos/2017-09-29_15-31-49/2017-09-29_15-31-49.mp4-bee_id_11-225-1.png,0,0,False,False,True
val/videos/2017-09-29_15-31-49/2017-09-29_15-31-49.mp4-bee_id_110-2820-1.png,0,0,False,False,True
val/videos/2017-09-29_15-31-49/2017-09-29_15-31-49.mp4-bee_id_111-2835-1.png,0,0,False,False,True
val/videos/2017-09-29_15-31-49/2017-09-29_15-31-49.mp4-bee_id_112-2850-1.png,0,0,False,False,True
val/videos/2017-09-29_15-31-49/2017-09-29_15-31-49.mp4-bee_id_113-2865-1.png,0,0,False,False,True
val/videos/2017-09-29_15-31-49/2017-09-29_15-31-49.mp4-bee_id_114-2925-1.png,0,0,False,False,True
val/videos/2017-09-29_15-31-49/2017-09-29_15-31-49.mp4-bee_id_116-2940-1.png,0,1,False,False,True
val/videos/2017-09-29_15-31-49/2017-09-29_15-31-49.mp4-bee_id_119-3045-1.png,0,0,False,False,True
val/videos/2017-09-29_15-31-49/2017-09-29_15-31-49.mp4-bee_id_120-3075-1.png,0,0,False,False,True
val/videos/2017-09-29_15-31-49/2017-09-29_15-31-49.mp4-bee_id_121-3105-1.png,0,0,False,False,True
val/videos/2017-09-29_15-31-49/2017-09-29_15-31-49.mp4-bee_id_122-3105-1.png,0,0,False,False,True
val/videos/2017-09-29_15-31-49/2017-09-29_15-31-49.mp4-bee_id_123-3135-1.png,0,1,False,False,True
val/videos/2017-09-29_15-31-49/2017-09-29_15-31-49.mp4-bee_id_124-3150-1.png,0,0,False,False,True
val/videos/2017-09-29_15-31-49/2017-09-29_15-31-49.mp4-bee_id_126-3210-1.png,1,0,True,False,True
val/videos/2017-09-29_15-31-49/2017-09-29_15-31-49.mp4-bee_id_127-3210-1.png,0,2,False,False,True
val/videos/2017-09-29_15-31-49/2017-09-29_15-31-49.mp4-bee_id_128-3225-1.png,0,0,False,False,True
val/videos/2017-09-29_15-31-49/2017-09-29_15-31-49.mp4-bee_id_13-240-1.png,0,0,False,False,True
val/videos/2017-09-29_15-31-49/2017-09-29_15-31-49.mp4-bee_id_131-3270-1.png,0,0,False,False,True
val/videos/2017-09-29_15-31-49/2017-09-29_15-31-49.mp4-bee_id_132-3270-1.png,0,1,False,False,True
val/videos/2017-09-29_15-31-49/2017-09-29_15-31-49.mp4-bee_id_133-3285-1.png,0,0,False,False,True
val/videos/2017-09-29_15-31-49/2017-09-29_15-31-49.mp4-bee_id_134-3315-1.png,0,1,False,False,True
val/videos/2017-09-29_15-31-49/2017-09-29_15-31-49.mp4-bee_id_135-3330-1.png,0,1,False,False,True
val/videos/2017-09-29_15-31-49/2017-09-29_15-31-49.mp4-bee_id_138-3405-1.png,0,0,False,False,True
val/videos/2017-09-29_15-31-49/2017-09-29_15-31-49.mp4-bee_id_139-3420-1.png,0,0,False,False,True
val/videos/2017-09-29_15-31-49/2017-09-29_15-31-49.mp4-bee_id_14-255-1.png,0,2,False,False,True
val/videos/2017-09-29_15-31-49/2017-09-29_15-31-49.mp4-bee_id_140-3570-1.png,0,1,False,False,True
val/videos/2017-09-29_15-31-49/2017-09-29_15-31-49.mp4-bee_id_142-3630-1.png,0,1,False,False,True
val/videos/2017-09-29_15-31-49/2017-09-29_15-31-49.mp4-bee_id_143-3645-1.png,0,2,False,False,True
val/videos/2017-09-29_15-31-49/2017-09-29_15-31-49.mp4-bee_id_145-3690-1.png,0,0,False,False,True
val/videos/2017-09-29_15-31-49/2017-09-29_15-31-49.mp4-bee_id_146-3690-1.png,0,0,False,False,True
val/videos/2017-09-29_15-31-49/2017-09-29_15-31-49.mp4-bee_id_147-3735-1.png,1,1,True,True,True
val/videos/2017-09-29_15-31-49/2017-09-29_15-31-49.mp4-bee_id_15-300-1.png,0,0,False,False,True
val/videos/2017-09-29_15-31-49/2017-09-29_15-31-49.mp4-bee_id_150-3840-1.png,0,0,False,False,True
val/videos/2017-09-29_15-31-49/2017-09-29_15-31-49.mp4-bee_id_151-3870-1.png,0,1,False,False,True
val/videos/2017-09-29_15-31-49/2017-09-29_15-31-49.mp4-bee_id_152-3885-1.png,1,1,True,True,True
val/videos/2017-09-29_15-31-49/2017-09-29_15-31-49.mp4-bee_id_153-3900-1.png,0,2,False,False,True
val/videos/2017-09-29_15-31-49/2017-09-29_15-31-49.mp4-bee_id_154-3915-1.png,0,2,False,False,True
val/videos/2017-09-29_15-31-49/2017-09-29_15-31-49.mp4-bee_id_159-4095-1.png,0,0,False,False,True
val/videos/2017-09-29_15-31-49/2017-09-29_15-31-49.mp4-bee_id_16-300-1.png,0,0,False,False,True
val/videos/2017-09-29_15-31-49/2017-09-29_15-31-49.mp4-bee_id_160-4140-1.png,1,1,True,True,True
val/videos/2017-09-29_15-31-49/2017-09-29_15-31-49.mp4-bee_id_161-4155-1.png,0,1,False,False,True
val/videos/2017-09-29_15-31-49/2017-09-29_15-31-49.mp4-bee_id_162-4275-1.png,0,0,False,False,True
val/videos/2017-09-29_15-31-49/2017-09-29_15-31-49.mp4-bee_id_163-4290-1.png,0,0,False,False,True
val/videos/2017-09-29_15-31-49/2017-09-29_15-31-49.mp4-bee_id_167-4425-1.png,1,1,True,True,True
val/videos/2017-09-29_15-31-49/2017-09-29_15-31-49.mp4-bee_id_170-4485-1.png,0,0,False,False,True
val/videos/2017-09-29_15-31-49/2017-09-29_15-31-49.mp4-bee_id_172-4515-1.png,0,1,False,False,True
val/videos/2017-09-29_15-31-49/2017-09-29_15-31-49.mp4-bee_id_173-4575-1.png,0,1,False,False,True
val/videos/2017-09-29_15-31-49/2017-09-29_15-31-49.mp4-bee_id_19-360-1.png,1,2,True,True,True
val/videos/2017-09-29_15-31-49/2017-09-29_15-31-49.mp4-bee_id_21-390-1.png,1,1,True,True,True
val/videos/2017-09-29_15-31-49/2017-09-29_15-31-49.mp4-bee_id_22-465-1.png,0,0,False,False,True
val/videos/2017-09-29_15-31-49/2017-09-29_15-31-49.mp4-bee_id_25-480-1.png,0,0,False,False,True
val/videos/2017-09-29_15-31-49/2017-09-29_15-31-49.mp4-bee_id_29-630-1.png,0,1,False,False,True
val/videos/2017-09-29_15-31-49/2017-09-29_15-31-49.mp4-bee_id_3-30-1.png,1,0,True,False,True
val/videos/2017-09-29_15-31-49/2017-09-29_15-31-49.mp4-bee_id_30-645-1.png,0,0,False,False,True
val/videos/2017-09-29_15-31-49/2017-09-29_15-31-49.mp4-bee_id_31-675-1.png,0,1,False,False,True
val/videos/2017-09-29_15-31-49/2017-09-29_15-31-49.mp4-bee_id_32-690-1.png,0,0,False,False,True
val/videos/2017-09-29_15-31-49/2017-09-29_15-31-49.mp4-bee_id_33-705-1.png,0,0,False,False,True
val/videos/2017-09-29_15-31-49/2017-09-29_15-31-49.mp4-bee_id_34-735-1.png,0,1,False,False,True
val/videos/2017-09-29_15-31-49/2017-09-29_15-31-49.mp4-bee_id_35-750-1.png,0,0,False,False,True
val/videos/2017-09-29_15-31-49/2017-09-29_15-31-49.mp4-bee_id_36-750-1.png,0,0,False,False,True
val/videos/2017-09-29_15-31-49/2017-09-29_15-31-49.mp4-bee_id_37-855-1.png,1,2,True,False,True
val/videos/2017-09-29_15-31-49/2017-09-29_15-31-49.mp4-bee_id_4-60-1.png,0,0,False,False,True
val/videos/2017-09-29_15-31-49/2017-09-29_15-31-49.mp4-bee_id_40-990-1.png,1,2,True,False,True
val/videos/2017-09-29_15-31-49/2017-09-29_15-31-49.mp4-bee_id_41-1065-1.png,0,1,False,False,True
val/videos/2017-09-29_15-31-49/2017-09-29_15-31-49.mp4-bee_id_42-1065-1.png,0,1,False,False,True
val/videos/2017-09-29_15-31-49/2017-09-29_15-31-49.mp4-bee_id_43-1155-1.png,0,0,False,False,True
val/videos/2017-09-29_15-31-49/2017-09-29_15-31-49.mp4-bee_id_44-1200-1.png,0,0,False,False,True
val/videos/2017-09-29_15-31-49/2017-09-29_15-31-49.mp4-bee_id_45-1215-1.png,0,0,False,False,True
val/videos/2017-09-29_15-31-49/2017-09-29_15-31-49.mp4-bee_id_47-1245-1.png,1,0,True,False,True
val/videos/2017-09-29_15-31-49/2017-09-29_15-31-49.mp4-bee_id_49-1305-1.png,0,1,False,False,True
val/videos/2017-09-29_15-31-49/2017-09-29_15-31-49.mp4-bee_id_5-60-1.png,0,2,False,False,True
val/videos/2017-09-29_15-31-49/2017-09-29_15-31-49.mp4-bee_id_53-1365-1.png,0,1,False,False,True
val/videos/2017-09-29_15-31-49/2017-09-29_15-31-49.mp4-bee_id_54-1425-1.png,1,2,True,True,True
val/videos/2017-09-29_15-31-49/2017-09-29_15-31-49.mp4-bee_id_55-1485-1.png,0,1,False,False,True
val/videos/2017-09-29_15-31-49/2017-09-29_15-31-49.mp4-bee_id_56-1500-1.png,0,0,False,False,True
val/videos/2017-09-29_15-31-49/2017-09-29_15-31-49.mp4-bee_id_59-1575-1.png,0,0,False,False,True
val/videos/2017-09-29_15-31-49/2017-09-29_15-31-49.mp4-bee_id_6-75-1.png,0,0,False,False,True
val/videos/2017-09-29_15-31-49/2017-09-29_15-31-49.mp4-bee_id_60-1635-1.png,0,1,False,False,True
val/videos/2017-09-29_15-31-49/2017-09-29_15-31-49.mp4-bee_id_62-1710-1.png,1,0,True,False,True
val/videos/2017-09-29_15-31-49/2017-09-29_15-31-49.mp4-bee_id_66-1755-1.png,0,0,False,False,True
val/videos/2017-09-29_15-31-49/2017-09-29_15-31-49.mp4-bee_id_67-1815-1.png,0,0,False,False,True
val/videos/2017-09-29_15-31-49/2017-09-29_15-31-49.mp4-bee_id_68-1830-1.png,0,2,False,False,True
val/videos/2017-09-29_15-31-49/2017-09-29_15-31-49.mp4-bee_id_69-1830-1.png,0,0,False,False,True
val/videos/2017-09-29_15-31-49/2017-09-29_15-31-49.mp4-bee_id_7-75-1.png,0,2,False,False,True
val/videos/2017-09-29_15-31-49/2017-09-29_15-31-49.mp4-bee_id_70-1860-1.png,0,0,False,False,True
val/videos/2017-09-29_15-31-49/2017-09-29_15-31-49.mp4-bee_id_71-1890-1.png,0,0,False,False,True
val/videos/2017-09-29_15-31-49/2017-09-29_15-31-49.mp4-bee_id_72-1905-1.png,0,0,False,False,True
val/videos/2017-09-29_15-31-49/2017-09-29_15-31-49.mp4-bee_id_73-1905-1.png,0,1,False,False,True
val/videos/2017-09-29_15-31-49/2017-09-29_15-31-49.mp4-bee_id_74-1935-1.png,0,1,False,False,True
val/videos/2017-09-29_15-31-49/2017-09-29_15-31-49.mp4-bee_id_75-1995-1.png,0,0,False,False,True
val/videos/2017-09-29_15-31-49/2017-09-29_15-31-49.mp4-bee_id_76-1995-1.png,0,1,False,False,True
val/videos/2017-09-29_15-31-49/2017-09-29_15-31-49.mp4-bee_id_77-2010-1.png,0,0,False,False,True
val/videos/2017-09-29_15-31-49/2017-09-29_15-31-49.mp4-bee_id_81-2085-1.png,0,0,False,False,True
val/videos/2017-09-29_15-31-49/2017-09-29_15-31-49.mp4-bee_id_82-2100-1.png,0,0,False,False,True
val/videos/2017-09-29_15-31-49/2017-09-29_15-31-49.mp4-bee_id_85-2205-1.png,0,0,False,False,True
val/videos/2017-09-29_15-31-49/2017-09-29_15-31-49.mp4-bee_id_87-2280-1.png,0,1,False,False,True
val/videos/2017-09-29_15-31-49/2017-09-29_15-31-49.mp4-bee_id_88-2295-1.png,0,0,False,False,True
val/videos/2017-09-29_15-31-49/2017-09-29_15-31-49.mp4-bee_id_89-2310-1.png,0,0,False,False,True
val/videos/2017-09-29_15-31-49/2017-09-29_15-31-49.mp4-bee_id_9-105-1.png,0,0,False,False,True
val/videos/2017-09-29_15-31-49/2017-09-29_15-31-49.mp4-bee_id_90-2310-1.png,0,0,False,False,True
val/videos/2017-09-29_15-31-49/2017-09-29_15-31-49.mp4-bee_id_91-2325-1.png,0,2,False,False,True
val/videos/2017-09-29_15-31-49/2017-09-29_15-31-49.mp4-bee_id_92-2340-1.png,0,0,False,False,True
val/videos/2017-09-29_15-31-49/2017-09-29_15-31-49.mp4-bee_id_93-2400-1.png,0,2,False,False,True
val/videos/2017-09-29_15-31-49/2017-09-29_15-31-49.mp4-bee_id_94-2400-1.png,0,0,False,False,True
val/videos/2017-09-29_15-31-49/2017-09-29_15-31-49.mp4-bee_id_96-2430-1.png,0,0,False,False,True
val/videos/2017-09-29_15-31-49/2017-09-29_15-31-49.mp4-bee_id_98-2475-1.png,0,0,False,False,True
